0	0	0	0	0	0	0	
1	0	0	0	0	0	0	
2	0	1.76958e-15	0	-2.14241e-18	2.33212e-39	5.56442e-21	
3	4.339e-35	6.71941e-14	-2.78939e-32	-8.30698e-17	-2.21533e-35	2.16855e-19	
4	-2.37405e-31	1.26702e-12	1.18823e-28	-1.60027e-15	-3.44312e-33	4.20099e-18	
5	5.12836e-30	1.5827e-11	1.5839e-26	-2.04319e-14	-1.98336e-31	5.39689e-17	
6	7.01933e-28	1.47416e-10	8.27128e-25	-1.94601e-13	-6.86548e-30	5.17514e-16	
7	2.48893e-26	1.09255e-09	2.47002e-23	-1.47542e-12	-1.50927e-28	3.95303e-15	
8	5.60389e-25	6.71442e-09	4.97901e-22	-9.2794e-12	-2.45229e-27	2.50664e-14	
9	8.98541e-24	3.52072e-08	7.42568e-21	-4.98124e-11	-3.10054e-26	1.35775e-13	
10	1.1111e-22	1.60843e-07	8.6849e-20	-2.33049e-10	-3.1877e-25	6.41543e-13	
11	1.10922e-21	6.5053e-07	8.29279e-19	-9.65578e-10	-2.7478e-24	2.68712e-12	
12	9.23604e-21	2.35887e-06	6.65722e-18	-3.58777e-09	-2.0338e-23	1.01045e-11	
13	6.5768e-20	7.74685e-06	4.59442e-17	-1.20773e-08	-1.31681e-22	3.44644e-11	
14	4.08051e-19	2.32357e-05	2.77403e-16	-3.71396e-08	-7.56672e-22	1.07529e-10	
15	2.2391e-18	6.40934e-05	1.48607e-15	-1.05062e-07	-3.90456e-21	3.09069e-10	
16	1.09999e-17	0.000163541	7.14529e-15	-2.74993e-07	-1.82716e-20	8.23322e-10	
17	4.88767e-17	0.000387921	3.11335e-14	-6.69285e-07	-7.81836e-20	2.04313e-09	
18	1.98118e-16	0.000858975	1.23933e-13	-1.52103e-06	-3.0809e-19	4.74416e-09	
19	7.37945e-16	0.00178192	4.53853e-13	-3.23935e-06	-1.12491e-18	1.03474e-08	
20	2.54174e-15	0.00347365	1.5382e-12	-6.48474e-06	-3.82606e-18	2.12702e-08	
21	8.13992e-15	0.00637947	4.85016e-12	-1.2234e-05	-1.21793e-17	4.13304e-08	
22	2.43542e-14	0.0110615	1.42935e-11	-2.17983e-05	-3.64365e-17	7.61131e-08	
23	6.83655e-14	0.01814	3.95305e-11	-3.67486e-05	-1.02828e-16	1.33154e-07	
24	1.8074e-13	0.0281748	1.02971e-10	-5.87007e-05	-2.74659e-16	2.21749e-07	
25	4.51553e-13	0.0414886	2.53463e-10	-8.89419e-05	-6.96471e-16	3.52209e-07	
26	1.0694e-12	0.0579599	5.91309e-10	-0.000127923	-1.68127e-15	5.34463e-07	
27	2.40755e-12	0.0768346	1.31099e-09	-0.000174714	-3.87343e-15	7.76068e-07	
28	5.16595e-12	0.0966262	2.76922e-09	-0.000226567	-8.53684e-15	1.07991e-06	
29	1.05905e-11	0.115164	5.58604e-09	-0.000278782	-1.8038e-14	1.44204e-06	
30	2.07905e-11	0.129821	1.07844e-08	-0.000324999	-3.66149e-14	1.85026e-06	
31	3.91688e-11	0.137897	1.99685e-08	-0.000357968	-7.15388e-14	2.28387e-06	
32	7.09646e-11	0.137076	3.55326e-08	-0.000370678	-1.34783e-13	2.7149e-06	
33	1.23892e-10	0.125836	6.08831e-08	-0.000357578	-2.45299e-13	3.11059e-06	
34	2.08831e-10	0.103686	1.00644e-07	-0.000315571	-4.31974e-13	3.43663e-06	
35	3.4051e-10	0.0711866	1.60818e-07	-0.000244473	-7.37259e-13	3.66048e-06	
36	5.38103e-10	0.029738	2.48858e-07	-0.000146837	-1.22142e-12	3.75399e-06	
37	8.25668e-10	-0.0187362	3.7364e-07	-2.72472e-05	-1.96723e-12	3.69507e-06	
38	1.23236e-09	-0.0720905	5.45305e-07	0.000108611	-3.08481e-12	3.46838e-06	
39	1.79234e-09	-0.128118	7.74982e-07	0.000254709	-4.7163e-12	3.06552e-06	
40	2.54443e-09	-0.184533	1.07439e-06	0.000404997	-7.03997e-12	2.48526e-06	
41	3.53133e-09	-0.238841	1.45531e-06	0.000553248	-1.02732e-11	1.73423e-06	
42	4.79856e-09	-0.288212	1.92896e-06	0.000692642	-1.4674e-11	8.2795e-07	
43	6.39287e-09	-0.329507	2.50523e-06	0.000815482	-2.05404e-11	-2.08178e-07	
44	8.36029e-09	-0.359498	3.19177e-06	0.000913355	-2.82074e-11	-1.33861e-06	
45	1.07436e-08	-0.375255	3.99296e-06	0.000977863	-3.80407e-11	-2.51859e-06	
46	1.35796e-08	-0.374553	4.90883e-06	0.00100173	-5.04276e-11	-3.69636e-06	
47	1.68957e-08	-0.356166	5.9339e-06	0.00097989	-6.57636e-11	-4.81631e-06	
48	2.07065e-08	-0.319934	7.0562e-06	0.000910153	-8.44354e-11	-5.82233e-06	
49	2.50106e-08	-0.266648	8.25641e-06	0.000793254	-1.06801e-10	-6.66077e-06	
50	2.97872e-08	-0.197835	9.50723e-06	0.000632389	-1.33164e-10	-7.28283e-06	
51	3.49933e-08	-0.115594	1.07732e-05	0.000432572	-1.63751e-10	-7.64627e-06	
52	4.05613e-08	-0.0225632	1.20104e-05	0.000200199	-1.9868e-10	-7.71715e-06	
53	4.63971e-08	0.0780103	1.31673e-05	-5.70096e-05	-2.3793e-10	-7.47176e-06	
54	5.23794e-08	0.182188	1.41851e-05	-0.000329769	-2.81319e-10	-6.89875e-06	
55	5.83594e-08	0.285386	1.49988e-05	-0.000607033	-3.2847e-10	-6.00118e-06	
56	6.41621e-08	0.382599	1.55393e-05	-0.000876174	-3.78796e-10	-4.79788e-06	
57	6.95889e-08	0.468792	1.57353e-05	-0.0011237	-4.31476e-10	-3.32346e-06	
58	7.44214e-08	0.539316	1.5516e-05	-0.00133637	-4.85447e-10	-1.62719e-06	
59	7.84272e-08	0.590236	1.48144e-05	-0.00150234	-5.39405e-10	2.29326e-07	
60	8.13662e-08	0.618483	1.35709e-05	-0.00161198	-5.91808e-10	2.17481e-06	
61	8.29986e-08	0.621875	1.17362e-05	-0.00165818	-6.40902e-10	4.13114e-06	
62	8.30935e-08	0.599096	9.27505e-06	-0.00163636	-6.84746e-10	6.01607e-06	
63	8.14382e-08	0.549733	6.16942e-06	-0.00154425	-7.2126e-10	7.74605e-06	
64	7.7848e-08	0.474414	2.42172e-06	-0.00138207	-7.48281e-10	9.2395e-06	
65	7.21766e-08	0.374983	-1.94249e-06	-0.00115279	-7.63627e-10	1.04207e-05	
66	6.43256e-08	0.254605	-6.87216e-06	-0.000862697	-7.65178e-10	1.12238e-05	
67	5.42542e-08	0.117705	-1.22893e-05	-0.000521534	-7.50959e-10	1.15969e-05	
68	4.19867e-08	-0.0302813	-1.80884e-05	-0.000142291	-7.1923e-10	1.15052e-05	
69	2.76192e-08	-0.18326	-2.41374e-05	0.000259578	-6.68585e-10	1.09332e-05	
70	1.13231e-08	-0.334836	-3.02791e-05	0.000667198	-5.98036e-10	9.88533e-06	
71	-6.65295e-09	-0.478577	-3.6335e-05	0.00106326	-5.07109e-10	8.38628e-06	
72	-2.59837e-08	-0.60819	-4.21085e-05	0.00143073	-3.95917e-10	6.48058e-06	
73	-4.62711e-08	-0.71766	-4.73906e-05	0.00175327	-2.65229e-10	4.23167e-06	
74	-6.70503e-08	-0.801457	-5.19654e-05	0.00201555	-1.16518e-10	1.72034e-06	
75	-8.77988e-08	-0.854828	-5.56175e-05	0.00220384	4.80126e-11	-9.57642e-07	
76	-1.0795e-07	-0.874166	-5.81396e-05	0.00230669	2.25423e-10	-3.6952e-06	
77	-1.26906e-07	-0.857324	-5.93413e-05	0.00231602	4.12058e-10	-6.37852e-06	
78	-1.44059e-07	-0.803816	-5.90578e-05	0.00222785	6.03602e-10	-8.89225e-06	
79	-1.58807e-07	-0.714836	-5.71582e-05	0.00204279	7.95152e-10	-1.11249e-05	
80	-1.70579e-07	-0.593164	-5.35529e-05	0.001766	9.81332e-10	-1.29735e-05	
81	-1.78848e-07	-0.443028	-4.82008e-05	0.0014068	1.15642e-09	-1.43488e-05	
82	-1.8316e-07	-0.269996	-4.11141e-05	0.000978217	1.31453e-09	-1.51788e-05	
83	-1.83146e-07	-0.080898	-3.23633e-05	0.000496628	1.44975e-09	-1.54131e-05	
84	-1.78547e-07	0.116303	-2.20793e-05	-1.85153e-05	1.55639e-09	-1.50263e-05	
85	-1.69227e-07	0.312776	-1.04549e-05	-0.000545083	1.62914e-09	-1.40209e-05	
86	-1.55184e-07	0.499279	2.25733e-06	-0.00105906	1.66331e-09	-1.24285e-05	
87	-1.36565e-07	0.66678	1.57489e-05	-0.00153589	1.65501e-09	-1.03092e-05	
88	-1.1366e-07	0.807128	2.96627e-05	-0.0019522	1.60139e-09	-7.74867e-06	
89	-8.69088e-08	0.913652	4.36014e-05	-0.00228765	1.50073e-09	-4.85359e-06	
90	-5.68927e-08	0.981576	5.71389e-05	-0.00252643	1.35265e-09	-1.7458e-06	
91	-2.43223e-08	1.00821	6.98325e-05	-0.00265821	1.15821e-09	1.44441e-06	
92	9.97631e-09	0.992928	8.1236e-05	-0.00267842	9.19923e-10	4.58477e-06	
93	4.50818e-08	0.937028	9.09148e-05	-0.00258788	6.41847e-10	7.54702e-06	
94	8.00021e-08	0.843446	9.84616e-05	-0.00239224	3.29508e-10	1.02121e-05	
95	1.13703e-07	0.716458	0.000103512	-0.0021011	-1.01674e-11	1.24746e-05	
96	1.4514e-07	0.561374	0.000105762	-0.00172723	-3.68988e-10	1.42454e-05	
97	1.73291e-07	0.38428	0.000104979	-0.00128585	-7.37681e-10	1.54549e-05	
98	1.97187e-07	0.191874	0.000101016	-0.000793994	-1.10612e-09	1.60544e-05	
99	2.15949e-07	-0.00860989	9.3822e-05	-0.00027018	-1.46361e-09	1.60181e-05	
100	2.28811e-07	-0.209451	8.34444e-05	0.000265798	-1.79918e-09	1.53445e-05	
101	2.35156e-07	-0.402573	7.00378e-05	0.000793083	-2.1019e-09	1.40575e-05	
102	2.34536e-07	-0.579837	5.38627e-05	0.00129021	-2.36127e-09	1.22068e-05	
103	2.26695e-07	-0.733529	3.52841e-05	0.00173599	-2.56752e-09	9.86648e-06	
104	2.11582e-07	-0.856949	1.47642e-05	0.00211088	-2.71197e-09	7.13162e-06	
105	1.89362e-07	-0.944926	-7.14763e-06	0.00239853	-2.78736e-09	4.11386e-06	
106	1.60413e-07	-0.994122	-2.98303e-05	0.00258702	-2.78812e-09	9.35428e-07	
107	1.25323e-07	-1.00302	-5.26089e-05	0.0026695	-2.71061e-09	-2.27656e-06	
108	8.48749e-08	-0.971735	-7.47745e-05	0.00264405	-2.55335e-09	-5.39513e-06	
109	4.00304e-08	-0.901697	-9.5606e-05	0.00251289	-2.31709e-09	-8.29773e-06	
110	-8.09428e-09	-0.795546	-0.000114392	0.00228169	-2.00492e-09	-1.08699e-05	
111	-5.82577e-08	-0.65713	-0.000130456	0.00195908	-1.62225e-09	-1.30092e-05	
112	-1.09128e-07	-0.49164	-0.000143178	0.00155681	-1.17672e-09	-1.46294e-05	
113	-1.59321e-07	-0.305646	-0.000152021	0.00109006	-6.78052e-10	-1.56648e-05	
114	-2.07443e-07	-0.106905	-0.000156554	0.000577479	-1.37817e-10	-1.60738e-05	
115	-2.52133e-07	0.0961019	-0.000156467	4.05887e-05	4.3084e-10	-1.58418e-05	
116	-2.92101e-07	0.294785	-0.000151591	-0.000497591	1.01356e-09	-1.49809e-05	
117	-3.26165e-07	0.48102	-0.000141901	-0.00101426	1.59513e-09	-1.35288e-05	
118	-3.53288e-07	0.647503	-0.000127528	-0.00148837	2.15998e-09	-1.15462e-05	
119	-3.72608e-07	0.787885	-0.000108756	-0.00190151	2.69252e-09	-9.11383e-06	
120	-3.83467e-07	0.896764	-8.60229e-05	-0.0022381	3.1777e-09	-6.32959e-06	
121	-3.85431e-07	0.969725	-5.99082e-05	-0.00248528	3.6014e-09	-3.3053e-06	
122	-3.78307e-07	1.00354	-3.1123e-05	-0.00263295	3.95084e-09	-1.63149e-07	
123	-3.62147e-07	0.996474	-4.88521e-07	-0.00267425	4.21503e-09	2.96902e-06	
124	-3.37245e-07	0.948613	3.10893e-05	-0.00260645	4.38506e-09	5.96337e-06	
125	-3.04131e-07	0.86197	6.26481e-05	-0.00243175	4.45441e-09	8.69816e-06	
126	-2.63552e-07	0.740347	9.31991e-05	-0.0021575	4.41917e-09	1.10633e-05	
127	-2.16453e-07	0.588981	0.000121758	-0.00179573	4.27817e-09	1.29648e-05	
128	-1.63955e-07	0.414127	0.000147376	-0.00136199	4.03307e-09	1.43282e-05	
129	-1.07321e-07	0.222736	0.000169171	-0.000874167	3.68831e-09	1.51004e-05	
130	-4.79221e-08	0.0222735	0.000186361	-0.000351584	3.25106e-09	1.52516e-05	
131	1.28009e-08	-0.179377	0.000198292	0.000185468	2.73101e-09	1.47763e-05	
132	7.33794e-08	-0.374079	0.000204468	0.000715931	2.14018e-09	1.36947e-05	
133	1.32356e-07	-0.553755	0.000204567	0.00121837	1.49258e-09	1.20518e-05	
134	1.88319e-07	-0.710851	0.000198459	0.00167184	8.03853e-10	9.91645e-06	
135	2.39941e-07	-0.838827	0.00018621	0.00205713	9.09102e-11	7.37767e-06	
136	2.86e-07	-0.932539	0.000168085	0.00235813	-6.28527e-10	4.54077e-06	
137	3.25419e-07	-0.988403	0.000144542	0.0025628	-1.33637e-09	1.52223e-06	
138	3.57284e-07	-1.00439	0.000116227	0.0026635	-2.0146e-09	-1.55502e-06	
139	3.80868e-07	-0.979947	8.3954e-05	0.00265687	-2.64577e-09	-4.5662e-06	
140	3.95647e-07	-0.915961	4.86844e-05	0.00254343	-3.21337e-09	-7.38916e-06	
141	4.01306e-07	-0.814804	1.14957e-05	0.00232745	-3.7023e-09	-9.90894e-06	
142	3.9774e-07	-0.680395	-2.64545e-05	0.002017	-4.0992e-09	-1.20226e-05	
143	3.85047e-07	-0.518162	-6.39667e-05	0.00162412	-4.39284e-09	-1.36439e-05	
144	3.6353e-07	-0.334831	-9.98382e-05	0.00116468	-4.57434e-09	-1.47075e-05	
145	3.33681e-07	-0.138041	-0.000132901	0.000657774	-4.63744e-09	-1.51712e-05	
146	2.96175e-07	0.0641106	-0.00016206	0.000124584	-4.57865e-09	-1.50183e-05	
147	2.51855e-07	0.263475	-0.000186327	-0.000412918	-4.39741e-09	-1.42568e-05	
148	2.01708e-07	0.452146	-0.000204862	-0.000933096	-4.09607e-09	-1.29194e-05	
149	1.46845e-07	0.62265	-0.000217001	-0.0014154	-3.67995e-09	-1.10615e-05	
150	8.84754e-08	0.768132	-0.000222285	-0.00184083	-3.15723e-09	-8.75974e-06	
151	2.78831e-08	0.882595	-0.000220479	-0.00219229	-2.53885e-09	-6.10915e-06	
152	-3.35939e-08	0.961226	-0.000211577	-0.00245524	-1.8383e-09	-3.21948e-06	
153	-9.45846e-08	1.00071	-0.000195805	-0.00261847	-1.07137e-09	-2.10607e-07	
154	-1.53708e-07	0.999448	-0.000173617	-0.00267498	-2.55909e-10	2.79287e-06	
155	-2.09598e-07	0.957632	-0.000145679	-0.00262249	5.88593e-10	5.66708e-06	
156	-2.60935e-07	0.877113	-0.000112858	-0.00246355	1.44134e-09	8.29407e-06	
157	-3.06468e-07	0.761231	-7.61908e-05	-0.00220509	2.28069e-09	1.05664e-05	
158	-3.45044e-07	0.614621	-3.68568e-05	-0.00185781	3.08463e-09	1.2391e-05	
159	-3.75629e-07	0.443082	3.86652e-06	-0.00143561	3.83127e-09	1.36929e-05	
160	-3.97326e-07	0.25344	4.46478e-05	-0.000955145	4.49937e-09	1.44183e-05	
161	-4.09399e-07	0.0533656	8.41473e-05	-0.000435497	5.06891e-09	1.4537e-05	
162	-4.11295e-07	-0.148932	0.00012106	0.000102329	5.52159e-09	1.40442e-05	
163	-4.02672e-07	-0.34511	0.000154159	0.000636231	5.84145e-09	1.29606e-05	
164	-3.83416e-07	-0.527136	0.00018233	0.00114413	6.0153e-09	1.13319e-05	
165	-3.53662e-07	-0.687664	0.000204616	0.00160519	6.03329e-09	9.22571e-06	
166	-3.13796e-07	-0.820307	0.000220249	0.00200081	5.88929e-09	6.72943e-06	
167	-2.64466e-07	-0.919807	0.000228683	0.00231533	5.58129e-09	3.94609e-06	
168	-2.06574e-07	-0.982165	0.000229616	0.00253637	5.11166e-09	9.90606e-07	
169	-1.41275e-07	-1.00478	0.000222995	0.00265509	4.48735e-09	-2.01459e-06	
170	-6.99681e-08	-0.986613	0.000209024	0.00266646	3.71994e-09	-4.94445e-06	
171	5.7193e-09	-0.928316	0.000188148	0.00256964	2.82554e-09	-7.67651e-06	
172	8.39616e-08	-0.832268	0.000161042	0.00236828	1.82463e-09	-1.00963e-05	
173	1.62774e-07	-0.702459	0.000128591	0.00207058	7.41668e-10	-1.21022e-05	
174	2.40062e-07	-0.544261	9.18671e-05	0.0016889	-3.95429e-10	-1.36098e-05	
175	3.13678e-07	-0.364132	5.20925e-05	0.00123908	-1.55593e-09	-1.45551e-05	
176	3.81477e-07	-0.16932	1.05975e-05	0.000739466	-2.70709e-09	-1.48969e-05	
177	4.41376e-07	0.0323834	-3.12284e-05	0.000210172	-3.81507e-09	-1.46185e-05	
178	4.91419e-07	0.232884	-7.19869e-05	-0.000327681	-4.84596e-09	-1.37282e-05	
179	5.2984e-07	0.424054	-0.000110319	-0.000852554	-5.76686e-09	-1.22595e-05	
180	5.55138e-07	0.598064	-0.00014495	-0.00134319	-6.547e-09	-1.02701e-05	
181	5.6614e-07	0.747759	-0.000174726	-0.00177945	-7.15887e-09	-7.83941e-06	
182	5.62067e-07	0.867025	-0.000198653	-0.00214335	-7.57933e-09	-5.06554e-06	
183	5.4257e-07	0.951061	-0.000215933	-0.00241999	-7.79052e-09	-2.06079e-06	
184	5.0777e-07	0.996553	-0.000225996	-0.00259824	-7.78084e-09	1.05297e-06	
185	4.58266e-07	1.00174	-0.000228522	-0.00267117	-7.54555e-09	4.14917e-06	
186	3.95146e-07	0.966408	-0.000223455	-0.00263609	-7.08727e-09	7.10153e-06	
187	3.19974e-07	0.891938	-0.000210997	-0.00249445	-6.41625e-09	9.78892e-06	
188	2.34767e-07	0.781253	-0.0001916	-0.0022518	-5.5503e-09	1.21003e-05	
189	1.4195e-07	0.63879	-0.000165945	-0.00191772	-4.51446e-09	1.39392e-05	
190	4.42918e-08	0.470348	-0.00013492	-0.00150556	-3.34043e-09	1.52283e-05	
191	-5.51884e-08	0.282836	-9.95973e-05	-0.00103211	-2.06564e-09	1.59125e-05	
192	-1.53316e-07	0.0839278	-6.11942e-05	-0.000516797	-7.32115e-10	1.5961e-05	
193	-2.46872e-07	-0.118296	-2.10351e-05	1.92453e-05	6.14935e-10	1.53692e-05	
194	-3.32698e-07	-0.315689	1.94995e-05	0.000554226	1.92869e-09	1.41578e-05	
195	-4.07813e-07	-0.500332	5.90269e-05	0.00106661	3.16243e-09	1.23728e-05	
196	-4.69519e-07	-0.664789	9.62124e-05	0.00153588	4.27133e-09	1.00831e-05	
197	-5.15513e-07	-0.802377	0.000129813	0.00194318	5.21426e-09	7.37855e-06	
198	-5.43997e-07	-0.907451	0.000158718	0.00227197	5.95547e-09	4.36609e-06	
199	-5.53757e-07	-0.975678	0.000181978	0.0025087	6.46617e-09	1.16579e-06	
200	-5.44238e-07	-1.00427	0.00019884	0.00264357	6.7259e-09	-2.09426e-06	
201	-5.15577e-07	-0.992117	0.000208775	0.00267102	6.72357e-09	-5.2833e-06	
202	-4.68609e-07	-0.939774	0.000211503	0.00259006	6.45813e-09	-8.27321e-06	
203	-4.04859e-07	-0.849415	0.000206999	0.00240421	5.93898e-09	-1.09437e-05	
204	-3.26498e-07	-0.724693	0.000195496	0.00212115	5.18579e-09	-1.31868e-05	
205	-2.36285e-07	-0.570603	0.000177468	0.00175236	4.22798e-09	-1.49115e-05	
206	-1.37483e-07	-0.393326	0.000153605	0.0013126	3.10377e-09	-1.60468e-05	
207	-3.37436e-08	-0.200022	0.000124785	0.000819486	1.85877e-09	-1.65455e-05	
208	7.10305e-08	0.00143881	9.20508e-05	0.000292927	5.44265e-10	-1.63856e-05	
209	1.72842e-07	0.202826	5.65732e-05	-0.00024564	-7.84834e-10	-1.55719e-05	
210	2.67758e-07	0.395928	1.9614e-05	-0.000774183	-2.07225e-09	-1.41355e-05	
211	3.52067e-07	0.57292	-1.75222e-05	-0.00127112	-3.26271e-09	-1.21326e-05	
212	4.22427e-07	0.72668	-5.35401e-05	-0.00171629	-4.30442e-09	-9.64195e-06	
213	4.75998e-07	0.851035	-8.72057e-05	-0.00209182	-5.15134e-09	-6.76183e-06	
214	5.10568e-07	0.94097	-0.00011739	-0.00238267	-5.76536e-09	-3.6063e-06	
215	5.24658e-07	0.992812	-0.000143103	-0.00257713	-6.11817e-09	-3.00651e-07	
216	5.17605e-07	1.0044	-0.000163524	-0.00266727	-6.19272e-09	3.02338e-06	
217	4.89606e-07	0.975214	-0.00017802	-0.00264923	-5.98427e-09	6.233e-06	
218	4.41724e-07	0.906439	-0.000186173	-0.00252361	-5.50081e-09	9.19981e-06	
219	3.75851e-07	0.800906	-0.000187798	-0.00229547	-4.76302e-09	1.18051e-05	
220	2.9463e-07	0.662946	-0.000182949	-0.00197419	-3.80363e-09	1.39447e-05	
221	2.01364e-07	0.498179	-0.000171921	-0.00157297	-2.66613e-09	1.55329e-05	
222	9.98808e-08	0.313259	-0.000155225	-0.00110818	-1.40306e-09	1.65062e-05	
223	-5.60367e-09	0.11563	-0.000133566	-0.000598593	-7.37314e-11	1.68252e-05	
224	-1.1066e-07	-0.0867448	-0.000107804	-6.47063e-05	1.25834e-09	1.64765e-05	
225	-2.10832e-07	-0.285666	-7.89276e-05	0.000471985	2.52834e-09	1.54737e-05	
226	-3.01833e-07	-0.473031	-4.80217e-05	0.000989752	3.67316e-09	1.38565e-05	
227	-3.79742e-07	-0.641196	-1.62313e-05	0.00146749	4.63441e-09	1.16891e-05	
228	-4.4118e-07	-0.783316	1.52793e-05	0.00188568	5.36133e-09	9.05837e-06	
229	-4.83455e-07	-0.893648	4.53749e-05	0.00222727	5.81341e-09	6.06925e-06	
230	-5.04681e-07	-0.967768	7.29987e-05	0.00247844	5.96255e-09	2.84109e-06	
231	-5.03865e-07	-1.00271	9.72143e-05	0.00262918	5.79478e-09	-4.9738e-07	
232	-4.80964e-07	-0.997075	0.000117236	0.0026735	5.31128e-09	-3.813e-06	
233	-4.36906e-07	-0.951046	0.00013245	0.00260964	4.5288e-09	-6.97344e-06	
234	-3.73569e-07	-0.866445	0.000142425	0.00244009	3.47922e-09	-9.85245e-06	
235	-2.93713e-07	-0.746672	0.000146927	0.00217157	2.20854e-09	-1.2335e-05	
236	-2.00862e-07	-0.596595	0.000145926	0.00181487	7.74997e-10	-1.43219e-05	
237	-9.91444e-08	-0.422341	0.000139607	0.00138449	-7.53306e-10	-1.57341e-05	
238	6.88389e-09	-0.231013	0.000128361	0.000897986	-2.30143e-09	-1.65158e-05	
239	1.12439e-07	-0.0303726	0.000112765	0.000375221	-3.791e-09	-1.66363e-05	
240	2.12709e-07	0.171477	9.35448e-05	-0.00016258	-5.14387e-09	-1.60914e-05	
241	3.03062e-07	0.366399	7.15441e-05	-0.000693701	-6.28591e-09	-1.49034e-05	
242	3.79255e-07	0.54652	4.76833e-05	-0.00119675	-7.1507e-09	-1.31205e-05	
243	4.37633e-07	0.70453	2.29307e-05	-0.00165144	-7.683e-09	-1.08143e-05	
244	4.75315e-07	0.833984	-1.72805e-06	-0.0020393	-7.84175e-09	-8.07795e-06	
245	4.90335e-07	0.929596	-2.5324e-05	-0.00234451	-7.60256e-09	-5.02152e-06	
246	4.81743e-07	0.987483	-4.6945e-05	-0.00255456	-6.95938e-09	-1.76801e-06	
247	4.49652e-07	1.00532	-6.57791e-05	-0.0026609	-5.92547e-09	1.55188e-06	
248	3.95235e-07	0.982438	-8.11528e-05	-0.0026593	-4.53339e-09	4.80506e-06	
249	3.20685e-07	0.919778	-9.25562e-05	-0.00254993	-2.83414e-09	7.86131e-06	
250	2.29139e-07	0.819876	-9.96544e-05	-0.00233733	-8.9532e-10	1.05984e-05	
251	1.24556e-07	0.686746	-0.000102289	-0.0020301	1.20145e-09	1.29071e-05	
252	1.15555e-08	0.525746	-0.000100478	-0.00164059	3.36394e-09	1.46951e-05	
253	-1.04783e-07	0.343392	-9.44111e-05	-0.00118447	5.49326e-09	1.58914e-05	
254	-2.19156e-07	0.147099	-8.44531e-05	-0.00068018	7.4883e-09	1.64486e-05	
255	-3.2628e-07	-0.05514	-7.11314e-05	-0.000148222	9.25035e-09	1.63454e-05	
256	-4.21133e-07	-0.255101	-5.51145e-05	0.00038972	1.06878e-08	1.55872e-05	
257	-4.99177e-07	-0.444687	-3.71754e-05	0.000911753	1.17207e-08	1.42055e-05	
258	-5.56557e-07	-0.616244	-1.8149e-05	0.00139672	1.22847e-08	1.22568e-05	
259	-5.90279e-07	-0.762856	1.10851e-06	0.00182507	1.23345e-08	9.82028e-06	
260	-5.98357e-07	-0.878589	1.97519e-05	0.00217954	1.1847e-08	6.99463e-06	
261	-5.79929e-07	-0.958735	3.69726e-05	0.00244582	1.08223e-08	3.89405e-06	
262	-5.35318e-07	-1.00001	5.20238e-05	0.00261305	9.28494e-09	6.43794e-07	
263	-4.66037e-07	-1.00071	6.42494e-05	0.00267434	7.28358e-09	-2.62494e-06	
264	-3.74728e-07	-0.96082	7.31185e-05	0.00262714	4.88915e-09	-5.78042e-06	
265	-2.65047e-07	-0.881981	7.82561e-05	0.00247334	2.19256e-09	-8.69575e-06	
266	-1.41507e-07	-0.767425	7.94638e-05	0.00221927	-6.98911e-10	-1.1254e-05	
267	-9.29228e-09	-0.621804	7.6723e-05	0.00187534	-3.66598e-09	-1.33528e-05	
268	1.25953e-07	-0.451005	7.0185e-05	0.00145553	-6.58236e-09	-1.49085e-05	
269	2.58357e-07	-0.261917	6.01548e-05	0.000976806	-9.32023e-09	-1.58592e-05	
270	3.8208e-07	-0.0621792	4.70769e-05	0.00045848	-1.17559e-08	-1.61676e-05	
271	4.91574e-07	0.140109	3.15238e-05	-7.85275e-05	-1.37754e-08	-1.58221e-05	
272	5.81849e-07	0.336721	1.41824e-05	-0.000612451	-1.52799e-08	-1.48379e-05	
273	6.48704e-07	0.519657	-4.1694e-06	-0.00112157	-1.61901e-08	-1.32559e-05	
274	6.88911e-07	0.681491	-2.26996e-05	-0.00158515	-1.64506e-08	-1.1141e-05	
275	7.00363e-07	0.815678	-4.05675e-05	-0.00198435	-1.60329e-08	-8.5796e-06	
276	6.82158e-07	0.916811	-5.69679e-05	-0.00230303	-1.49366e-08	-5.67591e-06	
277	6.34654e-07	0.980815	-7.11663e-05	-0.00252838	-1.31908e-08	-2.54767e-06	
278	5.59468e-07	1.00509	-8.2521e-05	-0.00265132	-1.08531e-08	6.7846e-07	
279	4.59437e-07	0.98864	-9.04987e-05	-0.0026669	-8.00762e-09	3.87197e-06	
280	3.38506e-07	0.93209	-9.4692e-05	-0.0025744	-4.76176e-09	6.90378e-06	
281	2.01563e-07	0.837725	-9.48406e-05	-0.00237748	-1.24221e-09	9.65147e-06	
282	5.42235e-08	0.709383	-9.08543e-05	-0.00208407	2.41035e-09	1.20044e-05	
283	-9.74183e-08	0.552297	-8.28268e-05	-0.00170611	6.0471e-09	1.3868e-05	
284	-2.47051e-07	0.372857	-7.10339e-05	-0.001259	9.51737e-09	1.51679e-05	
285	-3.88408e-07	0.178335	-5.59138e-05	-0.000760938	1.26751e-08	1.58525e-05	
286	-5.15519e-07	-0.0234063	-3.80389e-05	-0.000232125	1.53852e-08	1.58952e-05	
287	-6.22964e-07	-0.224219	-1.80869e-05	0.00030607	1.75295e-08	1.52951e-05	
288	-7.0611e-07	-0.415974	3.18108e-06	0.000831922	1.9012e-08	1.40775e-05	
289	-7.61328e-07	-0.590888	2.49389e-05	0.00132416	1.97634e-08	1.22927e-05	
290	-7.86159e-07	-0.741844	4.63189e-05	0.00176281	1.97442e-08	1.00139e-05	
291	-7.79426e-07	-0.862701	6.64454e-05	0.00213001	1.89467e-08	7.33424e-06	
292	-7.4128e-07	-0.948559	8.44798e-05	0.00241079	1.73958e-08	4.36302e-06	
293	-6.73179e-07	-0.995962	9.96665e-05	0.00259377	1.5148e-08	1.22113e-06	
294	-5.77821e-07	-1.00301	0.000111369	0.00267158	1.22896e-08	-1.96388e-06	
295	-4.59039e-07	-0.969441	0.000119093	0.00264117	8.93282e-09	-5.0629e-06	
296	-3.21651e-07	-0.896595	0.000122491	0.0025038	5.21157e-09	-7.95048e-06	
297	-1.71272e-07	-0.787403	0.000121369	0.00226503	1.27568e-09	-1.05098e-05	
298	-1.40745e-08	-0.646269	0.000115695	0.00193445	-2.71533e-09	-1.26374e-05	
299	1.43478e-07	-0.478914	0.00010561	0.00152539	-6.59892e-09	-1.42475e-05	
300	2.94921e-07	-0.292141	9.14369e-05	0.00105442	-1.02165e-08	-1.52755e-05	
301	4.34067e-07	-0.0935456	7.3674e-05	0.00054069	-1.342e-08	-1.56805e-05	
302	5.55261e-07	0.108809	5.29726e-05	5.09479e-06	-1.60785e-08	-1.54469e-05	
303	6.53599e-07	0.306731	3.00983e-05	-0.000530605	-1.80834e-08	-1.45851e-05	
304	7.25123e-07	0.492222	5.89133e-06	-0.00104472	-1.93533e-08	-1.31309e-05	
305	7.66979e-07	0.657784	-1.87653e-05	-0.00151648	-1.98374e-08	-1.1144e-05	
306	7.77544e-07	0.796707	-4.29697e-05	-0.00192683	-1.95177e-08	-8.70564e-06	
307	7.56508e-07	0.903343	-6.5822e-05	-0.00225916	-1.84097e-08	-5.91526e-06	
308	7.04884e-07	0.973346	-8.6453e-05	-0.00249994	-1.65617e-08	-2.88669e-06	
309	6.24956e-07	1.00387	-0.000104063	-0.00263934	-1.40526e-08	2.56724e-07	
310	5.20163e-07	0.993674	-0.000117967	-0.00267167	-1.09888e-08	3.38712e-06	
311	3.94937e-07	0.943207	-0.000127631	-0.00259562	-7.49917e-09	6.37737e-06	
312	2.5451e-07	0.854532	-0.000132693	-0.00241436	-3.73009e-09	9.10624e-06	
313	1.04705e-07	0.731245	-0.000132967	-0.0021353	1.61313e-10	1.14632e-05	
314	-4.82971e-08	0.578325	-0.000128433	-0.00176976	4.01359e-09	1.33529e-05	
315	-1.98203e-07	0.40195	-0.000119236	-0.00133251	7.66788e-09	1.46991e-05	
316	-3.38881e-07	0.209257	-0.000105685	-0.000841218	1.09746e-08	1.54474e-05	
317	-4.64626e-07	0.00806345	-8.82546e-05	-0.000315737	1.37997e-08	1.55679e-05	
318	-5.70407e-07	-0.193453	-6.75796e-05	0.000222611	1.60304e-08	1.50565e-05	
319	-6.52072e-07	-0.387105	-4.44299e-05	0.000751941	1.75793e-08	1.39344e-05	
320	-7.06497e-07	-0.565041	-1.96702e-05	0.00125073	1.83887e-08	1.2248e-05	
321	-7.31697e-07	-0.720063	5.78674e-06	0.00169875	1.84321e-08	1.00663e-05	
322	-7.26882e-07	-0.845911	3.10209e-05	0.00207788	1.77153e-08	7.47824e-06	
323	-6.92493e-07	-0.937495	5.51327e-05	0.00237282	1.62762e-08	4.58941e-06	
324	-6.30185e-07	-0.991097	7.72616e-05	0.00257166	1.41824e-08	1.51735e-06	
325	-5.42761e-07	-1.00452	9.66073e-05	0.00266633	1.15283e-08	-1.61294e-06	
326	-4.34048e-07	-0.97721	0.000112459	0.00265292	8.43103e-09	-4.67412e-06	
327	-3.08716e-07	-0.910265	0.000124235	0.00253193	5.02497e-09	-7.54178e-06	
328	-1.72058e-07	-0.806414	0.000131517	0.00230824	1.45606e-09	-1.00995e-05	
329	-2.97633e-08	-0.66989	0.000134071	0.00199095	-2.12458e-09	-1.22436e-05	
330	1.12319e-07	-0.506238	0.00013185	0.001593	-5.56704e-09	-1.38874e-05	
331	2.48404e-07	-0.322085	0.000124979	0.00113055	-8.72905e-09	-1.49646e-05	
332	3.72993e-07	-0.124877	0.000113736	0.000622347	-1.14818e-08	-1.54318e-05	
333	4.81098e-07	0.0774102	9.85413e-05	8.89255e-05	-1.37155e-08	-1.52705e-05	
334	5.68453e-07	0.276579	7.99573e-05	-0.000448149	-1.53433e-08	-1.44877e-05	
335	6.31704e-07	0.464544	5.86776e-05	-0.000967124	-1.63055e-08	-1.31157e-05	
336	6.68537e-07	0.633664	3.55088e-05	-0.00144693	-1.65709e-08	-1.1211e-05	
337	6.77762e-07	0.777074	1.13314e-05	-0.00186805	-1.61384e-08	-8.85145e-06	
338	6.59328e-07	0.888966	-1.29488e-05	-0.00221338	-1.50364e-08	-6.13358e-06	
339	6.14302e-07	0.964823	-3.64468e-05	-0.00246892	-1.33214e-08	-3.16828e-06	
340	5.44812e-07	1.00159	-5.83297e-05	-0.00262438	-1.10749e-08	-7.64193e-08	
341	4.53961e-07	0.997771	-7.78343e-05	-0.0026735	-8.40018e-09	3.01606e-06	
342	3.4571e-07	0.953518	-9.42794e-05	-0.00261432	-5.4171e-09	5.98321e-06	
343	2.24713e-07	0.870602	-0.000107084	-0.0024492	-2.25714e-09	8.7042e-06	
344	9.61108e-08	0.752374	-0.000115797	-0.00218478	9.42463e-10	1.10682e-05	
345	-3.46997e-08	0.603629	-0.000120126	-0.00183173	4.04458e-09	1.2979e-05	
346	-1.62306e-07	0.430417	-0.000119963	-0.00140438	6.91801e-09	1.43589e-05	
347	-2.81502e-07	0.239773	-0.000115384	-0.000920085	9.44299e-09	1.51519e-05	
348	-3.87479e-07	0.0394299	-0.000106627	-0.000398544	1.15161e-08	1.53259e-05	
349	-4.76006e-07	-0.162504	-9.40717e-05	0.000139087	1.30544e-08	1.48739e-05	
350	-5.43586e-07	-0.35786	-7.82144e-05	0.000671045	1.39988e-08	1.38145e-05	
351	-5.87599e-07	-0.538733	-5.96577e-05	0.00117582	1.43162e-08	1.21907e-05	
352	-6.06421e-07	-0.697786	-3.9104e-05	0.001633	1.40004e-08	1.00688e-05	
353	-5.99493e-07	-0.828554	-1.73405e-05	0.00202405	1.30723e-08	7.53505e-06	
354	-5.67335e-07	-0.925722	4.7921e-06	0.00233305	1.15784e-08	4.69277e-06	
355	-5.11498e-07	-0.985347	2.6446e-05	0.00254744	9.58861e-09	1.65769e-06	
356	-4.34472e-07	-1.00502	4.68133e-05	0.00265851	7.19313e-09	-1.44663e-06	
357	-3.39571e-07	-0.983972	6.51621e-05	0.00266178	4.49809e-09	-4.49389e-06	
358	-2.30798e-07	-0.923056	8.08533e-05	0.00255717	1.62105e-09	-7.36016e-06	
359	-1.12695e-07	-0.824741	9.33462e-05	0.00234897	-1.31414e-09	-9.92887e-06	
360	9.83053e-09	-0.692997	0.000102205	0.0020456	-4.18269e-09	-1.20955e-05	
361	1.3171e-07	-0.533148	0.000107117	0.00165933	-6.86408e-09	-1.37719e-05	
362	2.47936e-07	-0.351671	0.000107915	0.00120575	-9.24714e-09	-1.48898e-05	
363	3.53782e-07	-0.155931	0.0001046	0.00070323	-1.12346e-08	-1.54036e-05	
364	4.45002e-07	0.0461197	9.7346e-05	0.000172171	-1.27469e-08	-1.52924e-05	
365	5.17985e-07	0.246281	8.64797e-05	-0.000365852	-1.37254e-08	-1.45609e-05	
366	5.69883e-07	0.436442	7.24514e-05	-0.000888992	-1.41347e-08	-1.32387e-05	
367	5.98696e-07	0.60891	5.58039e-05	-0.00137605	-1.39635e-08	-1.13796e-05	
368	6.03358e-07	0.756709	3.71534e-05	-0.00180732	-1.32251e-08	-9.059e-06	
369	5.83781e-07	0.873852	1.71819e-05	-0.00216537	-1.19561e-08	-6.37123e-06	
370	5.40873e-07	0.955581	-3.37237e-06	-0.00243571	-1.02151e-08	-3.42546e-06	
371	4.76503e-07	0.998567	-2.37363e-05	-0.00260736	-8.0796e-09	-3.41416e-07	
372	3.93407e-07	1.00106	-4.31412e-05	-0.0026733	-5.64244e-09	2.75552e-06	
373	2.9505e-07	0.962954	-6.08683e-05	-0.00263083	-3.00801e-09	5.73945e-06	
374	1.85472e-07	0.885816	-7.62875e-05	-0.00248168	-2.87509e-10	8.48912e-06	
375	6.91172e-08	0.772784	-8.88763e-05	-0.00223192	2.40569e-09	1.08929e-05	
376	-4.933e-08	0.628445	-9.82216e-05	-0.00189173	4.96083e-09	1.2853e-05	
377	-1.65113e-07	0.45864	-0.000104017	-0.00147492	7.27437e-09	1.429e-05	
378	-2.73588e-07	0.270236	-0.000106066	-0.000998364	9.25419e-09	1.51455e-05	
379	-3.70422e-07	0.0708613	-0.000104299	-0.000481324	1.08232e-08	1.53846e-05	
380	-4.51784e-07	-0.131401	-9.87943e-05	5.5274e-05	1.19226e-08	1.49976e-05	
381	-5.14509e-07	-0.328339	-8.97821e-05	0.000589679	1.25137e-08	1.40003e-05	
382	-5.56223e-07	-0.511954	-7.76346e-05	0.00110019	1.25796e-08	1.24333e-05	
383	-5.7541e-07	-0.674801	-6.28333e-05	0.00156607	1.21252e-08	1.03603e-05	
384	-5.71452e-07	-0.810286	-4.59332e-05	0.00196841	1.11773e-08	7.86569e-06	
385	-5.4464e-07	-0.912933	-2.75364e-05	0.00229093	9.78241e-09	5.05084e-06	
386	-4.96167e-07	-0.978591	-8.28114e-06	0.00252059	8.0052e-09	2.03015e-06	
387	-4.28095e-07	-1.0046	1.11625e-05	0.00264813	5.92515e-09	-1.07362e-06	
388	-3.43282e-07	-0.989883	3.01045e-05	0.00266838	3.63318e-09	-4.13427e-06	
389	-2.45261e-07	-0.935031	4.78632e-05	0.00258047	1.22769e-09	-7.02733e-06	
390	-1.38077e-07	-0.842262	6.38056e-05	0.00238792	-1.18969e-09	-9.63508e-06	
391	-2.61002e-08	-0.715344	7.7387e-05	0.00209853	-3.51834e-09	-1.18514e-05	
392	8.61556e-08	-0.559435	8.81737e-05	0.00172404	-5.66282e-09	-1.35863e-05	
393	1.94207e-07	-0.380866	9.58453e-05	0.00127967	-7.53682e-09	-1.47691e-05	
394	2.93756e-07	-0.186873	0.000100185	0.000783479	-9.06658e-09	-1.53517e-05	
395	3.8085e-07	0.0146934	0.000101072	0.000255568	-1.01938e-08	-1.53103e-05	
396	4.52037e-07	0.215676	9.84898e-05	-0.000282693	-1.08778e-08	-1.46465e-05	
397	5.0452e-07	0.407932	9.25412e-05	-0.000809531	-1.10971e-08	-1.33872e-05	
398	5.36288e-07	0.58366	8.34599e-05	-0.00130361	-1.08499e-08	-1.15833e-05	
399	5.46197e-07	0.735724	7.16058e-05	-0.00174488	-1.01539e-08	-9.30805e-06	
