0	0	0	0	0	0	0	
1	0	0	0	0	0	0	
2	0	2.23694e+297	0	0	0	0	
3	0	9.23098e+297	9.89423e+295	-8.90051e+293	0	1.5574e+294	
4	-3.9363e+281	2.20584e+298	5.4727e+296	-4.38795e+294	-6.88852e+292	7.66273e+294	
5	-3.9363e+281	3.95266e+298	1.65169e+297	-1.22133e+295	-4.30947e+293	2.13587e+295	
6	-3.9363e+281	5.88933e+298	3.5625e+297	-2.51328e+295	-1.46075e+294	4.39436e+295	
7	1.70573e+282	7.75778e+298	6.10709e+297	-4.26908e+295	-3.53212e+294	7.40599e+295	
8	4.85476e+282	9.46781e+298	8.83328e+297	-6.38945e+295	-6.80772e+294	1.08321e+296	
9	1.11528e+283	1.11258e+299	1.12744e+298	-8.83357e+295	-1.11463e+295	1.4303e+296	
10	1.95503e+283	1.29243e+299	1.3257e+298	-1.1682e+296	-1.62343e+295	1.75754e+296	
11	2.3749e+283	1.49732e+299	1.50036e+298	-1.50905e+296	-2.1846e+295	2.05614e+296	
12	2.58483e+283	1.71965e+299	1.69168e+298	-1.91606e+296	-2.79675e+295	2.32094e+296	
13	2.16496e+283	1.93724e+299	1.91816e+298	-2.38283e+296	-3.45693e+295	2.5333e+296	
14	1.53516e+283	2.12961e+299	2.14961e+298	-2.88744e+296	-4.11008e+295	2.65294e+296	
15	1.11528e+283	2.29545e+299	2.31843e+298	-3.40776e+296	-4.61123e+295	2.62825e+296	
16	1.11528e+283	2.45874e+299	2.36641e+298	-3.9421e+296	-4.74962e+295	2.42143e+296	
17	1.53516e+283	2.65784e+299	2.29396e+298	-4.52036e+296	-4.35117e+295	2.03448e+296	
18	2.58483e+283	2.92274e+299	2.17031e+298	-5.19474e+296	-3.41671e+295	1.5191e+296	
19	3.63451e+283	3.25372e+299	2.08708e+298	-6.01189e+296	-2.20754e+295	9.62807e+295	
20	3.84445e+283	3.61442e+299	2.08019e+298	-6.98095e+296	-1.19823e+295	4.57396e+295	
21	3.84445e+283	3.94388e+299	2.07611e+298	-8.05629e+296	-8.87101e+294	6.67067e+294	
22	2.16496e+283	4.18113e+299	1.91184e+298	-9.14633e+296	-1.55012e+295	-1.89537e+295	
23	-3.54267e+282	4.28906e+299	1.43226e+298	-1.01444e+297	-3.08184e+295	-3.29245e+295	
24	-2.45362e+283	4.26552e+299	6.11507e+297	-1.09653e+297	-5.03808e+295	-3.86209e+295	
25	-3.29337e+283	4.13768e+299	-3.82697e+297	-1.15688e+297	-6.88373e+295	-3.88685e+295	
26	-3.71324e+283	3.94563e+299	-1.23822e+298	-1.19601e+297	-8.31639e+295	-3.51403e+295	
27	-3.29337e+283	3.72562e+299	-1.64937e+298	-1.21719e+297	-9.46901e+295	-2.83027e+295	
28	-2.8735e+283	3.50154e+299	-1.4887e+298	-1.22432e+297	-1.08452e+296	-1.99355e+295	
29	-1.19401e+283	3.28588e+299	-8.95511e+297	-1.22053e+297	-1.29915e+296	-1.28518e+295	
30	-3.54267e+282	3.08527e+299	-2.18501e+297	-1.20806e+297	-1.60776e+296	-1.00813e+295	
31	4.85476e+282	2.90374e+299	1.64141e+297	-1.18853e+297	-1.96326e+296	-1.28176e+295	
32	1.74509e+283	2.74094e+299	4.8332e+296	-1.16272e+297	-2.2619e+296	-1.87852e+295	
33	3.42458e+283	2.58859e+299	-4.85626e+297	-1.12972e+297	-2.3846e+296	-2.24434e+295	
34	5.10406e+283	2.43115e+299	-1.11945e+298	-1.08619e+297	-2.2529e+296	-1.73701e+295	
35	6.78355e+283	2.25436e+299	-1.47128e+298	-1.02731e+297	-1.87147e+296	2.69758e+293	
36	7.20342e+283	2.05881e+299	-1.29626e+298	-9.49895e+296	-1.33501e+296	2.91234e+295	
37	5.94381e+283	1.86992e+299	-6.02858e+297	-8.56704e+296	-7.96067e+295	6.25414e+295	
38	4.26432e+283	1.73555e+299	3.68245e+297	-7.59408e+296	-4.092e+295	9.12235e+295	
39	2.58483e+283	1.70879e+299	1.27159e+298	-6.77762e+296	-2.77236e+295	1.07304e+296	
40	1.74509e+283	1.82257e+299	1.80513e+298	-6.34128e+296	-4.21124e+295	1.07736e+296	
41	1.74509e+283	2.06917e+299	1.80062e+298	-6.45253e+296	-7.812e+295	9.52469e+295	
42	1.74509e+283	2.39657e+299	1.23413e+298	-7.15107e+296	-1.24316e+296	7.65386e+295	
43	9.05348e+282	2.72512e+299	1.94565e+297	-8.32587e+296	-1.67473e+296	5.8908e+295	
44	-3.29337e+283	2.97706e+299	-1.13477e+298	-9.75502e+296	-1.96077e+296	4.71921e+295	
45	-7.49208e+283	3.10424e+299	-2.46237e+298	-1.11898e+297	-2.03064e+296	4.25365e+295	
46	-9.59144e+283	3.10071e+299	-3.3804e+298	-1.244e+297	-1.87588e+296	4.32713e+295	
47	-7.49208e+283	2.99535e+299	-3.42662e+298	-1.34176e+297	-1.55571e+296	4.69682e+295	
48	-7.74138e+282	2.83078e+299	-2.24528e+298	-1.41218e+297	-1.18494e+296	5.22665e+295	
49	6.78355e+283	2.64149e+299	2.04147e+297	-1.45815e+297	-9.00524e+295	5.94781e+295	
50	1.43412e+284	2.44284e+299	3.50959e+298	-1.47979e+297	-8.11351e+295	6.99261e+295	
51	1.93797e+284	2.23502e+299	6.85659e+298	-1.47248e+297	-9.48776e+295	8.47569e+295	
52	2.10592e+284	2.01659e+299	9.29355e+298	-1.43013e+297	-1.24303e+296	1.04114e+296	
53	2.02194e+284	1.79724e+299	1.01103e+299	-1.3516e+297	-1.54471e+296	1.27081e+296	
54	1.77002e+284	1.60107e+299	9.14104e+298	-1.246e+297	-1.69007e+296	1.52148e+296	
55	1.5181e+284	1.45852e+299	6.82314e+298	-1.13333e+297	-1.5833e+296	1.77602e+296	
56	1.26617e+284	1.39263e+299	3.96843e+298	-1.03927e+297	-1.25371e+296	2.01506e+296	
57	1.01425e+284	1.40809e+299	1.36986e+298	-9.86512e+296	-8.53154e+295	2.21415e+296	
58	8.46303e+283	1.48941e+299	-5.37382e+297	-9.86794e+296	-5.87957e+295	2.34422e+296	
59	7.62329e+283	1.60827e+299	-1.77259e+298	-1.03735e+297	-6.16185e+295	2.37964e+296	
60	6.78355e+283	1.73486e+299	-2.62681e+298	-1.12309e+297	-9.6349e+295	2.31234e+296	
61	6.78355e+283	1.84656e+299	-3.33818e+298	-1.22284e+297	-1.50454e+296	2.16411e+296	
62	5.10406e+283	1.9303e+299	-3.85221e+298	-1.31649e+297	-2.02315e+296	1.98737e+296	
63	9.05348e+282	1.97971e+299	-3.83571e+298	-1.39017e+297	-2.32099e+296	1.85003e+296	
64	-5.8126e+283	1.99117e+299	-2.94244e+298	-1.43799e+297	-2.31689e+296	1.80901e+296	
65	-1.50498e+284	1.96291e+299	-1.153e+298	-1.46124e+297	-2.0834e+296	1.88506e+296	
66	-2.26075e+284	1.89772e+299	1.05285e+298	-1.46632e+297	-1.80185e+296	2.05227e+296	
67	-2.26075e+284	1.8064e+299	2.83895e+298	-1.4626e+297	-1.6627e+296	2.24874e+296	
68	-1.67293e+284	1.70809e+299	3.42029e+298	-1.46046e+297	-1.7671e+296	2.40372e+296	
69	-4.13311e+283	1.62523e+299	2.50728e+298	-1.46899e+297	-2.0824e+296	2.46785e+296	
70	9.30278e+283	1.57515e+299	5.16917e+297	-1.49347e+297	-2.47116e+296	2.43207e+296	
71	1.93797e+284	1.56247e+299	-1.59345e+298	-1.53311e+297	-2.77114e+296	2.32719e+296	
72	2.27387e+284	1.57691e+299	-2.79482e+298	-1.58052e+297	-2.87726e+296	2.20643e+296	
73	1.93797e+284	1.59789e+299	-2.50343e+298	-1.6238e+297	-2.78103e+296	2.12141e+296	
74	1.01425e+284	1.60376e+299	-8.62652e+297	-1.65088e+297	-2.5525e+296	2.10295e+296	
75	9.05348e+282	1.58088e+299	1.35545e+298	-1.65452e+297	-2.28566e+296	2.15397e+296	
76	-4.13311e+283	1.5286e+299	3.15656e+298	-1.63564e+297	-2.04638e+296	2.25385e+296	
77	-2.45362e+283	1.45828e+299	3.80084e+298	-1.60329e+297	-1.85426e+296	2.36924e+296	
78	2.58483e+283	1.3879e+299	3.09603e+298	-1.57154e+297	-1.70218e+296	2.46538e+296	
79	8.46303e+283	1.33521e+299	1.38446e+298	-1.55452e+297	-1.59096e+296	2.51473e+296	
80	1.09823e+284	1.31209e+299	-7.11127e+297	-1.56208e+297	-1.54817e+296	2.50292e+296	
81	1.01425e+284	1.3216e+299	-2.59496e+298	-1.59747e+297	-1.61507e+296	2.4325e+296	
82	5.94381e+283	1.35753e+299	-3.88165e+298	-1.6573e+297	-1.81136e+296	2.32361e+296	
83	2.58483e+283	1.40622e+299	-4.39963e+298	-1.73302e+297	-2.1059e+296	2.20946e+296	
84	1.74509e+283	1.45029e+299	-4.09501e+298	-1.813e+297	-2.41855e+296	2.12531e+296	
85	4.26432e+283	1.47401e+299	-2.9703e+298	-1.88467e+297	-2.65667e+296	2.09385e+296	
86	6.78355e+283	1.46917e+299	-1.1317e+298	-1.93707e+297	-2.76395e+296	2.11353e+296	
87	1.09823e+284	1.43911e+299	1.10384e+298	-1.96357e+297	-2.74898e+296	2.15734e+296	
88	1.1822e+284	1.39842e+299	3.17478e+298	-1.96454e+297	-2.67276e+296	2.18496e+296	
89	9.30278e+283	1.3671e+299	4.42135e+298	-1.94812e+297	-2.60212e+296	2.16389e+296	
90	1.74509e+283	1.36096e+299	4.39124e+298	-1.92813e+297	-2.56036e+296	2.08854e+296	
91	-6.65234e+283	1.3827e+299	3.14217e+298	-1.91889e+297	-2.50975e+296	1.98636e+296	
92	-1.33703e+284	1.41865e+299	1.33076e+298	-1.92884e+297	-2.38052e+296	1.90604e+296	
93	-1.58895e+284	1.44382e+299	-2.7321e+296	-1.95624e+297	-2.12929e+296	1.89334e+296	
94	-1.33703e+284	1.43344e+299	-4.77124e+296	-1.9895e+297	-1.78844e+296	1.96733e+296	
95	-8.33183e+283	1.37522e+299	1.53108e+298	-2.01269e+297	-1.47102e+296	2.11026e+296	
96	6.56049e+281	1.27606e+299	4.13788e+298	-2.01359e+297	-1.32294e+296	2.27628e+296	
97	1.1822e+284	1.15931e+299	6.58579e+298	-1.99039e+297	-1.44768e+296	2.41369e+296	
98	2.35784e+284	1.05443e+299	7.62502e+298	-1.953e+297	-1.84745e+296	2.48785e+296	
99	3.19758e+284	9.84618e+298	6.54713e+298	-1.91858e+297	-2.4158e+296	2.49232e+296	
100	3.19758e+284	9.59114e+298	3.52315e+298	-1.90354e+297	-2.98573e+296	2.44392e+296	
101	2.69374e+284	9.73427e+298	-4.9305e+297	-1.91664e+297	-3.40462e+296	2.36752e+296	
102	1.68605e+284	1.01597e+299	-4.22326e+298	-1.95673e+297	-3.59279e+296	2.2818e+296	
103	8.46303e+283	1.0758e+299	-6.62287e+298	-2.01587e+297	-3.55609e+296	2.19503e+296	
104	5.10406e+283	1.1463e+299	-7.24748e+298	-2.08489e+297	-3.35378e+296	2.11159e+296	
105	1.01425e+284	1.22312e+299	-6.27672e+298	-2.15775e+297	-3.05047e+296	2.04184e+296	
106	1.854e+284	1.29928e+299	-4.25491e+298	-2.23161e+297	-2.68767e+296	2.00546e+296	
107	2.18989e+284	1.36231e+299	-1.75731e+298	-2.30347e+297	-2.29148e+296	2.02368e+296	
108	1.5181e+284	1.39697e+299	8.08797e+297	-2.36659e+297	-1.90336e+296	2.1048e+296	
109	-4.97285e+283	1.3926e+299	3.19003e+298	-2.4103e+297	-1.60194e+296	2.23368e+296	
110	-3.01651e+284	1.35022e+299	5.14635e+298	-2.42458e+297	-1.48881e+296	2.37464e+296	
111	-5.19985e+284	1.28406e+299	6.35251e+298	-2.40678e+297	-1.6384e+296	2.48843e+296	
112	-5.70369e+284	1.21533e+299	6.45929e+298	-2.36586e+297	-2.0416e+296	2.5538e+296	
113	-3.85626e+284	1.16133e+299	5.29223e+298	-2.32037e+297	-2.58417e+296	2.57977e+296	
114	-4.97285e+283	1.12675e+299	3.04107e+298	-2.2901e+297	-3.08353e+296	2.59906e+296	
115	3.19758e+284	1.10292e+299	2.78458e+297	-2.2858e+297	-3.37143e+296	2.64526e+296	
116	5.38092e+284	1.07604e+299	-2.24634e+298	-2.30326e+297	-3.37785e+296	2.7274e+296	
117	5.38092e+284	1.03923e+299	-3.93555e+298	-2.32608e+297	-3.16606e+296	2.81869e+296	
118	3.53348e+284	1.00035e+299	-4.59501e+298	-2.33621e+297	-2.89485e+296	2.86875e+296	
119	8.46303e+283	9.79771e+298	-4.45019e+298	-2.32632e+297	-2.7274e+296	2.834e+296	
120	-1.16908e+284	9.98304e+298	-3.91698e+298	-2.30625e+297	-2.73971e+296	2.70864e+296	
121	-1.33703e+284	1.06241e+299	-3.28215e+298	-2.29899e+297	-2.88336e+296	2.53698e+296	
122	6.56049e+281	1.156e+299	-2.51297e+298	-2.32744e+297	-3.02484e+296	2.39726e+296	
123	1.68605e+284	1.24492e+299	-1.33154e+298	-2.39954e+297	-3.03736e+296	2.36429e+296	
124	2.52579e+284	1.29254e+299	4.91367e+297	-2.50051e+297	-2.88783e+296	2.47062e+296	
125	1.68605e+284	1.27834e+299	2.82685e+298	-2.59768e+297	-2.66469e+296	2.68793e+296	
126	1.74509e+283	1.20881e+299	5.09336e+298	-2.65582e+297	-2.52791e+296	2.93939e+296	
127	-8.33183e+283	1.11445e+299	6.47783e+298	-2.65503e+297	-2.61113e+296	3.13623e+296	
128	-1.61388e+283	1.03453e+299	6.36608e+298	-2.60125e+297	-2.93522e+296	3.21889e+296	
129	2.18989e+284	9.98143e+298	4.72503e+298	-2.52336e+297	-3.38653e+296	3.18117e+296	
130	5.04502e+284	1.01189e+299	2.189e+298	-2.45872e+297	-3.77369e+296	3.06624e+296	
131	6.89245e+284	1.06036e+299	-2.2846e+297	-2.43489e+297	-3.92946e+296	2.93954e+296	
132	6.55656e+284	1.11769e+299	-1.64606e+298	-2.45777e+297	-3.79794e+296	2.85543e+296	
133	3.53348e+284	1.16255e+299	-1.75566e+298	-2.51189e+297	-3.45705e+296	2.83598e+296	
134	-6.65234e+283	1.18749e+299	-9.33564e+297	-2.57183e+297	-3.06629e+296	2.87113e+296	
135	-4.19215e+284	1.19808e+299	4.09412e+296	-2.61729e+297	-2.7744e+296	2.93573e+296	
136	-5.36779e+284	1.20398e+299	4.85251e+297	-2.64307e+297	-2.64349e+296	3.01018e+296	
137	-3.68831e+284	1.20885e+299	2.25712e+297	-2.65851e+297	-2.63319e+296	3.09082e+296	
138	-1.61388e+283	1.20635e+299	-3.27395e+297	-2.67801e+297	-2.64932e+296	3.18522e+296	
139	3.70143e+284	1.18476e+299	-4.82623e+297	-2.70918e+297	-2.62172e+296	3.29767e+296	
140	5.54886e+284	1.13676e+299	2.44775e+297	-2.74638e+297	-2.55926e+296	3.41676e+296	
141	5.04502e+284	1.06761e+299	1.76611e+298	-2.77354e+297	-2.54675e+296	3.51445e+296	
142	2.69374e+284	9.96051e+298	3.40518e+298	-2.77434e+297	-2.68616e+296	3.55815e+296	
143	1.74509e+283	9.46641e+298	4.25285e+298	-2.74309e+297	-3.02e+296	3.52849e+296	
144	-1.16908e+284	9.38114e+298	3.6829e+298	-2.68975e+297	-3.48573e+296	3.43174e+296	
145	-4.97285e+283	9.74274e+298	1.72539e+298	-2.6359e+297	-3.93102e+296	3.29934e+296	
146	1.5181e+284	1.04249e+299	-9.20143e+297	-2.60432e+297	-4.18299e+296	3.17489e+296	
147	3.53348e+284	1.12015e+299	-3.23667e+298	-2.60811e+297	-4.13277e+296	3.09593e+296	
148	4.20528e+284	1.18486e+299	-4.40262e+298	-2.6455e+297	-3.78903e+296	3.08022e+296	
149	3.36553e+284	1.22288e+299	-4.17817e+298	-2.70262e+297	-3.2729e+296	3.12255e+296	
150	1.1822e+284	1.23165e+299	-2.96266e+298	-2.76184e+297	-2.76016e+296	3.2016e+296	
151	-1.16908e+284	1.21672e+299	-1.51623e+298	-2.81053e+297	-2.40421e+296	3.29121e+296	
152	-2.34472e+284	1.18626e+299	-5.24632e+297	-2.84521e+297	-2.27962e+296	3.36965e+296	
153	-2.68062e+284	1.14702e+299	-2.56707e+297	-2.86959e+297	-2.37006e+296	3.42342e+296	
154	-2.00882e+284	1.10373e+299	-4.88519e+297	-2.88892e+297	-2.5977e+296	3.44651e+296	
155	-1.33703e+284	1.06093e+299	-7.02841e+297	-2.90456e+297	-2.87031e+296	3.43858e+296	
156	-4.97285e+283	1.0246e+299	-4.2137e+297	-2.91263e+297	-3.11844e+296	3.4046e+296	
157	5.10406e+283	1.00148e+299	5.26466e+297	-2.90701e+297	-3.30755e+296	3.35589e+296	
158	1.5181e+284	9.95976e+298	1.9314e+298	-2.88448e+297	-3.42861e+296	3.30984e+296	
159	2.86169e+284	1.00711e+299	3.33479e+298	-2.84834e+297	-3.48272e+296	3.28614e+296	
160	4.20528e+284	1.02778e+299	4.25825e+298	-2.8082e+297	-3.47403e+296	3.29953e+296	
161	4.87707e+284	1.04757e+299	4.39803e+298	-2.77609e+297	-3.41433e+296	3.35248e+296	
162	4.37322e+284	1.05773e+299	3.70099e+298	-2.76133e+297	-3.33077e+296	3.43212e+296	
163	3.70143e+284	1.05534e+299	2.32645e+298	-2.76709e+297	-3.26464e+296	3.51406e+296	
164	2.52579e+284	1.04425e+299	5.59595e+297	-2.79038e+297	-3.25611e+296	3.57196e+296	
165	1.68605e+284	1.03218e+299	-1.25654e+298	-2.82486e+297	-3.32201e+296	3.5883e+296	
166	1.5181e+284	1.02605e+299	-2.75104e+298	-2.86438e+297	-3.44147e+296	3.56113e+296	
167	1.5181e+284	1.02817e+299	-3.55034e+298	-2.90499e+297	-3.56198e+296	3.50383e+296	
168	1.01425e+284	1.03564e+299	-3.34558e+298	-2.94467e+297	-3.62623e+296	3.43853e+296	
169	-3.29337e+283	1.04273e+299	-2.01261e+298	-2.98147e+297	-3.60626e+296	3.38714e+296	
170	-2.34472e+284	1.04447e+299	2.64933e+297	-3.0121e+297	-3.52454e+296	3.36402e+296	
171	-4.19215e+284	1.03908e+299	2.9552e+298	-3.03214e+297	-3.44737e+296	3.37303e+296	
172	-4.52805e+284	1.02792e+299	5.28672e+298	-3.03808e+297	-3.45106e+296	3.40886e+296	
173	-3.52036e+284	1.01361e+299	6.49919e+298	-3.02981e+297	-3.57752e+296	3.46053e+296	
174	-1.33703e+284	9.97824e+298	6.14448e+298	-3.01179e+297	-3.80378e+296	3.51538e+296	
175	1.1822e+284	9.80561e+298	4.29888e+298	-2.99181e+297	-4.04373e+296	3.56231e+296	
176	2.52579e+284	9.61081e+298	1.57282e+298	-2.97784e+297	-4.18434e+296	3.59445e+296	
177	2.69374e+284	9.39556e+298	-1.10704e+298	-2.97454e+297	-4.13985e+296	3.61117e+296	
178	1.854e+284	9.18004e+298	-2.8592e+298	-2.98133e+297	-3.89742e+296	3.6187e+296	
179	6.78355e+283	8.99719e+298	-3.1957e+298	-2.99308e+297	-3.53062e+296	3.6284e+296	
180	6.56049e+281	8.87625e+298	-2.20261e+298	-3.00304e+297	-3.17249e+296	3.65214e+296	
181	3.42458e+283	8.8281e+298	-4.74153e+297	-3.00642e+297	-2.95943e+296	3.69629e+296	
182	1.5181e+284	8.84236e+298	1.1646e+298	-3.00276e+297	-2.9716e+296	3.75743e+296	
183	2.35784e+284	8.89699e+298	2.01634e+298	-2.99595e+297	-3.19745e+296	3.82245e+296	
184	1.854e+284	8.97104e+298	1.78906e+298	-2.992e+297	-3.53888e+296	3.8741e+296	
185	1.74509e+283	9.04975e+298	6.74387e+297	-2.99584e+297	-3.85479e+296	3.89935e+296	
186	-2.00882e+284	9.11901e+298	-7.94007e+297	-3.00889e+297	-4.02301e+296	3.89621e+296	
187	-3.68831e+284	9.15658e+298	-2.01958e+298	-3.02865e+297	-3.99209e+296	3.87461e+296	
188	-3.52036e+284	9.13193e+298	-2.61739e+298	-3.05042e+297	-3.79971e+296	3.85085e+296	
189	-2.00882e+284	9.02047e+298	-2.55278e+298	-3.07015e+297	-3.54991e+296	3.83845e+296	
190	3.42458e+283	8.8252e+298	-2.08774e+298	-3.0869e+297	-3.36112e+296	3.84126e+296	
191	2.69374e+284	8.58926e+298	-1.57933e+298	-3.10316e+297	-3.3101e+296	3.85279e+296	
192	3.53348e+284	8.38515e+298	-1.24965e+298	-3.12304e+297	-3.39876e+296	3.86247e+296	
193	3.36553e+284	8.28091e+298	-1.05885e+298	-3.14888e+297	-3.55894e+296	3.86452e+296	
194	3.02964e+284	8.30085e+298	-7.52475e+297	-3.17844e+297	-3.69112e+296	3.86344e+296	
195	3.53348e+284	8.40597e+298	-5.4432e+296	-3.20438e+297	-3.71653e+296	3.87233e+296	
196	5.04502e+284	8.51002e+298	1.10993e+298	-3.21706e+297	-3.61574e+296	3.90467e+296	
197	7.22835e+284	8.52521e+298	2.49993e+298	-3.20952e+297	-3.43468e+296	3.96474e+296	
198	8.40399e+284	8.41126e+298	3.63726e+298	-3.18229e+297	-3.25692e+296	4.0432e+296	
199	7.90014e+284	8.1968e+298	4.0476e+298	-3.14509e+297	-3.15892e+296	4.12096e+296	
200	5.04502e+284	7.95844e+298	3.53608e+298	-3.11396e+297	-3.17338e+296	4.17938e+296	
201	8.46303e+283	7.76966e+298	2.33296e+298	-3.10434e+297	-3.28015e+296	4.2106e+296	
202	-3.18446e+284	7.65287e+298	1.0074e+298	-3.12342e+297	-3.42738e+296	4.22126e+296	
203	-5.0319e+284	7.5675e+298	1.75863e+297	-3.16566e+297	-3.56782e+296	4.22737e+296	
204	-4.3601e+284	7.44394e+298	1.57002e+297	-3.21446e+297	-3.68652e+296	4.2433e+296	
205	-2.51267e+284	7.24218e+298	7.71354e+297	-3.24971e+297	-3.80249e+296	4.2721e+296	
206	-4.97285e+283	6.99471e+298	1.41713e+298	-3.25782e+297	-3.94377e+296	4.30339e+296	
207	6.56049e+281	6.80112e+298	1.40261e+298	-3.23905e+297	-4.11318e+296	4.32044e+296	
208	-8.33183e+283	6.77167e+298	3.63162e+297	-3.208e+297	-4.26934e+296	4.31185e+296	
209	-2.34472e+284	6.95262e+298	-1.47304e+298	-3.18639e+297	-4.339e+296	4.28041e+296	
210	-3.01651e+284	7.28124e+298	-3.33763e+298	-3.19182e+297	-4.25749e+296	4.24321e+296	
211	-1.84087e+284	7.60436e+298	-4.28885e+298	-3.22814e+297	-4.0147e+296	4.22255e+296	
212	1.01425e+284	7.75546e+298	-3.70826e+298	-3.28298e+297	-3.67782e+296	4.23326e+296	
213	4.37322e+284	7.6476e+298	-1.65777e+298	-3.33395e+297	-3.3728e+296	4.27425e+296	
214	6.7245e+284	7.32621e+298	1.10853e+298	-3.36032e+297	-3.22979e+296	4.32946e+296	
215	6.89245e+284	6.94679e+298	3.49906e+298	-3.35397e+297	-3.3193e+296	4.37771e+296	
216	5.21297e+284	6.68743e+298	4.62427e+298	-3.32362e+297	-3.61383e+296	4.40512e+296	
217	2.69374e+284	6.64611e+298	4.23228e+298	-3.28969e+297	-3.99734e+296	4.41239e+296	
218	6.78355e+283	6.78382e+298	2.80408e+298	-3.27297e+297	-4.31951e+296	4.41254e+296	
219	-1.61388e+283	6.94867e+298	1.25808e+298	-3.28302e+297	-4.46709e+296	4.42079e+296	
220	-1.61388e+283	6.96768e+298	4.29136e+297	-3.31317e+297	-4.41485e+296	4.44347e+296	
221	3.42458e+283	6.75257e+298	6.11525e+297	-3.34462e+297	-4.22977e+296	4.4731e+296	
222	6.78355e+283	6.35641e+298	1.41758e+298	-3.35753e+297	-4.02778e+296	4.49299e+296	
223	3.42458e+283	5.94775e+298	2.02536e+298	-3.34268e+297	-3.9083e+296	4.48837e+296	
224	1.74509e+283	5.71704e+298	1.6718e+298	-3.3073e+297	-3.90296e+296	4.45706e+296	
225	8.46303e+283	5.77047e+298	1.13838e+297	-3.27169e+297	-3.96606e+296	4.41257e+296	
226	2.69374e+284	6.0721e+298	-2.19752e+298	-3.25871e+297	-4.00956e+296	4.37754e+296	
227	5.54886e+284	6.46598e+298	-4.32193e+298	-3.28184e+297	-3.96088e+296	4.37133e+296	
228	7.0604e+284	6.76218e+298	-5.29676e+298	-3.3384e+297	-3.80939e+296	4.39923e+296	
229	6.22066e+284	6.83508e+298	-4.61288e+298	-3.41111e+297	-3.6156e+296	4.44962e+296	
230	3.02964e+284	6.67835e+298	-2.45248e+298	-3.47683e+297	-3.47877e+296	4.50083e+296	
231	-1.67293e+284	6.38994e+298	4.18471e+297	-3.51739e+297	-3.48232e+296	4.53316e+296	
232	-5.53574e+284	6.10315e+298	3.02299e+298	-3.5267e+297	-3.64781e+296	4.53906e+296	
233	-6.54343e+284	5.90935e+298	4.60128e+298	-3.51109e+297	-3.92219e+296	4.52567e+296	
234	-4.02421e+284	5.8185e+298	4.87889e+298	-3.48375e+297	-4.20374e+296	4.50874e+296	
235	8.46303e+283	5.77551e+298	4.06939e+298	-3.45711e+297	-4.3908e+296	4.50236e+296	
236	5.21297e+284	5.71482e+298	2.65941e+298	-3.43782e+297	-4.42657e+296	4.51078e+296	
237	6.89245e+284	5.61316e+298	1.13064e+298	-3.42648e+297	-4.31769e+296	4.52726e+296	
238	4.20528e+284	5.50578e+298	-2.21135e+297	-3.42115e+297	-4.12039e+296	4.53979e+296	
239	-1.16908e+284	5.4578e+298	-1.29646e+298	-3.42141e+297	-3.90588e+296	4.5397e+296	
240	-6.71138e+284	5.51286e+298	-2.0749e+298	-3.4298e+297	-3.72602e+296	4.52742e+296	
241	-9.23061e+284	5.65495e+298	-2.48625e+298	-3.44965e+297	-3.59725e+296	4.51208e+296	
242	-7.04728e+284	5.80972e+298	-2.37659e+298	-3.48106e+297	-3.50794e+296	4.50564e+296	
243	-6.65234e+283	5.88466e+298	-1.59757e+298	-3.51819e+297	-3.4404e+296	4.51555e+296	
244	7.3963e+284	5.82286e+298	-1.5525e+297	-3.55018e+297	-3.39163e+296	4.54078e+296	
245	1.31066e+285	5.63657e+298	1.69033e+298	-3.56586e+297	-3.37981e+296	4.57333e+296	
246	1.37783e+285	5.4006e+298	3.45665e+298	-3.55952e+297	-3.43365e+296	4.60382e+296	
247	8.90784e+284	5.21056e+298	4.60282e+298	-3.53446e+297	-3.57268e+296	4.62723e+296	
248	5.10406e+283	5.13186e+298	4.74673e+298	-3.50191e+297	-3.79094e+296	4.64504e+296	
249	-7.38318e+284	5.1693e+298	3.82267e+298	-3.47584e+297	-4.05399e+296	4.66253e+296	
250	-1.17498e+285	5.27253e+298	2.10035e+298	-3.46649e+297	-4.31026e+296	4.68356e+296	
251	-1.05742e+285	5.37054e+298	6.28325e+296	-3.47608e+297	-4.51003e+296	4.70643e+296	
252	-4.52805e+284	5.4121e+298	-1.78618e+298	-3.49907e+297	-4.62149e+296	4.72385e+296	
253	4.03733e+284	5.38872e+298	-3.087e+298	-3.5264e+297	-4.63697e+296	4.72731e+296	
254	1.1595e+285	5.32993e+298	-3.69132e+298	-3.55098e+297	-4.56842e+296	4.71308e+296	
255	1.51219e+285	5.27833e+298	-3.62579e+298	-3.57128e+297	-4.43749e+296	4.68611e+296	
256	1.36104e+285	5.26253e+298	-3.00296e+298	-3.59082e+297	-4.26737e+296	4.65918e+296	
257	7.56425e+284	5.28364e+298	-1.94835e+298	-3.61441e+297	-4.08039e+296	4.64774e+296	
258	-4.97285e+283	5.32005e+298	-5.8562e+297	-3.64343e+297	-3.9004e+296	4.66284e+296	
259	-8.22292e+284	5.34264e+298	9.28206e+297	-3.67344e+297	-3.75526e+296	4.70617e+296	
260	-1.29255e+285	5.32884e+298	2.36477e+298	-3.69552e+297	-3.67466e+296	4.76933e+296	
261	-1.34293e+285	5.26788e+298	3.43403e+298	-3.7007e+297	-3.68197e+296	4.83746e+296	
262	-9.73446e+284	5.15884e+298	3.85928e+298	-3.68509e+297	-3.78371e+296	4.89504e+296	
263	-2.84857e+284	5.00851e+298	3.48813e+298	-3.65254e+297	-3.96277e+296	4.93106e+296	
264	4.54117e+284	4.83403e+298	2.38007e+298	-3.61365e+297	-4.18025e+296	4.94168e+296	
265	1.02514e+285	4.66834e+298	8.15764e+297	-3.58135e+297	-4.38672e+296	4.92996e+296	
266	1.27707e+285	4.56029e+298	-7.87669e+297	-3.56564e+297	-4.53832e+296	4.90381e+296	
267	1.1763e+285	4.56183e+298	-2.02268e+298	-3.56994e+297	-4.61048e+296	4.87359e+296	
268	8.06809e+284	4.70379e+298	-2.63292e+298	-3.59077e+297	-4.60296e+296	4.84984e+296	
269	3.19758e+284	4.97154e+298	-2.58708e+298	-3.62044e+297	-4.53449e+296	4.8415e+296	
270	-6.65234e+283	5.29672e+298	-2.05598e+298	-3.65104e+297	-4.43046e+296	4.85407e+296	
271	-2.17677e+284	5.57502e+298	-1.3109e+298	-3.67761e+297	-4.3105e+296	4.88796e+296	
272	-1.33703e+284	5.70582e+298	-5.96837e+297	-3.699e+297	-4.18241e+296	4.93774e+296	
273	1.35015e+284	5.63561e+298	-4.07619e+296	-3.71651e+297	-4.04522e+296	4.99314e+296	
274	4.37322e+284	5.38283e+298	3.68113e+297	-3.73149e+297	-3.89881e+296	5.04204e+296	
275	6.7245e+284	5.03032e+298	7.27502e+297	-3.74357e+297	-3.75386e+296	5.07458e+296	
276	7.22835e+284	4.68878e+298	1.13571e+298	-3.75043e+297	-3.63552e+296	5.08661e+296	
277	6.05271e+284	4.45057e+298	1.61788e+298	-3.74929e+297	-3.57745e+296	5.08082e+296	
278	3.36553e+284	4.35737e+298	2.10149e+298	-3.73903e+297	-3.60803e+296	5.065e+296	
279	6.56049e+281	4.39634e+298	2.44978e+298	-3.72161e+297	-3.73518e+296	5.04839e+296	
280	-3.18446e+284	4.52202e+298	2.53284e+298	-3.70202e+297	-3.9374e+296	5.03807e+296	
281	-5.19985e+284	4.68705e+298	2.29903e+298	-3.68659e+297	-4.16664e+296	5.03729e+296	
282	-5.87164e+284	4.8619e+298	1.81107e+298	-3.68049e+297	-4.36306e+296	5.04608e+296	
283	-5.0319e+284	5.03368e+298	1.22961e+298	-3.68566e+297	-4.47615e+296	5.06331e+296	
284	-2.84857e+284	5.18979e+298	7.511e+297	-3.70005e+297	-4.48377e+296	5.0884e+296	
285	-1.61388e+283	5.30288e+298	5.27577e+297	-3.71864e+297	-4.40043e+296	5.12124e+296	
286	2.52579e+284	5.33231e+298	6.02827e+297	-3.73559e+297	-4.27137e+296	5.16048e+296	
287	4.20528e+284	5.24478e+298	8.92021e+297	-3.74671e+297	-4.15433e+296	5.20171e+296	
288	4.87707e+284	5.04198e+298	1.21326e+298	-3.75104e+297	-4.0967e+296	5.23728e+296	
289	4.70912e+284	4.77544e+298	1.35821e+298	-3.75084e+297	-4.11742e+296	5.25864e+296	
290	4.03733e+284	4.53473e+298	1.17379e+298	-3.75021e+297	-4.20092e+296	5.2604e+296	
291	3.86938e+284	4.41109e+298	6.23599e+297	-3.75284e+297	-4.30519e+296	5.24374e+296	
292	3.53348e+284	4.4543e+298	-1.93395e+297	-3.76024e+297	-4.38005e+296	5.21696e+296	
293	3.70143e+284	4.64662e+298	-1.07239e+298	-3.77105e+297	-4.3877e+296	5.19247e+296	
294	3.70143e+284	4.90898e+298	-1.7684e+298	-3.78209e+297	-4.31715e+296	5.18123e+296	
295	3.36553e+284	5.13684e+298	-2.07458e+298	-3.7902e+297	-4.18729e+296	5.18788e+296	
296	2.69374e+284	5.24671e+298	-1.888e+298	-3.79421e+297	-4.03842e+296	5.20883e+296	
297	1.854e+284	5.20897e+298	-1.24369e+298	-3.79557e+297	-3.9167e+296	5.23458e+296	
298	1.1822e+284	5.05173e+298	-3.09e+297	-3.79752e+297	-3.85827e+296	5.25476e+296	
299	8.46303e+283	4.83769e+298	6.59419e+297	-3.80303e+297	-3.87867e+296	5.26312e+296	
300	1.5181e+284	4.63043e+298	1.38544e+298	-3.81277e+297	-3.97051e+296	5.25977e+296	
301	2.52579e+284	4.47015e+298	1.6539e+298	-3.82434e+297	-4.10825e+296	5.24985e+296	
302	3.86938e+284	4.36963e+298	1.38129e+298	-3.83334e+297	-4.25723e+296	5.23985e+296	
303	4.54117e+284	4.32673e+298	6.54651e+297	-3.83582e+297	-4.38318e+296	5.23407e+296	
304	4.54117e+284	4.33928e+298	-2.80261e+297	-3.83061e+297	-4.46011e+296	5.23349e+296	
305	3.19758e+284	4.40887e+298	-1.08873e+298	-3.82028e+297	-4.47547e+296	5.23717e+296	
306	6.78355e+283	4.53096e+298	-1.46147e+298	-3.80988e+297	-4.43263e+296	5.24479e+296	
307	-2.17677e+284	4.6808e+298	-1.23761e+298	-3.80414e+297	-4.35028e+296	5.25807e+296	
308	-4.19215e+284	4.80994e+298	-4.86048e+297	-3.8048e+297	-4.25831e+296	5.27957e+296	
309	-4.02421e+284	4.86185e+298	4.98799e+297	-3.80961e+297	-4.18967e+296	5.30974e+296	
310	-1.33703e+284	4.80101e+298	1.3007e+298	-3.81396e+297	-4.16974e+296	5.34424e+296	
311	3.02964e+284	4.63846e+298	1.55361e+298	-3.81412e+297	-4.20656e+296	5.37398e+296	
312	7.3963e+284	4.43524e+298	1.11154e+298	-3.81022e+297	-4.28623e+296	5.3887e+296	
313	9.74758e+284	4.27751e+298	1.34864e+297	-3.80692e+297	-4.37709e+296	5.38232e+296	
314	8.23604e+284	4.234e+298	-9.58603e+297	-3.8111e+297	-4.44195e+296	5.35722e+296	
315	3.36553e+284	4.31911e+298	-1.66876e+298	-3.82756e+297	-4.45411e+296	5.32447e+296	
316	-3.35241e+284	4.48344e+298	-1.64029e+298	-3.85539e+297	-4.40933e+296	5.29938e+296	
317	-8.72677e+284	4.63836e+298	-8.33392e+297	-3.88719e+297	-4.32767e+296	5.2946e+296	
318	-1.00704e+285	4.70152e+298	4.50662e+297	-3.91212e+297	-4.24342e+296	5.3142e+296	
319	-6.37549e+284	4.63757e+298	1.70972e+298	-3.92144e+297	-4.18802e+296	5.35215e+296	
320	1.01425e+284	4.47157e+298	2.48204e+298	-3.9133e+297	-4.17482e+296	5.39581e+296	
321	9.07578e+284	4.26898e+298	2.56721e+298	-3.89413e+297	-4.19446e+296	5.43231e+296	
322	1.39463e+285	4.09614e+298	2.11072e+298	-3.87538e+297	-4.2234e+296	5.45432e+296	
323	1.39463e+285	3.98614e+298	1.50529e+298	-3.86734e+297	-4.24085e+296	5.46213e+296	
324	9.24373e+284	3.92987e+298	1.16021e+298	-3.87337e+297	-4.24363e+296	5.46139e+296	
325	3.19758e+284	3.895e+298	1.26495e+298	-3.88805e+297	-4.24928e+296	5.45859e+296	
326	-8.33183e+283	3.85735e+298	1.67964e+298	-3.90047e+297	-4.28437e+296	5.45725e+296	
327	-4.97285e+283	3.82172e+298	2.01786e+298	-3.90094e+297	-4.36423e+296	5.45723e+296	
328	3.53348e+284	3.8175e+298	1.87867e+298	-3.88718e+297	-4.47665e+296	5.45701e+296	
329	9.07578e+284	3.87247e+298	1.09813e+298	-3.86643e+297	-4.58085e+296	5.45678e+296	
330	1.19309e+285	3.98395e+298	-1.26103e+297	-3.85169e+297	-4.62486e+296	5.45982e+296	
331	1.00835e+285	4.10921e+298	-1.31508e+298	-3.85439e+297	-4.57303e+296	5.47088e+296	
332	3.53348e+284	4.18454e+298	-1.95614e+298	-3.87735e+297	-4.42831e+296	5.49261e+296	
333	-4.696e+284	4.16245e+298	-1.78188e+298	-3.91238e+297	-4.23553e+296	5.52275e+296	
334	-1.05742e+285	4.04335e+298	-9.21676e+297	-3.94419e+297	-4.06188e+296	5.5543e+296	
335	-1.1078e+285	3.87961e+298	1.6395e+297	-3.9585e+297	-3.96436e+296	5.57908e+296	
336	-6.03959e+284	3.74706e+298	9.33324e+297	-3.94992e+297	-3.96207e+296	5.59254e+296	
337	1.68605e+284	3.70025e+298	1.05771e+298	-3.92498e+297	-4.02951e+296	5.59664e+296	
338	8.06809e+284	3.73921e+298	5.91536e+297	-3.89863e+297	-4.11521e+296	5.59871e+296	
339	1.00835e+285	3.8094e+298	-7.95464e+296	-3.88597e+297	-4.17467e+296	5.60673e+296	
340	7.22835e+284	3.83615e+298	-4.82571e+297	-3.89401e+297	-4.19775e+296	5.62391e+296	
341	1.68605e+284	3.77232e+298	-3.49584e+297	-3.91813e+297	-4.21289e+296	5.64618e+296	
342	-2.84857e+284	3.62932e+298	2.156e+297	-3.94516e+297	-4.26465e+296	5.66437e+296	
343	-3.85626e+284	3.47099e+298	7.98348e+297	-3.96134e+297	-4.37751e+296	5.67001e+296	
344	-8.33183e+283	3.37356e+298	9.29976e+297	-3.96035e+297	-4.52911e+296	5.66107e+296	
345	4.54117e+284	3.37662e+298	3.9044e+297	-3.94677e+297	-4.65196e+296	5.64406e+296	
346	9.41168e+284	3.45654e+298	-6.24775e+297	-3.93305e+297	-4.66633e+296	5.63082e+296	
347	1.12591e+285	3.53995e+298	-1.58016e+298	-3.93173e+297	-4.52806e+296	5.63184e+296	
348	9.74758e+284	3.54972e+298	-1.88474e+298	-3.94775e+297	-4.26339e+296	5.6503e+296	
349	6.05271e+284	3.45482e+298	-1.22869e+298	-3.97515e+297	-3.9685e+296	5.68031e+296	
350	2.18989e+284	3.29228e+298	2.20146e+297	-4.00035e+297	-3.7695e+296	5.7106e+296	
351	-4.97285e+283	3.14666e+298	1.8759e+298	-4.00993e+297	-3.76188e+296	5.73132e+296	
352	-1.84087e+284	3.09899e+298	3.02353e+298	-3.99843e+297	-3.96099e+296	5.73965e+296	
353	-2.00882e+284	3.17648e+298	3.18048e+298	-3.97161e+297	-4.29131e+296	5.74079e+296	
354	-1.67293e+284	3.33422e+298	2.33421e+298	-3.94347e+297	-4.62176e+296	5.74388e+296	
355	-6.65234e+283	3.48032e+298	9.29309e+297	-3.92866e+297	-4.82943e+296	5.75563e+296	
356	6.78355e+283	3.52893e+298	-3.81663e+297	-3.93485e+297	-4.858e+296	5.77585e+296	
357	3.02964e+284	3.44873e+298	-1.07994e+298	-3.95914e+297	-4.74015e+296	5.79776e+296	
358	5.88476e+284	3.27755e+298	-1.02575e+298	-3.99051e+297	-4.57243e+296	5.81275e+296	
359	7.56425e+284	3.09566e+298	-4.7985e+297	-4.01632e+297	-4.45771e+296	5.81632e+296	
360	6.89245e+284	2.97551e+298	9.49518e+296	-4.02913e+297	-4.44745e+296	5.81124e+296	
361	3.36553e+284	2.94026e+298	3.25813e+297	-4.02992e+297	-4.51592e+296	5.80565e+296	
362	-1.84087e+284	2.95603e+298	1.43455e+297	-4.02605e+297	-4.57982e+296	5.8076e+296	
363	-6.37549e+284	2.9611e+298	-2.00212e+297	-4.02569e+297	-4.55135e+296	5.81942e+296	
364	-7.88702e+284	2.9112e+298	-3.09351e+297	-4.03235e+297	-4.39425e+296	5.83595e+296	
365	-5.0319e+284	2.8108e+298	9.6711e+296	-4.04268e+297	-4.15091e+296	5.84782e+296	
366	1.1822e+284	2.71023e+298	9.97386e+297	-4.04888e+297	-3.92533e+296	5.84761e+296	
367	8.40399e+284	2.67127e+298	2.06349e+298	-4.04399e+297	-3.83089e+296	5.83501e+296	
368	1.36104e+285	2.72449e+298	2.8275e+298	-4.02668e+297	-3.93115e+296	5.81731e+296	
369	1.51219e+285	2.84673e+298	2.92933e+298	-4.00268e+297	-4.20523e+296	5.80507e+296	
370	1.20989e+285	2.97332e+298	2.29783e+298	-3.98197e+297	-4.55535e+296	5.80547e+296	
371	6.22066e+284	3.03727e+298	1.17176e+298	-3.97341e+297	-4.85194e+296	5.8179e+296	
372	-1.61388e+283	3.00998e+298	-4.11676e+296	-3.98006e+297	-4.99247e+296	5.83454e+296	
373	-4.52805e+284	2.91747e+298	-9.78629e+297	-3.99781e+297	-4.94434e+296	5.84559e+296	
374	-6.03959e+284	2.82214e+298	-1.48876e+298	-4.01801e+297	-4.75222e+296	5.84581e+296	
375	-4.696e+284	2.78238e+298	-1.66011e+298	-4.03263e+297	-4.50922e+296	5.83799e+296	
376	-1.16908e+284	2.81573e+298	-1.71303e+298	-4.03865e+297	-4.30909e+296	5.8312e+296	
377	2.35784e+284	2.88876e+298	-1.8272e+298	-4.03955e+297	-4.20448e+296	5.83485e+296	
378	5.04502e+284	2.9389e+298	-2.01127e+298	-4.04279e+297	-4.19068e+296	5.85252e+296	
379	5.88476e+284	2.91348e+298	-2.08942e+298	-4.05513e+297	-4.21943e+296	5.87935e+296	
380	4.70912e+284	2.80101e+298	-1.80936e+298	-4.07814e+297	-4.23237e+296	5.90485e+296	
381	2.02194e+284	2.63601e+298	-1.00673e+298	-4.10668e+297	-4.19484e+296	5.91909e+296	
382	-8.33183e+283	2.47638e+298	2.68796e+297	-4.13101e+297	-4.11323e+296	5.91832e+296	
383	-3.01651e+284	2.36942e+298	1.73687e+298	-4.14148e+297	-4.02879e+296	5.90652e+296	
384	-3.35241e+284	2.3285e+298	2.99024e+298	-4.13344e+297	-3.99341e+296	5.89222e+296	
385	-1.00113e+284	2.3336e+298	3.66632e+298	-4.10968e+297	-4.0412e+296	5.88269e+296	
386	2.86169e+284	2.35216e+298	3.6007e+298	-4.07952e+297	-4.17033e+296	5.87977e+296	
387	6.89245e+284	2.364e+298	2.88863e+298	-4.05467e+297	-4.34324e+296	5.87982e+296	
388	8.57194e+284	2.37262e+298	1.82877e+298	-4.04412e+297	-4.50403e+296	5.87757e+296	
389	6.7245e+284	2.39645e+298	7.81276e+297	-4.05039e+297	-4.60338e+296	5.87112e+296	
390	1.854e+284	2.44831e+298	1.19202e+296	-4.06877e+297	-4.61912e+296	5.86427e+296	
391	-3.68831e+284	2.51945e+298	-4.03851e+297	-4.08988e+297	-4.56305e+296	5.86439e+296	
392	-6.87933e+284	2.58081e+298	-5.75346e+297	-4.10429e+297	-4.47192e+296	5.87733e+296	
393	-6.03959e+284	2.60105e+298	-6.99303e+297	-4.10696e+297	-4.38816e+296	5.90271e+296	
394	-6.65234e+283	2.56837e+298	-9.24752e+297	-4.0995e+297	-4.34005e+296	5.93304e+296	
395	6.55656e+284	2.50017e+298	-1.25118e+298	-4.08921e+297	-4.33114e+296	5.95757e+296	
396	1.14271e+285	2.43264e+298	-1.51357e+298	-4.08529e+297	-4.34328e+296	5.96849e+296	
397	1.10912e+285	2.397e+298	-1.46431e+298	-4.09409e+297	-4.35094e+296	5.96558e+296	
398	5.04502e+284	2.3987e+298	-9.12824e+297	-4.11558e+297	-4.33856e+296	5.95619e+296	
399	-3.68831e+284	2.41468e+298	1.47045e+297	-4.14291e+297	-4.31146e+296	5.95045e+296	
400	-1.07421e+285	2.41117e+298	1.48943e+298	-4.16526e+297	-4.29404e+296	5.95486e+296	
401	-1.19178e+285	2.37015e+298	2.71967e+298	-4.17288e+297	-4.31591e+296	5.96832e+296	
402	-6.54343e+284	2.30567e+298	3.42627e+298	-4.16179e+297	-4.39326e+296	5.98334e+296	
403	3.19758e+284	2.25729e+298	3.35439e+298	-4.13598e+297	-4.5156e+296	5.99149e+296	
404	1.24348e+285	2.26344e+298	2.52021e+298	-4.1059e+297	-4.64574e+296	5.98963e+296	
405	1.71373e+285	2.33189e+298	1.21099e+298	-4.08381e+297	-4.73409e+296	5.9826e+296	
406	1.51219e+285	2.42799e+298	-1.30941e+297	-4.07842e+297	-4.74096e+296	5.98053e+296	
407	8.06809e+284	2.49073e+298	-1.08723e+298	-4.09112e+297	-4.65612e+296	5.99223e+296	
408	3.42458e+283	2.46882e+298	-1.42368e+298	-4.1158e+297	-4.5058e+296	6.01891e+296	
409	-4.19215e+284	2.35484e+298	-1.1611e+298	-4.14222e+297	-4.34348e+296	6.05236e+296	
410	-3.85626e+284	2.19526e+298	-5.32067e+297	-4.16102e+297	-4.22865e+296	6.07894e+296	
411	6.56049e+281	2.06809e+298	1.45696e+297	-4.1679e+297	-4.20325e+296	6.08727e+296	
412	4.37322e+284	2.03996e+298	6.12148e+297	-4.16502e+297	-4.27607e+296	6.07489e+296	
413	6.22066e+284	2.12771e+298	7.56307e+297	-4.15889e+297	-4.4212e+296	6.04999e+296	
414	4.70912e+284	2.28767e+298	6.22485e+297	-4.15631e+297	-4.58977e+296	6.02708e+296	
415	1.35015e+284	2.4396e+298	3.44671e+297	-4.16063e+297	-4.72858e+296	6.01919e+296	
416	-1.16908e+284	2.51135e+298	5.65497e+296	-4.1702e+297	-4.79763e+296	6.03113e+296	
417	-1.50498e+284	2.47817e+298	-1.7112e+297	-4.17976e+297	-4.78029e+296	6.05766e+296	
418	8.46303e+283	2.37368e+298	-3.38526e+297	-4.18385e+297	-4.68444e+296	6.0873e+296	
419	4.20528e+284	2.26713e+298	-4.78887e+297	-4.18003e+297	-4.53652e+296	6.10922e+296	
420	6.38861e+284	2.22121e+298	-6.08687e+297	-4.17041e+297	-4.37228e+296	6.11893e+296	
421	5.71681e+284	2.25595e+298	-7.01547e+297	-4.16047e+297	-4.22731e+296	6.1197e+296	
422	3.02964e+284	2.33968e+298	-7.0092e+297	-4.15618e+297	-4.12926e+296	6.11917e+296	
423	-3.29337e+283	2.41088e+298	-5.59606e+297	-4.16091e+297	-4.09222e+296	6.12379e+296	
424	-1.67293e+284	2.41665e+298	-2.77605e+297	-4.1738e+297	-4.11407e+296	6.13469e+296	
425	-1.61388e+283	2.3441e+298	8.71532e+296	-4.19036e+297	-4.17756e+296	6.1474e+296	
426	2.86169e+284	2.22657e+298	4.42017e+297	-4.20469e+297	-4.25573e+296	6.15539e+296	
427	5.04502e+284	2.12246e+298	7.02534e+297	-4.21218e+297	-4.32075e+296	6.15484e+296	
428	4.03733e+284	2.0805e+298	8.30398e+297	-4.21129e+297	-4.35346e+296	6.14752e+296	
429	3.42458e+283	2.11258e+298	8.4676e+297	-4.20373e+297	-4.34984e+296	6.13998e+296	
430	-4.52805e+284	2.18945e+298	8.16581e+297	-4.1932e+297	-4.32142e+296	6.13966e+296	
431	-7.88702e+284	2.26034e+298	8.14793e+297	-4.18356e+297	-4.28955e+296	6.15032e+296	
432	-7.88702e+284	2.2837e+298	8.9157e+297	-4.17735e+297	-4.27594e+296	6.16958e+296	
433	-4.52805e+284	2.25067e+298	1.05061e+298	-4.17523e+297	-4.29388e+296	6.19002e+296	
434	1.01425e+284	2.18884e+298	1.2459e+298	-4.17626e+297	-4.34381e+296	6.20305e+296	
435	6.22066e+284	2.14516e+298	1.39541e+298	-4.17883e+297	-4.41416e+296	6.20337e+296	
436	9.07578e+284	2.15937e+298	1.40733e+298	-4.18155e+297	-4.48616e+296	6.19158e+296	
437	9.07578e+284	2.24246e+298	1.21362e+298	-4.18389e+297	-4.53981e+296	6.17377e+296	
438	6.89245e+284	2.37137e+298	8.03369e+297	-4.18624e+297	-4.5589e+296	6.15855e+296	
439	3.86938e+284	2.50079e+298	2.44217e+297	-4.1896e+297	-4.53472e+296	6.1532e+296	
440	1.01425e+284	2.5845e+298	-3.222e+297	-4.19504e+297	-4.46888e+296	6.16088e+296	
441	-1.00113e+284	2.59488e+298	-7.19165e+297	-4.20301e+297	-4.37545e+296	6.17983e+296	
442	-2.51267e+284	2.532e+298	-8.01472e+297	-4.21294e+297	-4.28084e+296	6.20457e+296	
443	-3.68831e+284	2.41982e+298	-5.24392e+297	-4.22323e+297	-4.21919e+296	6.22823e+296	
444	-4.3601e+284	2.29357e+298	2.02594e+296	-4.23177e+297	-4.2221e+296	6.24477e+296	
445	-4.19215e+284	2.1851e+298	6.27631e+297	-4.23677e+297	-4.30499e+296	6.2506e+296	
446	-2.51267e+284	2.11262e+298	1.06224e+298	-4.2376e+297	-4.45601e+296	6.2452e+296	
447	3.42458e+283	2.07771e+298	1.16518e+298	-4.23514e+297	-4.63429e+296	6.23092e+296	
448	3.70143e+284	2.06932e+298	9.32186e+297	-4.23138e+297	-4.78162e+296	6.21212e+296	
449	6.89245e+284	2.07162e+298	5.17572e+297	-4.22836e+297	-4.84467e+296	6.19391e+296	
450	8.57194e+284	2.07214e+298	1.54995e+297	-4.22709e+297	-4.79868e+296	6.18077e+296	
451	8.23604e+284	2.06688e+298	3.24158e+296	-4.22697e+297	-4.66083e+296	6.17537e+296	
452	6.7245e+284	2.06062e+298	1.87418e+297	-4.22621e+297	-4.48531e+296	6.178e+296	
453	4.54117e+284	2.06283e+298	4.82536e+297	-4.22308e+297	-4.34072e+296	6.18687e+296	
454	2.69374e+284	2.08119e+298	6.78609e+297	-4.21723e+297	-4.2797e+296	6.199e+296	
455	1.68605e+284	2.11625e+298	5.69581e+297	-4.21034e+297	-4.31562e+296	6.21145e+296	
456	1.5181e+284	2.1602e+298	1.05732e+297	-4.20553e+297	-4.41779e+296	6.22214e+296	
457	1.854e+284	2.20059e+298	-5.64043e+297	-4.20571e+297	-4.52779e+296	6.23003e+296	
458	2.35784e+284	2.22711e+298	-1.15709e+298	-4.21187e+297	-4.58845e+296	6.23488e+296	
459	2.69374e+284	2.23741e+298	-1.39631e+298	-4.22222e+297	-4.57074e+296	6.23687e+296	
460	2.02194e+284	2.23794e+298	-1.15007e+298	-4.23284e+297	-4.48538e+296	6.23652e+296	
461	5.10406e+283	2.23903e+298	-4.98732e+297	-4.23956e+297	-4.37427e+296	6.23492e+296	
462	-1.50498e+284	2.24666e+298	3.05384e+297	-4.24015e+297	-4.28741e+296	6.23393e+296	
463	-3.01651e+284	2.2563e+298	9.60179e+297	-4.23548e+297	-4.25823e+296	6.23589e+296	
464	-2.84857e+284	2.25333e+298	1.25182e+298	-4.22917e+297	-4.28955e+296	6.2427e+296	
465	-1.61388e+283	2.22059e+298	1.1389e+298	-4.22572e+297	-4.3561e+296	6.25465e+296	
466	4.70912e+284	2.14925e+298	7.47547e+297	-4.22828e+297	-4.42007e+296	6.26968e+296	
467	1.04194e+285	2.04635e+298	2.92356e+297	-4.23713e+297	-4.45028e+296	6.28384e+296	
468	1.4954e+285	1.93391e+298	-2.59027e+296	-4.24974e+297	-4.43488e+296	6.29283e+296	
469	1.56258e+285	1.83954e+298	-9.17386e+296	-4.26221e+297	-4.38284e+296	6.29397e+296	
470	1.1595e+285	1.78336e+298	1.10655e+297	-4.27117e+297	-4.31614e+296	6.28764e+296	
471	3.53348e+284	1.76913e+298	5.28287e+297	-4.27512e+297	-4.25884e+296	6.2772e+296	
472	-6.03959e+284	1.78435e+298	1.08019e+298	-4.2745e+297	-4.22918e+296	6.26753e+296	
473	-1.37652e+285	1.80945e+298	1.67689e+298	-4.27071e+297	-4.23712e+296	6.26281e+296	
474	-1.61165e+285	1.83001e+298	2.21295e+298	-4.26484e+297	-4.28545e+296	6.26482e+296	
475	-1.24216e+285	1.84444e+298	2.55426e+298	-4.25702e+297	-4.37071e+296	6.2726e+296	
476	-4.02421e+284	1.86249e+298	2.55024e+298	-4.24687e+297	-4.48195e+296	6.28341e+296	
477	5.54886e+284	1.8959e+298	2.08447e+298	-4.2346e+297	-4.59866e+296	6.29443e+296	
478	1.22668e+285	1.94731e+298	1.14583e+298	-4.22208e+297	-4.69164e+296	6.30408e+296	
479	1.41142e+285	2.00491e+298	-1.21444e+297	-4.21293e+297	-4.72951e+296	6.31231e+296	
480	1.10912e+285	2.04637e+298	-1.42897e+298	-4.21141e+297	-4.69045e+296	6.3199e+296	
481	5.88476e+284	2.04972e+298	-2.42837e+298	-4.22046e+297	-4.5738e+296	6.32753e+296	
482	1.1822e+284	2.00483e+298	-2.83892e+298	-4.24005e+297	-4.40511e+296	6.33513e+296	
483	-6.65234e+283	1.91861e+298	-2.56088e+298	-4.26653e+297	-4.22999e+296	6.3421e+296	
484	1.74509e+283	1.81168e+298	-1.71803e+298	-4.2936e+297	-4.09828e+296	6.34792e+296	
485	2.18989e+284	1.7088e+298	-6.05486e+297	-4.31445e+297	-4.04495e+296	6.35268e+296	
486	2.69374e+284	1.62932e+298	4.34102e+297	-4.32408e+297	-4.07699e+296	6.35709e+296	
487	1.01425e+284	1.58224e+298	1.14716e+298	-4.32096e+297	-4.17272e+296	6.3618e+296	
488	-2.00882e+284	1.56738e+298	1.45438e+298	-4.30724e+297	-4.29378e+296	6.36677e+296	
489	-4.52805e+284	1.57955e+298	1.44779e+298	-4.28769e+297	-4.40378e+296	6.37114e+296	
490	-4.02421e+284	1.61182e+298	1.30838e+298	-4.26786e+297	-4.48386e+296	6.37369e+296	
491	-4.97285e+283	1.65563e+298	1.19226e+298	-4.25224e+297	-4.53767e+296	6.37387e+296	
492	4.70912e+284	1.69905e+298	1.14624e+298	-4.24322e+297	-4.5836e+296	6.37231e+296	
493	8.73989e+284	1.72682e+298	1.09485e+298	-4.24095e+297	-4.63915e+296	6.37075e+296	
494	9.91553e+284	1.7245e+298	9.01595e+297	-4.244e+297	-4.70626e+296	6.37103e+296	
495	7.7322e+284	1.68587e+298	4.68094e+297	-4.25039e+297	-4.76588e+296	6.37403e+296	
496	4.37322e+284	1.61898e+298	-1.84067e+297	-4.25838e+297	-4.78511e+296	6.37913e+296	
497	2.18989e+284	1.54599e+298	-8.94251e+297	-4.26697e+297	-4.73375e+296	6.38466e+296	
498	2.52579e+284	1.49488e+298	-1.41936e+298	-4.27574e+297	-4.60195e+296	6.38907e+296	
499	5.04502e+284	1.48645e+298	-1.5406e+298	-4.28456e+297	-4.41015e+296	6.39207e+296	
500	8.57194e+284	1.52327e+298	-1.16939e+298	-4.29308e+297	-4.20572e+296	6.3949e+296	
501	1.04194e+285	1.58728e+298	-4.00698e+297	-4.30068e+297	-4.04712e+296	6.39959e+296	
502	8.73989e+284	1.64773e+298	5.13957e+297	-4.30652e+297	-3.98205e+296	6.4075e+296	
503	3.70143e+284	1.67537e+298	1.26432e+298	-4.30997e+297	-4.029e+296	6.41818e+296	
504	-3.01651e+284	1.65544e+298	1.60793e+298	-4.31104e+297	-4.16998e+296	6.42927e+296	
505	-8.39087e+284	1.59244e+298	1.4695e+298	-4.31044e+297	-4.35751e+296	6.43749e+296	
506	-1.1078e+285	1.5053e+298	9.69119e+297	-4.30935e+297	-4.53288e+296	6.44026e+296	
507	-9.90241e+284	1.41655e+298	3.6688e+297	-4.30888e+297	-4.64786e+296	6.43703e+296	
508	-5.70369e+284	1.34251e+298	-5.11373e+296	-4.30943e+297	-4.68106e+296	6.42945e+296	
509	-1.61388e+283	1.28967e+298	-9.50819e+296	-4.31044e+297	-4.64255e+296	6.42059e+296	
510	5.04502e+284	1.25779e+298	2.51804e+297	-4.31067e+297	-4.56564e+296	6.41352e+296	
511	8.90784e+284	1.24566e+298	8.33982e+297	-4.30888e+297	-4.49012e+296	6.41022e+296	
512	1.07553e+285	1.2543e+298	1.39917e+298	-4.30476e+297	-4.44463e+296	6.41122e+296	
513	1.00835e+285	1.28491e+298	1.7127e+298	-4.29939e+297	-4.43581e+296	6.416e+296	
514	6.7245e+284	1.33352e+298	1.65873e+298	-4.29501e+297	-4.44844e+296	6.42358e+296	
515	1.35015e+284	1.3872e+298	1.28414e+298	-4.29406e+297	-4.45573e+296	6.43285e+296	
516	-4.3601e+284	1.42641e+298	7.68507e+297	-4.29793e+297	-4.43454e+296	6.44242e+296	
517	-8.05497e+284	1.43353e+298	3.36468e+297	-4.30594e+297	-4.37818e+296	6.45033e+296	
518	-7.71908e+284	1.40313e+298	1.54097e+297	-4.31529e+297	-4.30106e+296	6.45411e+296	
519	-2.17677e+284	1.34739e+298	2.55425e+297	-4.32203e+297	-4.23292e+296	6.45145e+296	
520	6.55656e+284	1.29231e+298	5.30378e+297	-4.32281e+297	-4.20547e+296	6.44139e+296	
521	1.4954e+285	1.26547e+298	7.77497e+297	-4.31654e+297	-4.23739e+296	6.42532e+296	
522	1.86489e+285	1.28185e+298	7.97122e+297	-4.3053e+297	-4.32445e+296	6.40703e+296	
523	1.54578e+285	1.33525e+298	4.84447e+297	-4.29377e+297	-4.43936e+296	6.39169e+296	
524	6.38861e+284	1.4005e+298	-1.17165e+297	-4.28747e+297	-4.54165e+296	6.3839e+296	
525	-5.0319e+284	1.44545e+298	-8.25418e+297	-4.29037e+297	-4.59384e+296	6.38583e+296	
526	-1.34293e+285	1.44651e+298	-1.38814e+298	-4.30303e+297	-4.57684e+296	6.39631e+296	
527	-1.52768e+285	1.39956e+298	-1.58502e+298	-4.32202e+297	-4.49822e+296	6.41129e+296	
528	-9.90241e+284	1.32084e+298	-1.32073e+298	-4.34119e+297	-4.38912e+296	6.42559e+296	
529	6.56049e+281	1.23797e+298	-6.70082e+297	-4.35415e+297	-4.29109e+296	6.43503e+296	
530	9.24373e+284	1.17623e+298	1.46287e+297	-4.35704e+297	-4.23813e+296	6.43799e+296	
531	1.34424e+285	1.14727e+298	8.48452e+297	-4.35031e+297	-4.2421e+296	6.43574e+296	
532	1.20989e+285	1.14551e+298	1.21129e+298	-4.33855e+297	-4.28825e+296	6.43149e+296	
533	6.89245e+284	1.1533e+298	1.15651e+298	-4.32848e+297	-4.34351e+296	6.42861e+296	
534	2.18989e+284	1.15128e+298	7.8007e+297	-4.32574e+297	-4.37382e+296	6.42899e+296	
535	8.46303e+283	1.1287e+298	3.00041e+297	-4.33219e+297	-4.36225e+296	6.43224e+296	
536	3.19758e+284	1.08864e+298	-5.18809e+296	-4.34491e+297	-4.31851e+296	6.43601e+296	
537	7.3963e+284	1.04645e+298	-1.4303e+297	-4.35756e+297	-4.27458e+296	6.43738e+296	
538	1.00835e+285	1.02242e+298	5.86767e+294	-4.36349e+297	-4.26781e+296	6.4345e+296	
539	8.57194e+284	1.03229e+298	2.19569e+297	-4.35924e+297	-4.32003e+296	6.42775e+296	
540	2.69374e+284	1.07979e+298	3.191e+297	-4.34646e+297	-4.42369e+296	6.41981e+296	
541	-4.86395e+284	1.15421e+298	1.86986e+297	-4.33134e+297	-4.54317e+296	6.41451e+296	
542	-1.07421e+285	1.23394e+298	-1.34407e+297	-4.32167e+297	-4.63138e+296	6.41502e+296	
543	-1.22537e+285	1.29469e+298	-4.65281e+297	-4.32294e+297	-4.65336e+296	6.42216e+296	
544	-8.89472e+284	1.31888e+298	-5.8821e+297	-4.3355e+297	-4.60418e+296	6.43386e+296	
545	-2.68062e+284	1.30233e+298	-3.7576e+297	-4.35427e+297	-4.51095e+296	6.44595e+296	
546	3.02964e+284	1.25517e+298	1.28085e+297	-4.37133e+297	-4.41749e+296	6.45416e+296	
547	5.88476e+284	1.19671e+298	7.23048e+297	-4.37986e+297	-4.36003e+296	6.45623e+296	
548	5.38092e+284	1.1465e+298	1.15979e+298	-4.37759e+297	-4.34788e+296	6.45304e+296	
549	2.86169e+284	1.11604e+298	1.27959e+298	-4.36767e+297	-4.3606e+296	6.44817e+296	
550	8.46303e+283	1.10521e+298	1.10468e+298	-4.35672e+297	-4.36381e+296	6.446e+296	
551	6.78355e+283	1.10485e+298	8.2328e+297	-4.35101e+297	-4.33437e+296	6.4494e+296	
552	2.18989e+284	1.10376e+298	6.74441e+297	-4.353e+297	-4.27943e+296	6.45824e+296	
553	4.37322e+284	1.09559e+298	7.9887e+297	-4.36014e+297	-4.23664e+296	6.4695e+296	
554	6.05271e+284	1.08174e+298	1.14534e+298	-4.3666e+297	-4.25335e+296	6.47899e+296	
555	6.05271e+284	1.06896e+298	1.49264e+298	-4.36696e+297	-4.35594e+296	6.48355e+296	
556	4.70912e+284	1.06375e+298	1.57927e+298	-4.35954e+297	-4.52714e+296	6.48264e+296	
557	2.69374e+284	1.06803e+298	1.26653e+298	-4.34761e+297	-4.70654e+296	6.47824e+296	
558	1.35015e+284	1.07912e+298	6.36836e+297	-4.33762e+297	-4.81647e+296	6.47351e+296	
559	1.68605e+284	1.09386e+298	-3.68894e+296	-4.33549e+297	-4.80118e+296	6.47087e+296	
560	3.19758e+284	1.11332e+298	-4.39546e+297	-4.34324e+297	-4.65788e+296	6.47094e+296	
561	4.37322e+284	1.14354e+298	-3.97145e+297	-4.35771e+297	-4.44181e+296	6.47274e+296	
562	5.04502e+284	1.19068e+298	1.31152e+296	-4.3724e+297	-4.24078e+296	6.47503e+296	
563	4.03733e+284	1.253e+298	4.95629e+297	-4.38108e+297	-4.13174e+296	6.47753e+296	
564	2.35784e+284	1.31586e+298	7.00043e+297	-4.38132e+297	-4.14227e+296	6.4813e+296	
565	8.46303e+283	1.35476e+298	4.26065e+297	-4.37566e+297	-4.23816e+296	6.48777e+296	
566	5.10406e+283	1.3467e+298	-2.48199e+297	-4.36999e+297	-4.34402e+296	6.49721e+296	
567	1.5181e+284	1.28429e+298	-9.92036e+297	-4.3699e+297	-4.38603e+296	6.50787e+296	
568	3.02964e+284	1.18375e+298	-1.39363e+298	-4.37732e+297	-4.33342e+296	6.51639e+296	
569	4.37322e+284	1.08051e+298	-1.18546e+298	-4.3893e+297	-4.21575e+296	6.51957e+296	
570	5.04502e+284	1.01306e+298	-3.99185e+297	-4.39972e+297	-4.10653e+296	6.51631e+296	
571	4.87707e+284	1.00344e+298	6.37294e+297	-4.40278e+297	-4.0819e+296	6.50849e+296	
572	3.19758e+284	1.04562e+298	1.4615e+298	-4.3964e+297	-4.17694e+296	6.50003e+296	
573	1.01425e+284	1.10917e+298	1.71088e+298	-4.38351e+297	-4.36351e+296	6.49477e+296	
574	-1.50498e+284	1.15682e+298	1.3052e+298	-4.37046e+297	-4.56178e+296	6.49442e+296	
575	-2.84857e+284	1.16572e+298	4.81612e+297	-4.36364e+297	-4.67956e+296	6.49786e+296	
576	-3.01651e+284	1.13974e+298	-3.32482e+297	-4.36607e+297	-4.65876e+296	6.50235e+296	
577	-1.33703e+284	1.10531e+298	-7.37953e+297	-4.37595e+297	-4.50513e+296	6.50572e+296	
578	1.854e+284	1.09339e+298	-5.5828e+297	-4.38777e+297	-4.28628e+296	6.50793e+296	
579	5.54886e+284	1.11906e+298	8.72062e+296	-4.39535e+297	-4.0996e+296	6.5109e+296	
580	8.23604e+284	1.17177e+298	8.60047e+297	-4.39492e+297	-4.02694e+296	6.5167e+296	
581	8.90784e+284	1.22264e+298	1.37986e+298	-4.38685e+297	-4.09815e+296	6.52523e+296	
582	7.56425e+284	1.24411e+298	1.40616e+298	-4.37497e+297	-4.28035e+296	6.53323e+296	
583	4.37322e+284	1.22927e+298	9.35821e+297	-4.36439e+297	-4.49595e+296	6.53574e+296	
584	8.46303e+283	1.19775e+298	1.79242e+297	-4.35889e+297	-4.65888e+296	6.52908e+296	
585	-1.84087e+284	1.18377e+298	-5.57599e+297	-4.35954e+297	-4.7109e+296	6.51385e+296	
586	-3.01651e+284	1.21332e+298	-1.01508e+298	-4.36493e+297	-4.64191e+296	6.49557e+296	
587	-2.17677e+284	1.28483e+298	-1.07523e+298	-4.3727e+297	-4.48769e+296	6.48242e+296	
588	-3.29337e+283	1.36618e+298	-7.74926e+297	-4.3812e+297	-4.30932e+296	6.48101e+296	
589	1.35015e+284	1.41078e+298	-2.49402e+297	-4.39021e+297	-4.16619e+296	6.49254e+296	
590	1.854e+284	1.38366e+298	3.49074e+297	-4.40035e+297	-4.09501e+296	6.51182e+296	
591	1.68605e+284	1.28228e+298	9.09678e+297	-4.41173e+297	-4.10229e+296	6.52979e+296	
592	1.854e+284	1.13953e+298	1.37524e+298	-4.42275e+297	-4.17009e+296	6.53812e+296	
593	2.52579e+284	1.00747e+298	1.71738e+298	-4.43008e+297	-4.26921e+296	6.53351e+296	
594	4.03733e+284	9.31398e+297	1.90474e+298	-4.42996e+297	-4.37218e+296	6.51898e+296	
595	5.71681e+284	9.29396e+297	1.89327e+298	-4.42021e+297	-4.46084e+296	6.50178e+296	
596	6.22066e+284	9.87964e+297	1.64741e+298	-4.40191e+297	-4.52725e+296	6.48915e+296	
597	4.70912e+284	1.07434e+298	1.17647e+298	-4.37968e+297	-4.5704e+296	6.48466e+296	
598	1.01425e+284	1.15606e+298	5.58201e+297	-4.36021e+297	-4.59226e+296	6.48713e+296	
599	-3.85626e+284	1.21529e+298	-7.25543e+296	-4.34973e+297	-4.59548e+296	6.49248e+296	
600	-7.55113e+284	1.25055e+298	-5.70668e+297	-4.35137e+297	-4.58307e+296	6.49704e+296	
601	-8.22292e+284	1.26776e+298	-8.4053e+297	-4.36392e+297	-4.55867e+296	6.49991e+296	
602	-5.53574e+284	1.26942e+298	-8.75976e+297	-4.38235e+297	-4.52597e+296	6.50287e+296	
603	-3.29337e+283	1.25092e+298	-7.5622e+297	-4.40008e+297	-4.48713e+296	6.50815e+296	
604	5.71681e+284	1.20672e+298	-5.97504e+297	-4.4118e+297	-4.44144e+296	6.51575e+296	
605	9.91553e+284	1.1406e+298	-4.85811e+297	-4.41556e+297	-4.386e+296	6.5225e+296	
606	1.10912e+285	1.07093e+298	-4.28568e+297	-4.41311e+297	-4.31906e+296	6.52364e+296	
607	8.90784e+284	1.02476e+298	-3.546e+297	-4.40849e+297	-4.24465e+296	6.51608e+296	
608	4.54117e+284	1.02312e+298	-1.65274e+297	-4.40556e+297	-4.17559e+296	6.50102e+296	
609	-6.65234e+283	1.06664e+298	1.90447e+297	-4.40596e+297	-4.13164e+296	6.48415e+296	
610	-4.02421e+284	1.13198e+298	6.61121e+297	-4.40838e+297	-4.13229e+296	6.47293e+296	
611	-4.696e+284	1.18273e+298	1.09474e+298	-4.40966e+297	-4.18644e+296	6.4725e+296	
612	-2.34472e+284	1.18932e+298	1.30435e+298	-4.40697e+297	-4.28425e+296	6.48275e+296	
613	1.854e+284	1.14597e+298	1.16741e+298	-4.39977e+297	-4.39651e+296	6.49839e+296	
614	5.54886e+284	1.07393e+298	7.05606e+297	-4.39044e+297	-4.48351e+296	6.51195e+296	
615	7.0604e+284	1.00879e+298	9.6882e+296	-4.38316e+297	-4.51097e+296	6.51802e+296	
616	5.38092e+284	9.79739e+297	-3.9519e+297	-4.38158e+297	-4.46562e+296	6.51613e+296	
617	1.1822e+284	9.9343e+297	-5.44405e+297	-4.38668e+297	-4.36259e+296	6.51053e+296	
618	-4.19215e+284	1.03228e+298	-2.75202e+297	-4.39613e+297	-4.23984e+296	6.50729e+296	
619	-8.05497e+284	1.06754e+298	2.95318e+297	-4.40546e+297	-4.14146e+296	6.51044e+296	
620	-8.72677e+284	1.07805e+298	9.12781e+297	-4.41055e+297	-4.09772e+296	6.51974e+296	
621	-5.53574e+284	1.06249e+298	1.31227e+298	-4.40987e+297	-4.11207e+296	6.53105e+296	
622	1.74509e+283	1.03761e+298	1.35013e+298	-4.40529e+297	-4.16192e+296	6.53916e+296	
623	5.54886e+284	1.02459e+298	1.07001e+298	-4.40078e+297	-4.21295e+296	6.54088e+296	
624	8.23604e+284	1.03337e+298	6.67657e+297	-4.39987e+297	-4.23913e+296	6.53662e+296	
625	7.22835e+284	1.05571e+298	3.75225e+297	-4.40347e+297	-4.23719e+296	6.52958e+296	
626	3.53348e+284	1.07142e+298	3.31222e+297	-4.40925e+297	-4.22741e+296	6.52336e+296	
627	-3.29337e+283	1.06285e+298	5.09889e+297	-4.41319e+297	-4.24011e+296	6.51978e+296	
628	-1.84087e+284	1.02745e+298	7.48685e+297	-4.41223e+297	-4.29588e+296	6.5182e+296	
629	-1.61388e+283	9.79528e+297	8.54724e+297	-4.40654e+297	-4.39082e+296	6.5167e+296	
630	4.20528e+284	9.40372e+297	7.24645e+297	-4.39967e+297	-4.49603e+296	6.51407e+296	
631	8.73989e+284	9.23845e+297	4.05328e+297	-4.39665e+297	-4.57173e+296	6.51101e+296	
632	1.10912e+285	9.27766e+297	5.97419e+296	-4.4008e+297	-4.58826e+296	6.50977e+296	
633	9.41168e+284	9.37033e+297	-1.39185e+297	-4.4114e+297	-4.54199e+296	6.51248e+296	
634	4.37322e+284	9.36026e+297	-1.19176e+297	-4.42368e+297	-4.45696e+296	6.5195e+296	
635	-1.50498e+284	9.21026e+297	4.67206e+296	-4.43129e+297	-4.37166e+296	6.52906e+296	
636	-5.53574e+284	9.03307e+297	1.9065e+297	-4.42991e+297	-4.3188e+296	6.53832e+296	
637	-6.37549e+284	9.00165e+297	1.64814e+297	-4.41998e+297	-4.30978e+296	6.54526e+296	
638	-4.3601e+284	9.20074e+297	-5.21088e+296	-4.40673e+297	-4.33237e+296	6.54985e+296	
639	-1.33703e+284	9.52913e+297	-3.26719e+297	-4.39739e+297	-4.36196e+296	6.55366e+296	
640	1.01425e+284	9.73375e+297	-4.436e+297	-4.39718e+297	-4.3785e+296	6.55818e+296	
641	1.01425e+284	9.56702e+297	-2.38938e+297	-4.40621e+297	-4.37826e+296	6.56318e+296	
642	-1.00113e+284	8.96948e+297	2.84764e+297	-4.41925e+297	-4.37357e+296	6.56625e+296	
643	-3.01651e+284	8.15178e+297	9.34537e+297	-4.42855e+297	-4.38122e+296	6.56423e+296	
644	-3.35241e+284	7.50733e+297	1.41286e+298	-4.42808e+297	-4.40814e+296	6.55554e+296	
645	-1.50498e+284	7.39489e+297	1.46818e+298	-4.41695e+297	-4.44389e+296	6.54191e+296	
646	1.35015e+284	7.91916e+297	1.02609e+298	-4.40001e+297	-4.46551e+296	6.52814e+296	
647	3.53348e+284	8.84675e+297	2.28162e+297	-4.38538e+297	-4.45146e+296	6.5198e+296	
648	3.53348e+284	9.71649e+297	-6.40684e+297	-4.38031e+297	-4.39586e+296	6.52021e+296	
649	1.1822e+284	1.00835e+298	-1.29191e+298	-4.38762e+297	-4.31347e+296	6.52853e+296	
650	-2.68062e+284	9.7531e+297	-1.56006e+298	-4.40465e+297	-4.23215e+296	6.54023e+296	
651	-5.87164e+284	8.86647e+297	-1.44952e+298	-4.42505e+297	-4.17732e+296	6.54964e+296	
652	-6.87933e+284	7.79171e+297	-1.0857e+298	-4.44223e+297	-4.15834e+296	6.55313e+296	
653	-5.53574e+284	6.89419e+297	-6.12904e+297	-4.45243e+297	-4.16547e+296	6.55083e+296	
654	-3.01651e+284	6.33103e+297	-1.08559e+297	-4.45586e+297	-4.17912e+296	6.54608e+296	
655	-8.33183e+283	5.99425e+297	4.33244e+297	-4.45552e+297	-4.18506e+296	6.54288e+296	
656	-3.29337e+283	5.62848e+297	1.04597e+298	-4.45467e+297	-4.1854e+296	6.54319e+296	
657	-1.50498e+284	5.03795e+297	1.70846e+298	-4.45467e+297	-4.19738e+296	6.54574e+296	
658	-3.68831e+284	4.24411e+297	2.29978e+298	-4.4544e+297	-4.24042e+296	6.54711e+296	
659	-5.19985e+284	3.49183e+297	2.62923e+298	-4.45144e+297	-4.31953e+296	6.54427e+296	
660	-4.86395e+284	3.10284e+297	2.52998e+298	-4.44405e+297	-4.41603e+296	6.53685e+296	
661	-2.34472e+284	3.27261e+297	1.9609e+298	-4.43277e+297	-4.49284e+296	6.52765e+296	
662	1.68605e+284	3.9401e+297	1.05312e+298	-4.42052e+297	-4.51237e+296	6.52101e+296	
663	5.71681e+284	4.80964e+297	6.88699e+296	-4.41125e+297	-4.45721e+296	6.52016e+296	
664	8.73989e+284	5.50636e+297	-7.08198e+297	-4.40808e+297	-4.34158e+296	6.52518e+296	
665	1.00835e+285	5.76542e+297	-1.09235e+298	-4.41192e+297	-4.20639e+296	6.53291e+296	
666	9.24373e+284	5.54234e+297	-1.06163e+298	-4.42123e+297	-4.10024e+296	6.53873e+296	
667	6.05271e+284	4.9894e+297	-7.3981e+297	-4.43303e+297	-4.05677e+296	6.53901e+296	
668	1.01425e+284	4.33139e+297	-3.12729e+297	-4.44423e+297	-4.08049e+296	6.53284e+296	
669	-5.36779e+284	3.7323e+297	6.83859e+296	-4.4527e+297	-4.14841e+296	6.5219e+296	
670	-1.14139e+285	3.2383e+297	3.42844e+297	-4.45761e+297	-4.22519e+296	6.50902e+296	
671	-1.56127e+285	2.81946e+297	5.32477e+297	-4.45911e+297	-4.28263e+296	6.49653e+296	
672	-1.59486e+285	2.46129e+297	6.8752e+297	-4.45787e+297	-4.31207e+296	6.48538e+296	
673	-1.1078e+285	2.22556e+297	8.29619e+297	-4.45472e+297	-4.32388e+296	6.47575e+296	
674	-2.51267e+284	2.22896e+297	9.30758e+297	-4.45068e+297	-4.33597e+296	6.46822e+296	
675	7.56425e+284	2.55455e+297	9.38074e+297	-4.44689e+297	-4.35962e+296	6.46441e+296	
676	1.4954e+285	3.16572e+297	8.21928e+297	-4.44438e+297	-4.39184e+296	6.46644e+296	
677	1.66335e+285	3.89601e+297	6.09779e+297	-4.4436e+297	-4.41831e+296	6.47528e+296	
678	1.22668e+285	4.53664e+297	3.79989e+297	-4.444e+297	-4.42409e+296	6.48928e+296	
679	3.86938e+284	4.97251e+297	2.18563e+297	-4.44405e+297	-4.40439e+296	6.50395e+296	
680	-4.696e+284	5.27645e+297	1.67809e+297	-4.44202e+297	-4.36814e+296	6.51364e+296	
681	-9.23061e+284	5.69112e+297	2.0175e+297	-4.43693e+297	-4.33229e+296	6.51422e+296	
682	-7.38318e+284	6.49711e+297	2.45256e+297	-4.42944e+297	-4.31065e+296	6.50537e+296	
683	-4.97285e+283	7.84131e+297	2.24741e+297	-4.42178e+297	-4.30509e+296	6.49104e+296	
684	7.56425e+284	9.63001e+297	1.17234e+297	-4.41684e+297	-4.30469e+296	6.4776e+296	
685	1.32745e+285	1.15565e+298	-3.43762e+296	-4.41664e+297	-4.29381e+296	6.47076e+296	
686	1.37783e+285	1.32531e+298	-1.50048e+297	-4.42116e+297	-4.2638e+296	6.47287e+296	
687	9.07578e+284	1.44817e+298	-1.66631e+297	-4.42818e+297	-4.22082e+296	6.48202e+296	
688	2.02194e+284	1.52537e+298	-8.19534e+296	-4.43426e+297	-4.18449e+296	6.49346e+296	
689	-4.3601e+284	1.58123e+298	4.03299e+296	-4.43646e+297	-4.17773e+296	6.50228e+296	
690	-7.21523e+284	1.64913e+298	1.0951e+297	-4.43371e+297	-4.21332e+296	6.50581e+296	
691	-6.37549e+284	1.75355e+298	6.67495e+296	-4.42722e+297	-4.28507e+296	6.50459e+296	
692	-3.35241e+284	1.89841e+298	-7.26607e+296	-4.41971e+297	-4.36879e+296	6.50134e+296	
693	-1.00113e+284	2.06767e+298	-2.21045e+297	-4.41385e+297	-4.43278e+296	6.49906e+296	
694	-6.65234e+283	2.23642e+298	-2.64952e+297	-4.41092e+297	-4.45238e+296	6.49926e+296	
695	-2.00882e+284	2.3848e+298	-1.30323e+297	-4.41041e+297	-4.42097e+296	6.5015e+296	
696	-2.84857e+284	2.50649e+298	1.71642e+297	-4.41064e+297	-4.35206e+296	6.50424e+296	
697	-1.67293e+284	2.60716e+298	5.44965e+297	-4.4101e+297	-4.27194e+296	6.50626e+296	
698	1.35015e+284	2.69535e+298	8.56274e+297	-4.40845e+297	-4.20726e+296	6.50765e+296	
699	4.87707e+284	2.77249e+298	1.00309e+298	-4.40672e+297	-4.17398e+296	6.50977e+296	
700	6.05271e+284	2.82869e+298	9.65595e+297	-4.40655e+297	-4.17287e+296	6.51427e+296	
701	3.36553e+284	2.84698e+298	8.14143e+297	-4.40896e+297	-4.19273e+296	6.52191e+296	
702	-2.51267e+284	2.81301e+298	6.69298e+297	-4.4135e+297	-4.21854e+296	6.5319e+296	
703	-8.55882e+284	2.72383e+298	6.36571e+297	-4.41832e+297	-4.23958e+296	6.54225e+296	
704	-1.09101e+285	2.5903e+298	7.50374e+297	-4.42114e+297	-4.25353e+296	6.55074e+296	
705	-7.38318e+284	2.43135e+298	9.55389e+297	-4.42066e+297	-4.26498e+296	6.55594e+296	
706	1.68605e+284	2.2635e+298	1.13313e+298	-4.41751e+297	-4.28017e+296	6.55781e+296	
707	1.1595e+285	2.09136e+298	1.15865e+298	-4.41417e+297	-4.30135e+296	6.55749e+296	
708	1.76412e+285	1.9042e+298	9.59055e+297	-4.41401e+297	-4.32405e+296	6.55663e+296	
709	1.64655e+285	1.68019e+298	5.46999e+297	-4.41974e+297	-4.33836e+296	6.55664e+296	
710	8.40399e+284	1.39574e+298	1.68863e+296	-4.43222e+297	-4.33344e+296	6.55827e+296	
711	-3.35241e+284	1.03547e+298	-4.90753e+297	-4.4502e+297	-4.30272e+296	6.5615e+296	
712	-1.34293e+285	5.98051e+297	-8.38414e+297	-4.47101e+297	-4.24735e+296	6.5657e+296	
713	-1.7628e+285	9.61757e+296	-9.3393e+297	-4.49174e+297	-4.17674e+296	6.56983e+296	
714	-1.51088e+285	-4.48494e+297	-7.52837e+297	-4.51034e+297	-4.10621e+296	6.57252e+296	
715	-8.55882e+284	-1.01247e+298	-3.38721e+297	-4.52597e+297	-4.05309e+296	6.57232e+296	
716	-2.00882e+284	-1.5765e+298	2.1219e+297	-4.53872e+297	-4.03259e+296	6.56802e+296	
717	1.01425e+284	-2.12845e+298	7.73641e+297	-4.54885e+297	-4.05431e+296	6.55909e+296	
718	1.74509e+283	-2.66288e+298	1.21366e+298	-4.55628e+297	-4.11978e+296	6.54604e+296	
719	-1.84087e+284	-3.17832e+298	1.41919e+298	-4.56061e+297	-4.221e+296	6.53044e+296	
720	-2.17677e+284	-3.67401e+298	1.32092e+298	-4.56165e+297	-4.34042e+296	6.51458e+296	
721	1.1822e+284	-4.14763e+298	9.15515e+297	-4.56015e+297	-4.45303e+296	6.50069e+296	
722	7.22835e+284	-4.59449e+298	2.7761e+297	-4.55804e+297	-4.53114e+296	6.49029e+296	
723	1.26027e+285	-5.00809e+298	-4.47819e+297	-4.5579e+297	-4.55155e+296	6.48369e+296	
724	1.39463e+285	-5.38102e+298	-1.07759e+298	-4.56188e+297	-4.50332e+296	6.48001e+296	
725	9.57963e+284	-5.70541e+298	-1.44182e+298	-4.57053e+297	-4.39331e+296	6.47753e+296	
726	1.68605e+284	-5.97251e+298	-1.43825e+298	-4.5822e+297	-4.24644e+296	6.47422e+296	
727	-5.19985e+284	-6.17187e+298	-1.06735e+298	-4.59352e+297	-4.0996e+296	6.4682e+296	
728	-7.04728e+284	-6.29091e+298	-4.31542e+297	-4.60068e+297	-3.99032e+296	6.45813e+296	
729	-2.84857e+284	-6.31607e+298	3.03503e+297	-4.60101e+297	-3.94466e+296	6.44347e+296	
730	4.54117e+284	-6.23518e+298	9.69027e+297	-4.5939e+297	-3.969e+296	6.42459e+296	
731	1.09232e+285	-6.04042e+298	1.44757e+298	-4.58086e+297	-4.0495e+296	6.40281e+296	
732	1.1595e+285	-5.72992e+298	1.69687e+298	-4.56437e+297	-4.15929e+296	6.3802e+296	
733	5.71681e+284	-5.30683e+298	1.73523e+298	-4.54658e+297	-4.26971e+296	6.359e+296	
734	-4.3601e+284	-4.77603e+298	1.60202e+298	-4.52829e+297	-4.36026e+296	6.34102e+296	
735	-1.32614e+285	-4.14021e+298	1.32135e+298	-4.50907e+297	-4.42246e+296	6.32707e+296	
736	-1.66204e+285	-3.39795e+298	8.94866e+297	-4.48821e+297	-4.45681e+296	6.31685e+296	
737	-1.29255e+285	-2.54553e+298	3.30011e+297	-4.46594e+297	-4.46574e+296	6.30936e+296	
738	-4.52805e+284	-1.58197e+298	-3.1468e+297	-4.44401e+297	-4.44816e+296	6.3036e+296	
739	4.20528e+284	-5.14646e+297	-9.0226e+297	-4.4252e+297	-4.39962e+296	6.29924e+296	
740	8.73989e+284	6.38145e+297	-1.23776e+298	-4.41175e+297	-4.3185e+296	6.29668e+296	
741	7.90014e+284	1.84981e+298	-1.14039e+298	-4.40383e+297	-4.21408e+296	6.29669e+296	
742	3.70143e+284	3.09248e+298	-5.38447e+297	-4.39877e+297	-4.1102e+296	6.29973e+296	
743	-4.97285e+283	4.34472e+298	4.6342e+297	-4.39192e+297	-4.04011e+296	6.30541e+296	
744	-1.00113e+284	5.59531e+298	1.58893e+298	-4.37877e+297	-4.03315e+296	6.3126e+296	
745	2.69374e+284	6.8406e+298	2.47854e+298	-4.3573e+297	-4.09942e+296	6.32006e+296	
746	8.40399e+284	8.07655e+298	2.82906e+298	-4.32934e+297	-4.22099e+296	6.32721e+296	
747	1.1763e+285	9.29008e+298	2.5211e+298	-4.30011e+297	-4.35573e+296	6.33455e+296	
748	9.74758e+284	1.04549e+299	1.67159e+298	-4.27607e+297	-4.45352e+296	6.3434e+296	
749	2.52579e+284	1.15347e+299	5.82951e+297	-4.26208e+297	-4.47768e+296	6.35517e+296	
750	-7.21523e+284	1.24921e+299	-3.88376e+297	-4.25947e+297	-4.42119e+296	6.37052e+296	
751	-1.47729e+285	1.32981e+299	-9.80799e+297	-4.26577e+297	-4.30916e+296	6.38907e+296	
752	-1.62845e+285	1.39374e+299	-1.12238e+298	-4.27646e+297	-4.18633e+296	6.4098e+296	
753	-1.1246e+285	1.44057e+299	-9.29552e+297	-4.2875e+297	-4.09585e+296	6.43187e+296	
754	-2.51267e+284	1.47016e+299	-6.18235e+297	-4.2974e+297	-4.06032e+296	6.4552e+296	
755	5.71681e+284	1.48191e+299	-3.80068e+297	-4.30762e+297	-4.07438e+296	6.48057e+296	
756	9.07578e+284	1.47444e+299	-2.90592e+297	-4.32129e+297	-4.11196e+296	6.50888e+296	
757	7.0604e+284	1.44597e+299	-2.9376e+297	-4.34093e+297	-4.14301e+296	6.54029e+296	
758	1.1822e+284	1.39522e+299	-2.62211e+297	-4.36665e+297	-4.15005e+296	6.57369e+296	
759	-5.0319e+284	1.32215e+299	-9.14628e+296	-4.39569e+297	-4.13571e+296	6.60686e+296	
760	-8.22292e+284	1.22816e+299	2.28766e+297	-4.42365e+297	-4.11805e+296	6.63738e+296	
761	-6.71138e+284	1.11566e+299	6.04903e+297	-4.44661e+297	-4.11759e+296	6.66357e+296	
762	-1.67293e+284	9.87236e+298	8.91936e+297	-4.46292e+297	-4.14449e+296	6.68497e+296	
763	3.86938e+284	8.45063e+298	9.73006e+297	-4.47381e+297	-4.19307e+296	6.70206e+296	
764	7.0604e+284	6.90722e+298	8.19021e+297	-4.48247e+297	-4.24631e+296	6.71553e+296	
765	6.22066e+284	5.25606e+298	4.97081e+297	-4.49235e+297	-4.28627e+296	6.7257e+296	
766	1.854e+284	3.51454e+298	1.28842e+297	-4.50552e+297	-4.30376e+296	6.73244e+296	
767	-3.52036e+284	1.70634e+298	-1.7174e+297	-4.52205e+297	-4.30116e+296	6.73577e+296	
768	-6.87933e+284	-1.40506e+297	-3.44027e+297	-4.54038e+297	-4.28763e+296	6.73644e+296	
769	-6.20754e+284	-1.99852e+298	-3.876e+297	-4.55845e+297	-4.27074e+296	6.73603e+296	
770	-1.67293e+284	-3.84475e+298	-3.35006e+297	-4.57461e+297	-4.25056e+296	6.73619e+296	
771	4.70912e+284	-5.66025e+298	-2.15389e+297	-4.58796e+297	-4.22059e+296	6.73742e+296	
772	9.91553e+284	-7.42481e+298	-3.59615e+296	-4.598e+297	-4.17471e+296	6.73812e+296	
773	1.1763e+285	-9.11047e+298	2.07834e+297	-4.6041e+297	-4.11538e+296	6.73474e+296	
774	9.41168e+284	-1.06786e+299	5.04844e+297	-4.6053e+297	-4.05695e+296	6.72308e+296	
775	4.20528e+284	-1.20836e+299	8.07759e+297	-4.6006e+297	-4.02104e+296	6.70034e+296	
776	-2.17677e+284	-1.3282e+299	1.0394e+298	-4.58966e+297	-4.02597e+296	6.66665e+296	
777	-7.04728e+284	-1.42425e+299	1.12662e+298	-4.57337e+297	-4.0761e+296	6.62518e+296	
778	-9.73446e+284	-1.49511e+299	1.04253e+298	-4.55377e+297	-4.15761e+296	6.5809e+296	
779	-9.39856e+284	-1.54089e+299	8.29662e+297	-4.53328e+297	-4.24363e+296	6.53833e+296	
780	-7.04728e+284	-1.56243e+299	5.86619e+297	-4.51369e+297	-4.30646e+296	6.49979e+296	
781	-3.68831e+284	-1.56052e+299	4.22148e+297	-4.49545e+297	-4.33036e+296	6.46488e+296	
782	-4.97285e+283	-1.53557e+299	4.00728e+297	-4.47769e+297	-4.31825e+296	6.43143e+296	
783	1.35015e+284	-1.48786e+299	5.0981e+297	-4.45904e+297	-4.28879e+296	6.39728e+296	
784	2.02194e+284	-1.41823e+299	6.67246e+297	-4.43868e+297	-4.26568e+296	6.36165e+296	
785	2.18989e+284	-1.32858e+299	7.6505e+297	-4.41718e+297	-4.26504e+296	6.32549e+296	
786	2.35784e+284	-1.22176e+299	7.25738e+297	-4.39646e+297	-4.28743e+296	6.29058e+296	
787	3.19758e+284	-1.10098e+299	5.41358e+297	-4.37907e+297	-4.31837e+296	6.25834e+296	
788	4.37322e+284	-9.69067e+298	2.75773e+297	-4.36707e+297	-4.33642e+296	6.22899e+296	
789	5.21297e+284	-8.28055e+298	3.11493e+296	-4.36125e+297	-4.3244e+296	6.20176e+296	
790	4.87707e+284	-6.79475e+298	-1.02041e+297	-4.36103e+297	-4.27788e+296	6.17598e+296	
791	3.36553e+284	-5.25144e+298	-8.55395e+296	-4.365e+297	-4.20726e+296	6.15204e+296	
792	8.46303e+283	-3.67915e+298	5.41232e+296	-4.37191e+297	-4.13304e+296	6.13173e+296	
793	-1.50498e+284	-2.11868e+298	2.43471e+297	-4.38134e+297	-4.07732e+296	6.11751e+296	
794	-3.35241e+284	-6.17149e+297	3.97801e+297	-4.39387e+297	-4.05556e+296	6.11113e+296	
795	-4.02421e+284	7.82728e+297	4.55921e+297	-4.41062e+297	-4.07193e+296	6.11269e+296	
796	-3.85626e+284	2.05221e+298	3.99119e+297	-4.4325e+297	-4.11927e+296	6.1205e+296	
797	-2.51267e+284	3.17952e+298	2.50043e+297	-4.45954e+297	-4.18269e+296	6.13209e+296	
798	-4.97285e+283	4.16497e+298	5.71595e+296	-4.49068e+297	-4.24458e+296	6.1456e+296	
799	2.18989e+284	5.01172e+298	-1.2494e+297	-4.52398e+297	-4.28918e+296	6.16078e+296	
800	4.54117e+284	5.71822e+298	-2.50944e+297	-4.55723e+297	-4.30576e+296	6.17888e+296	
801	6.05271e+284	6.27698e+298	-2.92709e+297	-4.58846e+297	-4.29011e+296	6.20165e+296	
802	5.88476e+284	6.67985e+298	-2.41096e+297	-4.61641e+297	-4.24497e+296	6.23007e+296	
803	3.86938e+284	6.92592e+298	-1.04754e+297	-4.64053e+297	-4.17921e+296	6.2635e+296	
804	6.56049e+281	7.02623e+298	9.24482e+296	-4.66086e+297	-4.10601e+296	6.29987e+296	
805	-4.02421e+284	7.00217e+298	3.15637e+297	-4.67776e+297	-4.03996e+296	6.33659e+296	
806	-7.21523e+284	6.87832e+298	5.25674e+297	-4.6916e+297	-3.99357e+296	6.3716e+296	
807	-7.88702e+284	6.67469e+298	6.87922e+297	-4.70253e+297	-3.97406e+296	6.40389e+296	
808	-5.87164e+284	6.40324e+298	7.80473e+297	-4.71031e+297	-3.98162e+296	6.43333e+296	
809	-1.84087e+284	6.07094e+298	7.9841e+297	-4.7143e+297	-4.00986e+296	6.45999e+296	
810	3.02964e+284	5.68721e+298	7.5201e+297	-4.71356e+297	-4.04844e+296	6.48351e+296	
811	6.7245e+284	5.27041e+298	6.59766e+297	-4.70714e+297	-4.08696e+296	6.50311e+296	
812	8.40399e+284	4.84889e+298	5.39904e+297	-4.69444e+297	-4.11847e+296	6.5179e+296	
813	7.56425e+284	4.45548e+298	4.04904e+297	-4.67548e+297	-4.14133e+296	6.5275e+296	
814	4.54117e+284	4.11837e+298	2.61797e+297	-4.65114e+297	-4.1586e+296	6.53211e+296	
815	1.01425e+284	3.85407e+298	1.17629e+297	-4.62291e+297	-4.17529e+296	6.5322e+296	
816	-1.67293e+284	3.6662e+298	-1.36985e+296	-4.59257e+297	-4.19488e+296	6.52778e+296	
817	-2.34472e+284	3.5508e+298	-1.08146e+297	-4.56163e+297	-4.2167e+296	6.51805e+296	
818	-1.33703e+284	3.50426e+298	-1.35263e+297	-4.53086e+297	-4.23556e+296	6.50151e+296	
819	8.46303e+283	3.52894e+298	-6.88118e+296	-4.50023e+297	-4.24401e+296	6.47687e+296	
820	3.02964e+284	3.6328e+298	9.9668e+296	-4.46909e+297	-4.2362e+296	6.44396e+296	
821	4.37322e+284	3.82354e+298	3.50651e+297	-4.43683e+297	-4.21177e+296	6.4042e+296	
822	3.86938e+284	4.10066e+298	6.35533e+297	-4.40341e+297	-4.17746e+296	6.3603e+296	
823	1.854e+284	4.45047e+298	8.87044e+297	-4.36984e+297	-4.14572e+296	6.31531e+296	
824	-1.50498e+284	4.84685e+298	1.0386e+298	-4.33809e+297	-4.13027e+296	6.27145e+296	
825	-5.0319e+284	5.25735e+298	1.04561e+298	-4.31059e+297	-4.14054e+296	6.22968e+296	
826	-7.21523e+284	5.65126e+298	9.00301e+297	-4.28944e+297	-4.17734e+296	6.18994e+296	
827	-7.04728e+284	6.00569e+298	6.33698e+297	-4.27568e+297	-4.23172e+296	6.15206e+296	
828	-4.02421e+284	6.30707e+298	3.04194e+297	-4.26905e+297	-4.28769e+296	6.11669e+296	
829	6.78355e+283	6.54823e+298	-2.20384e+296	-4.26819e+297	-4.32766e+296	6.08566e+296	
830	5.38092e+284	6.72337e+298	-2.89803e+297	-4.27155e+297	-4.33832e+296	6.06158e+296	
831	8.23604e+284	6.8236e+298	-4.6497e+297	-4.27823e+297	-4.31469e+296	6.04702e+296	
832	7.90014e+284	6.83518e+298	-5.33454e+297	-4.2885e+297	-4.26107e+296	6.04362e+296	
833	4.54117e+284	6.7407e+298	-4.93337e+297	-4.30368e+297	-4.18897e+296	6.05183e+296	
834	-3.29337e+283	6.52257e+298	-3.48244e+297	-4.32515e+297	-4.11348e+296	6.07113e+296	
835	-4.3601e+284	6.16766e+298	-1.08418e+297	-4.35321e+297	-4.04949e+296	6.10057e+296	
836	-5.70369e+284	5.67188e+298	2.00623e+297	-4.38621e+297	-4.00889e+296	6.13923e+296	
837	-3.68831e+284	5.04348e+298	5.29426e+297	-4.42054e+297	-3.99886e+296	6.18638e+296	
838	8.46303e+283	4.30407e+298	8.06458e+297	-4.45167e+297	-4.02085e+296	6.2413e+296	
839	5.38092e+284	3.48603e+298	9.56496e+297	-4.47586e+297	-4.07005e+296	6.30316e+296	
840	7.3963e+284	2.6265e+298	9.31158e+297	-4.4916e+297	-4.13565e+296	6.37103e+296	
841	5.71681e+284	1.75922e+298	7.36967e+297	-4.50023e+297	-4.2025e+296	6.44416e+296	
842	1.01425e+284	9.07272e+297	4.43276e+297	-4.50511e+297	-4.2545e+296	6.52216e+296	
843	-3.52036e+284	7.99477e+296	1.60264e+297	-4.50989e+297	-4.27905e+296	6.60482e+296	
844	-4.696e+284	-7.24336e+297	-7.05197e+295	-4.51661e+297	-4.27087e+296	6.69156e+296	
845	-1.33703e+284	-1.51004e+298	-7.61327e+295	-4.52459e+297	-4.23345e+296	6.78067e+296	
846	5.54886e+284	-2.27513e+298	1.30281e+297	-4.53074e+297	-4.17701e+296	6.86891e+296	
847	1.27707e+285	-3.005e+298	3.13409e+297	-4.53115e+297	-4.11398e+296	6.95167e+296	
848	1.59617e+285	-3.67303e+298	4.33573e+297	-4.52304e+297	-4.05413e+296	7.02392e+296	
849	1.26027e+285	-4.24752e+298	4.28028e+297	-4.5062e+297	-4.00208e+296	7.0814e+296	
850	3.70143e+284	-4.7016e+298	3.17044e+297	-4.48301e+297	-3.95852e+296	7.12153e+296	
851	-7.55113e+284	-5.02104e+298	1.95495e+297	-4.45724e+297	-3.92407e+296	7.1436e+296	
852	-1.56127e+285	-5.20649e+298	1.79859e+297	-4.43225e+297	-3.90313e+296	7.14819e+296	
853	-1.71242e+285	-5.26972e+298	3.37778e+297	-4.40962e+297	-3.90457e+296	7.13628e+296	
854	-1.07421e+285	-5.22699e+298	6.39372e+297	-4.38902e+297	-3.93805e+296	7.10843e+296	
855	3.42458e+283	-5.09369e+298	9.59968e+297	-4.36922e+297	-4.00743e+296	7.06459e+296	
856	1.09232e+285	-4.88312e+298	1.13689e+298	-4.34972e+297	-4.10497e+296	7.0045e+296	
857	1.62976e+285	-4.60918e+298	1.05279e+298	-4.33178e+297	-4.21035e+296	6.92821e+296	
858	1.42822e+285	-4.29009e+298	7.01883e+297	-4.3184e+297	-4.29608e+296	6.83647e+296	
859	5.38092e+284	-3.94948e+298	2.02357e+297	-4.31304e+297	-4.33771e+296	6.73077e+296	
860	-5.87164e+284	-3.61341e+298	-2.53626e+297	-4.31791e+297	-4.32402e+296	6.61296e+296	
861	-1.4605e+285	-3.30444e+298	-4.88359e+297	-4.33271e+297	-4.26231e+296	6.48503e+296	
862	-1.61165e+285	-3.03627e+298	-4.20584e+297	-4.3547e+297	-4.17581e+296	6.34904e+296	
863	-1.02383e+285	-2.81218e+298	-9.96958e+296	-4.37994e+297	-4.09433e+296	6.20747e+296	
864	1.01425e+284	-2.62825e+298	3.239e+297	-4.40507e+297	-4.0425e+296	6.06361e+296	
865	1.29386e+285	-2.47959e+298	6.74953e+297	-4.42875e+297	-4.03118e+296	5.92161e+296	
866	2.11681e+285	-2.36583e+298	8.35525e+297	-4.45178e+297	-4.05552e+296	5.78622e+296	
867	2.23437e+285	-2.29291e+298	7.9163e+297	-4.47612e+297	-4.09992e+296	5.66206e+296	
868	1.62976e+285	-2.27046e+298	6.23782e+297	-4.50328e+297	-4.14649e+296	5.553e+296	
869	5.38092e+284	-2.30668e+298	4.51389e+297	-4.53308e+297	-4.18243e+296	5.46188e+296	
870	-5.87164e+284	-2.40387e+298	3.64145e+297	-4.56349e+297	-4.20302e+296	5.39068e+296	
871	-1.37652e+285	-2.55685e+298	3.77466e+297	-4.59164e+297	-4.20976e+296	5.34096e+296	
872	-1.57806e+285	-2.75453e+298	4.32908e+297	-4.61528e+297	-4.20605e+296	5.31424e+296	
873	-1.1078e+285	-2.983e+298	4.38584e+297	-4.63398e+297	-4.19377e+296	5.31191e+296	
874	-2.34472e+284	-3.22772e+298	3.23842e+297	-4.64921e+297	-4.17286e+296	5.33489e+296	
875	7.0604e+284	-3.47396e+298	7.75527e+296	-4.66328e+297	-4.14372e+296	5.38307e+296	
876	1.34424e+285	-3.70595e+298	-2.48275e+297	-4.67782e+297	-4.10999e+296	5.45511e+296	
877	1.44501e+285	-3.90632e+298	-5.66945e+297	-4.69253e+297	-4.07918e+296	5.54858e+296	
878	1.07553e+285	-4.05725e+298	-7.97863e+297	-4.70497e+297	-4.05999e+296	5.6605e+296	
879	4.70912e+284	-4.14311e+298	-8.95994e+297	-4.7116e+297	-4.05763e+296	5.78787e+296	
880	-1.61388e+283	-4.15296e+298	-8.56417e+297	-4.7094e+297	-4.07012e+296	5.9278e+296	
881	-2.00882e+284	-4.08131e+298	-6.97253e+297	-4.69727e+297	-4.08838e+296	6.07723e+296	
882	-3.29337e+283	-3.92645e+298	-4.37252e+297	-4.67662e+297	-4.10071e+296	6.23254e+296	
883	3.19758e+284	-3.68745e+298	-8.58351e+296	-4.65066e+297	-4.09954e+296	6.38919e+296	
884	6.55656e+284	-3.36205e+298	3.46885e+297	-4.62303e+297	-4.08667e+296	6.54197e+296	
885	7.3963e+284	-2.9472e+298	8.27755e+297	-4.59636e+297	-4.07348e+296	6.68562e+296	
886	6.05271e+284	-2.44225e+298	1.28401e+298	-4.57157e+297	-4.07538e+296	6.8157e+296	
887	3.19758e+284	-1.85306e+298	1.60952e+298	-4.54819e+297	-4.10269e+296	6.92908e+296	
888	8.46303e+283	-1.19448e+298	1.69835e+298	-4.52545e+297	-4.15291e+296	7.02405e+296	
889	5.10406e+283	-4.89422e+297	1.49332e+298	-4.50347e+297	-4.20886e+296	7.0997e+296	
890	2.69374e+284	2.34973e+297	1.02524e+298	-4.48385e+297	-4.24447e+296	7.15533e+296	
891	6.22066e+284	9.52263e+297	4.19679e+297	-4.46931e+297	-4.23627e+296	7.18989e+296	
892	9.41168e+284	1.64033e+298	-1.38181e+297	-4.4625e+297	-4.17537e+296	7.20199e+296	
893	1.02514e+285	2.28249e+298	-4.69453e+297	-4.4647e+297	-4.0739e+296	7.19024e+296	
894	7.7322e+284	2.86666e+298	-4.70624e+297	-4.47498e+297	-3.96229e+296	7.1538e+296	
895	3.36553e+284	3.38433e+298	-1.54492e+297	-4.49044e+297	-3.87795e+296	7.0928e+296	
896	-1.33703e+284	3.83056e+298	3.5658e+297	-4.50732e+297	-3.85011e+296	7.0085e+296	
897	-4.02421e+284	4.20514e+298	8.82691e+297	-4.52252e+297	-3.88753e+296	6.9032e+296	
898	-3.52036e+284	4.51325e+298	1.25989e+298	-4.5348e+297	-3.9749e+296	6.78014e+296	
899	-6.65234e+283	4.76403e+298	1.40123e+298	-4.54494e+297	-4.07947e+296	6.64331e+296	
900	3.02964e+284	4.96664e+298	1.31808e+298	-4.55496e+297	-4.16504e+296	6.49735e+296	
901	5.38092e+284	5.12543e+298	1.09473e+298	-4.56672e+297	-4.20675e+296	6.34725e+296	
902	4.54117e+284	5.23708e+298	8.32831e+297	-4.58072e+297	-4.20003e+296	6.19793e+296	
903	6.78355e+283	5.2919e+298	5.97126e+297	-4.59567e+297	-4.15985e+296	6.05367e+296	
904	-5.0319e+284	5.27938e+298	3.91765e+297	-4.60911e+297	-4.11127e+296	5.91764e+296	
905	-9.73446e+284	5.1955e+298	1.78389e+297	-4.61866e+297	-4.07634e+296	5.79186e+296	
906	-1.07421e+285	5.04768e+298	-7.72846e+296	-4.62312e+297	-4.06419e+296	5.67756e+296	
907	-6.87933e+284	4.85487e+298	-3.60897e+297	-4.62292e+297	-4.06905e+296	5.57574e+296	
908	1.5181e+284	4.64239e+298	-5.97368e+297	-4.61948e+297	-4.07647e+296	5.48771e+296	
909	1.20989e+285	4.43445e+298	-6.83348e+297	-4.61396e+297	-4.07396e+296	5.41531e+296	
910	2.11681e+285	4.24815e+298	-5.49235e+297	-4.60621e+297	-4.05957e+296	5.36058e+296	
911	2.53668e+285	4.09162e+298	-2.15275e+297	-4.59457e+297	-4.04331e+296	5.32527e+296	
912	2.30155e+285	3.96626e+298	1.94877e+297	-4.57671e+297	-4.04063e+296	5.31039e+296	
913	1.44501e+285	3.87055e+298	4.9913e+297	-4.55125e+297	-4.06164e+296	5.31611e+296	
914	2.52579e+284	3.80218e+298	5.43888e+297	-4.51916e+297	-4.10252e+296	5.34189e+296	
915	-8.72677e+284	3.75731e+298	2.89665e+297	-4.48395e+297	-4.14485e+296	5.3868e+296	
916	-1.51088e+285	3.72803e+298	-1.52786e+297	-4.45061e+297	-4.16399e+296	5.44951e+296	
917	-1.56127e+285	3.70112e+298	-5.62002e+297	-4.42352e+297	-4.14267e+296	5.52812e+296	
918	-1.07421e+285	3.66045e+298	-7.08296e+297	-4.40457e+297	-4.08241e+296	5.61973e+296	
919	-3.01651e+284	3.59284e+298	-4.70889e+297	-4.39242e+297	-4.0059e+296	5.72046e+296	
920	3.86938e+284	3.49427e+298	9.08064e+296	-4.38345e+297	-3.9481e+296	5.82586e+296	
921	8.40399e+284	3.37241e+298	7.52566e+297	-4.37401e+297	-3.93974e+296	5.93185e+296	
922	9.41168e+284	3.24291e+298	1.22524e+298	-4.36259e+297	-3.99143e+296	6.03568e+296	
923	8.06809e+284	3.12081e+298	1.29265e+298	-4.35087e+297	-4.0867e+296	6.13639e+296	
924	6.38861e+284	3.01164e+298	9.19026e+297	-4.34298e+297	-4.1883e+296	6.23441e+296	
925	5.71681e+284	2.9075e+298	2.70894e+297	-4.3432e+297	-4.25501e+296	6.33044e+296	
926	6.55656e+284	2.79084e+298	-3.59225e+297	-4.35348e+297	-4.26086e+296	6.42426e+296	
927	7.7322e+284	2.6442e+298	-6.89841e+297	-4.37213e+297	-4.20721e+296	6.5141e+296	
928	7.56425e+284	2.46029e+298	-5.79859e+297	-4.39436e+297	-4.12156e+296	6.59711e+296	
929	5.21297e+284	2.24662e+298	-8.6377e+296	-4.41458e+297	-4.04378e+296	6.67052e+296	
930	6.78355e+283	2.02168e+298	5.75162e+297	-4.42907e+297	-4.00682e+296	6.73303e+296	
931	-4.696e+284	1.80511e+298	1.14391e+298	-4.43761e+297	-4.02162e+296	6.78535e+296	
932	-9.06266e+284	1.60767e+298	1.43857e+298	-4.44315e+297	-4.07343e+296	6.82973e+296	
933	-1.07421e+285	1.42725e+298	1.43012e+298	-4.44969e+297	-4.13088e+296	6.86845e+296	
934	-9.06266e+284	1.25314e+298	1.22915e+298	-4.4596e+297	-4.16234e+296	6.90246e+296	
935	-4.86395e+284	1.07579e+298	1.00219e+298	-4.47189e+297	-4.15098e+296	6.93071e+296	
936	5.10406e+283	8.95557e+297	8.68426e+297	-4.48253e+297	-4.10101e+296	6.95075e+296	
937	5.38092e+284	7.24522e+297	8.36266e+297	-4.48665e+297	-4.0329e+296	6.96033e+296	
938	8.57194e+284	5.79815e+297	8.12776e+297	-4.48134e+297	-3.9712e+296	6.9588e+296	
939	9.57963e+284	4.72309e+297	6.76221e+297	-4.46755e+297	-3.93227e+296	6.94775e+296	
940	9.24373e+284	3.97845e+297	3.6577e+297	-4.44991e+297	-3.9184e+296	6.93009e+296	
941	7.7322e+284	3.36909e+297	-6.60971e+296	-4.43452e+297	-3.92065e+296	6.90843e+296	
942	6.05271e+284	2.63644e+297	-4.70139e+297	-4.4258e+297	-3.92763e+296	6.88341e+296	
943	5.04502e+284	1.59259e+297	-6.77052e+297	-4.42428e+297	-3.93412e+296	6.85323e+296	
944	4.03733e+284	2.19582e+296	-5.90829e+297	-4.42641e+297	-3.94431e+296	6.81466e+296	
945	2.86169e+284	-1.32744e+297	-2.45962e+297	-4.42653e+297	-3.96785e+296	6.76491e+296	
946	1.1822e+284	-2.81791e+297	2.03696e+297	-4.42003e+297	-4.01178e+296	6.70342e+296	
947	-1.33703e+284	-4.08863e+297	5.58327e+297	-4.4059e+297	-4.0735e+296	6.63241e+296	
948	-3.85626e+284	-5.14801e+297	6.67791e+297	-4.38735e+297	-4.13971e+296	6.55589e+296	
949	-5.70369e+284	-6.17978e+297	4.98776e+297	-4.37025e+297	-4.19179e+296	6.47776e+296	
950	-6.20754e+284	-7.44386e+297	1.40262e+297	-4.36026e+297	-4.21489e+296	6.40002e+296	
951	-4.86395e+284	-9.13286e+297	-2.51007e+297	-4.36019e+297	-4.20498e+296	6.32221e+296	
952	-1.67293e+284	-1.12684e+298	-5.31386e+297	-4.36904e+297	-4.16998e+296	6.24241e+296	
953	3.36553e+284	-1.36961e+298	-6.32488e+297	-4.38297e+297	-4.12438e+296	6.15909e+296	
954	8.23604e+284	-1.61793e+298	-5.73988e+297	-4.39769e+297	-4.0808e+296	6.07273e+296	
955	1.1595e+285	-1.85308e+298	-4.26931e+297	-4.41078e+297	-4.04376e+296	5.98624e+296	
956	1.24348e+285	-2.07035e+298	-2.5558e+297	-4.42266e+297	-4.00952e+296	5.9038e+296	
957	1.09232e+285	-2.27864e+298	-7.58101e+296	-4.43586e+297	-3.97178e+296	5.82904e+296	
958	8.23604e+284	-2.49117e+298	1.451e+297	-4.45306e+297	-3.92963e+296	5.76345e+296	
959	5.38092e+284	-2.71347e+298	4.49558e+297	-4.47507e+297	-3.89218e+296	5.70614e+296	
960	3.19758e+284	-2.93617e+298	8.38612e+297	-4.50003e+297	-3.87635e+296	5.65503e+296	
961	1.854e+284	-3.137e+298	1.24333e+298	-4.52411e+297	-3.89831e+296	5.60872e+296	
962	3.42458e+283	-3.29096e+298	1.53983e+298	-4.54337e+297	-3.96301e+296	5.56801e+296	
963	-2.00882e+284	-3.38232e+298	1.60322e+298	-4.55563e+297	-4.05797e+296	5.53599e+296	
964	-5.87164e+284	-3.41161e+298	1.37247e+298	-4.56147e+297	-4.15531e+296	5.51678e+296	
965	-9.73446e+284	-3.3937e+298	8.91033e+297	-4.56364e+297	-4.22198e+296	5.51353e+296	
966	-1.17498e+285	-3.34876e+298	3.00315e+297	-4.56551e+297	-4.23337e+296	5.52686e+296	
967	-9.73446e+284	-3.29177e+298	-2.1218e+297	-4.56931e+297	-4.18391e+296	5.55456e+296	
968	-3.18446e+284	-3.22684e+298	-4.85549e+297	-4.57502e+297	-4.08944e+296	5.59262e+296	
969	6.55656e+284	-3.14899e+298	-4.45292e+297	-4.58059e+297	-3.98047e+296	5.637e+296	
970	1.52899e+285	-3.05123e+298	-1.24903e+297	-4.58309e+297	-3.8897e+296	5.68498e+296	
971	1.89848e+285	-2.93182e+298	3.56162e+297	-4.58025e+297	-3.84004e+296	5.73559e+296	
972	1.51219e+285	-2.79698e+298	8.4337e+297	-4.57146e+297	-3.83808e+296	5.78902e+296	
973	4.87707e+284	-2.65772e+298	1.20188e+298	-4.55803e+297	-3.87533e+296	5.84554e+296	
974	-7.88702e+284	-2.52364e+298	1.35337e+298	-4.54252e+297	-3.93514e+296	5.90478e+296	
975	-1.7796e+285	-2.39848e+298	1.28564e+298	-4.52771e+297	-4.00108e+296	5.96578e+296	
976	-2.06511e+285	-2.28049e+298	1.03947e+298	-4.51573e+297	-4.06252e+296	6.02759e+296	
977	-1.49409e+285	-2.16719e+298	6.84596e+297	-4.50773e+297	-4.1156e+296	6.08989e+296	
978	-3.35241e+284	-2.06061e+298	2.96809e+297	-4.50399e+297	-4.16033e+296	6.15303e+296	
979	9.24373e+284	-1.96879e+298	-5.81401e+296	-4.50434e+297	-4.1967e+296	6.21742e+296	
980	1.78091e+285	-1.90161e+298	-3.33476e+297	-4.5085e+297	-4.22236e+296	6.28258e+296	
981	1.89848e+285	-1.86335e+298	-5.05378e+297	-4.51627e+297	-4.23308e+296	6.34665e+296	
982	1.29386e+285	-1.84676e+298	-5.73027e+297	-4.52743e+297	-4.22505e+296	6.40665e+296	
983	2.86169e+284	-1.83312e+298	-5.53946e+297	-4.5416e+297	-4.19721e+296	6.45961e+296	
984	-6.54343e+284	-1.79891e+298	-4.74275e+297	-4.55811e+297	-4.15229e+296	6.50378e+296	
985	-1.19178e+285	-1.72528e+298	-3.56593e+297	-4.57598e+297	-4.09608e+296	6.53921e+296	
986	-1.1078e+285	-1.60495e+298	-2.11096e+297	-4.594e+297	-4.03589e+296	6.56738e+296	
987	-5.70369e+284	-1.44204e+298	-3.59769e+296	-4.61084e+297	-3.97932e+296	6.58998e+296	
988	1.35015e+284	-1.24537e+298	1.71669e+297	-4.62519e+297	-3.93373e+296	6.60769e+296	
989	7.0604e+284	-1.01965e+298	4.00043e+297	-4.63592e+297	-3.9059e+296	6.61969e+296	
990	9.24373e+284	-7.60749e+297	6.12543e+297	-4.64226e+297	-3.901e+296	6.62423e+296	
991	7.7322e+284	-4.58401e+297	7.52735e+297	-4.64405e+297	-3.92044e+296	6.61984e+296	
992	4.20528e+284	-1.05041e+297	7.65967e+297	-4.64186e+297	-3.95942e+296	6.60644e+296	
993	1.01425e+284	2.94978e+297	6.28689e+297	-4.63684e+297	-4.00593e+296	6.58555e+296	
994	-3.29337e+283	7.22015e+297	3.697e+297	-4.63045e+297	-4.04274e+296	6.55943e+296	
995	1.01425e+284	1.14647e+298	6.92589e+296	-4.62398e+297	-4.05279e+296	6.52969e+296	
996	4.03733e+284	1.54021e+298	-1.67587e+297	-4.61812e+297	-4.026e+296	6.49622e+296	
997	6.89245e+284	1.88749e+298	-2.53211e+297	-4.6128e+297	-3.9646e+296	6.45718e+296	
998	7.56425e+284	2.18887e+298	-1.55335e+297	-4.60735e+297	-3.88392e+296	6.41009e+296	
999	5.04502e+284	2.45584e+298	8.85296e+296	-4.60085e+297	-3.80768e+296	6.3534e+296	
