0	0	0	0	0	0	0	
1	0	0	0	0	0	0	
2	0	0	0.330654	-0.000222746	-0.000865795	0	
3	4.76585e-017	-0.00113907	3.53311	-0.00246635	-0.00896069	-8.46291e-006	
4	0.0194054	-0.0309486	16.7459	-0.0119993	-0.0405781	-0.000117002	
5	0.493497	-0.30133	46.4259	-0.0336083	-0.105448	-0.000613038	
6	4.23429	-1.57482	84.7212	-0.0598534	-0.17604	-0.00172654	
7	18.5218	-5.21519	112.579	-0.0712217	-0.211324	-0.00382145	
8	48.6619	-11.9122	126.362	-0.059298	-0.226216	-0.00975657	
9	85.0861	-19.5113	139.588	-0.0363227	-0.260979	-0.0235115	
10	110.688	-23.1189	151.103	-0.0116178	-0.279719	-0.040332	
11	126.124	-19.8315	150.653	0.01241	-0.234712	-0.0475553	
12	146.574	-13.4427	155.31	0.0176088	-0.198991	-0.0445788	
13	174.685	-10.8474	184.527	-0.00771392	-0.241158	-0.0450244	
14	199.69	-13.2684	213.552	-0.0408179	-0.268033	-0.0521687	
15	216.977	-16.4731	216.327	-0.0712798	-0.210817	-0.0560053	
16	230.317	-19.3294	214.262	-0.113956	-0.160776	-0.0545625	
17	238.069	-23.9032	223.463	-0.15133	-0.151024	-0.0525516	
18	237.962	-29.4742	228.483	-0.163888	-0.119632	-0.0478176	
19	239.73	-35.4843	233.412	-0.175547	-0.100111	-0.0407369	
20	244.958	-43.9148	245.284	-0.190061	-0.113716	-0.0385814	
21	242.459	-53.1347	244.308	-0.19085	-0.0829654	-0.0385845	
22	234.578	-59.5287	235.865	-0.194317	-0.0380051	-0.0320124	
23	225.678	-63.9713	241.046	-0.201194	-0.051962	-0.0223012	
24	212.699	-68.1089	245.406	-0.189638	-0.0630179	-0.0162459	
25	201.228	-71.3592	241.844	-0.170876	-0.0538298	-0.0124818	
26	192.109	-73.3439	242.005	-0.154342	-0.0767135	-0.00939016	
27	178.03	-72.1188	234.45	-0.129456	-0.0858496	-0.00661802	
28	162.65	-65.0566	220.83	-0.106134	-0.0802267	-0.0019997	
29	153.927	-53.7454	219.407	-0.0935617	-0.123938	0.00204217	
30	150.689	-40.9622	216.746	-0.0853423	-0.162353	0.00361253	
31	149.34	-26.299	206.206	-0.0888663	-0.165223	0.00873028	
32	150.323	-10.4232	202.838	-0.109562	-0.191595	0.0148998	
33	151.753	3.54586	200.447	-0.136665	-0.216834	0.0136076	
34	153.683	15.0711	195.154	-0.168118	-0.216046	0.0107239	
35	159.334	24.2166	193.76	-0.206642	-0.225843	0.008969	
36	164.936	28.7348	188.323	-0.246901	-0.225856	0.001751	
37	167.748	29.2704	179.146	-0.285831	-0.201877	-0.00493824	
38	168.561	28.793	174.668	-0.322165	-0.19283	-0.00590912	
39	167.83	27.3897	168.729	-0.354308	-0.185393	-0.00662999	
40	167.387	23.8576	157.11	-0.383829	-0.15143	-0.00776913	
41	164.647	16.9423	144.874	-0.408941	-0.121234	-0.00841288	
42	156.491	6.18822	132.976	-0.426266	-0.104524	-0.00835691	
43	142.28	-6.1252	119.37	-0.437932	-0.0802791	-0.00571859	
44	124.752	-18.6236	104.36	-0.443951	-0.0608007	-0.00295751	
45	107.081	-31.3115	87.308	-0.437819	-0.047146	-0.000706751	
46	85.3503	-42.1996	67.5692	-0.419247	-0.0253569	0.00454465	
47	60.8486	-50.4817	48.4541	-0.396125	-0.0177796	0.0109449	
48	36.6513	-56.9532	29.8423	-0.369383	-0.0272213	0.0160113	
49	12.1897	-60.2049	8.72092	-0.337746	-0.0301862	0.0237005	
50	-8.47051	-59.1521	-11.0285	-0.308253	-0.0400836	0.0353602	
51	-27.7763	-54.4366	-27.7843	-0.284156	-0.0606905	0.0456937	
52	-48.3368	-46.5459	-44.2424	-0.261867	-0.0734528	0.0534464	
53	-65.0501	-37.0759	-56.8119	-0.240295	-0.0937948	0.0601198	
54	-77.1627	-27.0737	-66.8902	-0.222315	-0.120111	0.0621808	
55	-88.1243	-15.431	-80.293	-0.211441	-0.125052	0.0601677	
56	-100.091	-2.72587	-92.9681	-0.205803	-0.123538	0.0580171	
57	-110.277	9.92297	-103.594	-0.203111	-0.128638	0.0536744	
58	-117.826	23.8674	-115.831	-0.206776	-0.125038	0.0478838	
59	-124.705	38.4753	-128.049	-0.21812	-0.115531	0.0436622	
60	-130.966	50.7457	-140.676	-0.235975	-0.10607	0.0388832	
61	-139.473	60.8068	-154.188	-0.259105	-0.0931837	0.0345089	
62	-149.223	69.232	-165.367	-0.284475	-0.0847566	0.0311325	
63	-158.076	73.3958	-175.111	-0.310118	-0.0838018	0.0237521	
64	-167.741	72.4912	-186.207	-0.332806	-0.0765815	0.0146183	
65	-177.49	68.0529	-197.005	-0.347214	-0.0685359	0.00886781	
66	-187.664	60.4534	-204.989	-0.35207	-0.0746056	0.00245163	
67	-197.422	51.5219	-212.739	-0.350551	-0.0790743	-0.00428159	
68	-204.503	43.3735	-222.532	-0.342968	-0.0779224	-0.0047489	
69	-209.482	35.2949	-231.943	-0.324894	-0.085521	-0.00273216	
70	-213.721	27.6448	-239.775	-0.299223	-0.0929998	-0.00119143	
71	-217.778	21.435	-245.732	-0.273334	-0.101286	0.00512262	
72	-219.569	15.8563	-249.688	-0.244388	-0.118803	0.0125744	
73	-219.156	11.7257	-252.377	-0.209778	-0.132985	0.0171476	
74	-218.03	10.4052	-252.228	-0.17253	-0.142419	0.0219776	
75	-214.875	11.0207	-249.383	-0.133291	-0.153775	0.0239578	
76	-209.662	13.2756	-245.439	-0.0961589	-0.162238	0.0226857	
77	-202.446	17.7173	-239.029	-0.0637197	-0.167281	0.0225865	
78	-192.855	23.9428	-231.669	-0.0331775	-0.166926	0.0211114	
79	-182.54	32.0637	-226.059	-0.0106504	-0.155864	0.0186777	
80	-173.534	42.3456	-219.604	-0.00361796	-0.143204	0.0190718	
81	-165.81	52.7079	-211.43	-0.005876	-0.133529	0.0185818	
82	-158.615	61.1122	-204.536	-0.0130254	-0.11713	0.0137868	
83	-153.658	67.7795	-199.03	-0.0315273	-0.0978982	0.00837955	
84	-152.496	71.4236	-192.918	-0.0579244	-0.0848044	0.00357565	
85	-153.868	70.3716	-185.364	-0.081773	-0.074205	-0.00624987	
86	-154.851	66.2989	-177.409	-0.105025	-0.0663388	-0.0194521	
87	-154.718	59.7559	-170.466	-0.125954	-0.0638128	-0.0285268	
88	-154.91	49.6163	-162.981	-0.137948	-0.0632144	-0.0370449	
89	-153.333	37.572	-152.842	-0.14649	-0.0688785	-0.0476121	
90	-149.039	25.0022	-142.242	-0.150289	-0.0830097	-0.0530134	
91	-144.21	11.2357	-133.199	-0.142739	-0.0951139	-0.054158	
92	-136.874	-2.88527	-122.545	-0.130589	-0.108811	-0.0572805	
93	-126.81	-16.0928	-109.828	-0.114507	-0.131146	-0.0600144	
94	-116.806	-28.6376	-98.2584	-0.0888318	-0.1514	-0.0594209	
95	-104.387	-39.9679	-85.5642	-0.0597119	-0.172553	-0.0590766	
96	-87.9505	-48.0538	-70.9647	-0.0303103	-0.199523	-0.0598439	
97	-68.8874	-52.1169	-57.6731	0.00228332	-0.217028	-0.0578248	
98	-46.9435	-53.055	-42.4933	0.03237	-0.229039	-0.053615	
99	-22.6897	-51.2883	-23.6401	0.0570286	-0.24489	-0.0496065	
100	3.54573	-46.8339	-5.31574	0.0796797	-0.248325	-0.0448244	
101	30.4929	-40.5992	13.2771	0.0941666	-0.238295	-0.0390588	
102	55.4083	-33.5069	33.9287	0.0971336	-0.226678	-0.0326167	
103	77.1132	-25.4432	54.0131	0.0971404	-0.206145	-0.0272581	
104	95.1777	-16.8425	72.7962	0.0927393	-0.178592	-0.0259028	
105	110.03	-9.22769	89.7362	0.0778971	-0.155495	-0.0260391	
106	120.714	-2.78019	102.729	0.0588589	-0.131441	-0.0251794	
107	127.616	3.17235	113.077	0.0378344	-0.108302	-0.0269761	
108	132.784	8.00388	122.248	0.00992144	-0.0956962	-0.031754	
109	135.159	11.1312	129.185	-0.021762	-0.0845271	-0.0344585	
110	136.277	12.6942	135.949	-0.0521145	-0.0715534	-0.0357937	
111	136.752	12.0309	145.721	-0.0803509	-0.0659982	-0.0397445	
112	133.484	8.03421	157.897	-0.103225	-0.0624679	-0.0433551	
113	128.177	1.21978	171.683	-0.116542	-0.0611237	-0.0443645	
114	123.127	-6.48164	185.952	-0.120853	-0.0731347	-0.0457871	
115	117.676	-14.3843	197.603	-0.117786	-0.0952345	-0.0469716	
116	114.053	-22.2644	205.51	-0.108682	-0.125972	-0.046726	
117	116.098	-28.1429	209.425	-0.0992859	-0.168596	-0.0465614	
118	123.714	-30.8518	208.675	-0.0955717	-0.213895	-0.0457396	
119	136.656	-31.8288	205.443	-0.0992817	-0.250992	-0.0443379	
120	155.511	-32.4008	204.073	-0.110117	-0.274644	-0.0441224	
121	176.261	-32.3097	207.516	-0.125038	-0.284693	-0.0439755	
122	195.984	-32.187	215.976	-0.140278	-0.281954	-0.0417847	
123	214.663	-34.2285	229.677	-0.152008	-0.269199	-0.0391367	
124	230.496	-37.4675	247.659	-0.155363	-0.256606	-0.0365866	
125	243.026	-38.3447	264.025	-0.151709	-0.245995	-0.0296235	
126	254.717	-37.0686	274.659	-0.146441	-0.232256	-0.0206402	
127	266.459	-34.7248	279.591	-0.14123	-0.216546	-0.0159239	
128	276.075	-29.3567	276.809	-0.140979	-0.193498	-0.010544	
129	283.094	-21.8724	266.448	-0.153087	-0.155356	-0.0027626	
130	285.889	-16.2405	253.304	-0.1755	-0.107046	-0.000303797	
131	279.793	-12.6863	239.799	-0.202093	-0.057934	-0.000218773	
132	264.591	-9.75218	226.261	-0.231388	-0.0152959	0.0043337	
133	243.35	-8.90006	214.3	-0.259952	0.0137564	0.00777037	
134	218.218	-10.6286	204.491	-0.282155	0.0233856	0.00699081	
135	190.743	-12.4308	195.258	-0.297177	0.0164914	0.00914305	
136	164.25	-13.265	184.745	-0.306811	0.00435113	0.0143481	
137	141.737	-13.9215	172.722	-0.313148	-0.00929669	0.016344	
138	121.154	-14.3273	159.962	-0.316091	-0.024389	0.0168001	
139	100.88	-14.2069	145.777	-0.31132	-0.0372157	0.0187498	
140	81.5788	-13.8845	129.602	-0.300967	-0.0536457	0.0199826	
141	63.3057	-13.9329	113.77	-0.292494	-0.0797488	0.0206338	
142	47.0994	-14.2051	100.393	-0.283506	-0.112253	0.0216404	
143	34.7955	-12.9136	88.2386	-0.273094	-0.15019	0.0222426	
144	27.8313	-9.40076	75.8204	-0.27315	-0.185159	0.0241212	
145	25.36	-6.07451	64.2682	-0.285552	-0.203804	0.026282	
146	25.8673	-4.07095	53.6242	-0.298963	-0.211489	0.0247708	
147	28.6053	-1.74057	39.4863	-0.314361	-0.213334	0.0213408	
148	30.7614	0.334626	20.5469	-0.33616	-0.201483	0.018556	
149	29.9095	0.0710592	3.0436	-0.354516	-0.182744	0.0144872	
150	26.7703	-1.33894	-9.64325	-0.367219	-0.16381	0.0112336	
151	21.8846	-2.90542	-18.611	-0.383771	-0.138285	0.013366	
152	14.4559	-6.60152	-23.2976	-0.400255	-0.116494	0.0185394	
153	4.26512	-12.4891	-27.244	-0.40892	-0.102274	0.024681	
154	-8.9571	-19.0825	-36.5028	-0.412739	-0.0762761	0.0345075	
155	-23.8496	-27.0023	-50.2929	-0.408253	-0.044065	0.0448538	
156	-38.5707	-35.3574	-67.7367	-0.386999	-0.0261405	0.0486334	
157	-56.0182	-40.0981	-92.3604	-0.354936	-0.010225	0.0481989	
158	-78.1989	-40.0927	-119.326	-0.325259	0.0188229	0.0518331	
159	-102.503	-37.9538	-136.679	-0.302393	0.0416017	0.0576469	
160	-127.574	-33.9044	-145.674	-0.284111	0.0404847	0.0582314	
161	-153.518	-26.6094	-157.876	-0.268905	0.0211266	0.0577977	
162	-178.072	-18.2075	-173.848	-0.254784	-0.0116338	0.0618402	
163	-197.213	-11.2711	-187.612	-0.234426	-0.0507772	0.0641154	
164	-209.587	-4.22497	-200.318	-0.201589	-0.0847183	0.0621858	
165	-216.745	6.09443	-212.87	-0.164547	-0.111265	0.061729	
166	-220.709	20.6185	-220.855	-0.138433	-0.12574	0.0608729	
167	-223.389	37.6944	-221.922	-0.125875	-0.125671	0.0550626	
168	-225.415	54.2304	-218.369	-0.124587	-0.130126	0.0474959	
169	-226.395	67.8771	-216.257	-0.13809	-0.150857	0.0381678	
170	-224.62	78.7567	-220.682	-0.159991	-0.171941	0.0240136	
171	-217.671	86.9837	-228.814	-0.176256	-0.178921	0.0112266	
172	-206.647	90.9499	-234.378	-0.186211	-0.170577	0.00463569	
173	-196.409	91.0463	-233.853	-0.193317	-0.15476	-0.000984556	
174	-190.803	90.0246	-228.417	-0.196718	-0.14251	-0.00700912	
175	-190.227	88.5957	-225.698	-0.206162	-0.128083	-0.00930376	
176	-191.836	84.8037	-227.909	-0.229382	-0.107744	-0.0111238	
177	-190.927	76.3577	-227.459	-0.253484	-0.102192	-0.0201634	
178	-187.193	63.2506	-227.235	-0.269362	-0.109997	-0.0350567	
179	-185.29	48.5581	-236.766	-0.279733	-0.0964219	-0.0471877	
180	-185.481	34.6105	-246.381	-0.273899	-0.0620742	-0.052774	
181	-185.513	20.8735	-241.783	-0.243258	-0.0423555	-0.0507512	
182	-187.87	6.89847	-230.714	-0.201676	-0.0454427	-0.0391109	
183	-192.664	-5.78924	-223.526	-0.158258	-0.0623999	-0.0233817	
184	-195.698	-14.922	-214.137	-0.112661	-0.0886865	-0.0117603	
185	-196.517	-19.7617	-198.516	-0.071503	-0.108924	-0.00374044	
186	-194.04	-21.8036	-182.944	-0.0343356	-0.117087	0.00182267	
187	-185.943	-21.8704	-172.324	0.00476646	-0.12833	0.00169003	
188	-175.398	-17.9612	-168.413	0.043262	-0.146911	-0.000288849	
189	-163.992	-8.93222	-169.559	0.0808038	-0.161184	0.00250957	
190	-149.799	2.55817	-167.496	0.114637	-0.168027	0.00524888	
191	-133.575	14.3571	-155.215	0.131241	-0.175738	0.00226542	
192	-116.314	27.3032	-135.272	0.125481	-0.183993	-0.00313765	
193	-98.3452	41.041	-113.53	0.104032	-0.183513	-0.00838372	
194	-81.5783	52.6724	-90.946	0.0720349	-0.182006	-0.0146508	
195	-67.5606	59.8414	-68.8376	0.0365514	-0.190508	-0.0227846	
196	-54.5864	62.0542	-51.5628	0.00580878	-0.191401	-0.0303323	
197	-38.5441	60.2559	-37.5227	-0.01949	-0.175199	-0.0358601	
198	-16.9687	56.4674	-21.7218	-0.0387485	-0.166057	-0.0448458	
199	5.71403	52.3443	-4.18506	-0.0508956	-0.170407	-0.0585458	
200	21.3656	46.9814	13.2091	-0.0647827	-0.162246	-0.0686379	
201	30.4031	38.1083	28.9615	-0.0849531	-0.135006	-0.0703438	
202	40.0528	26.0082	42.4282	-0.101591	-0.120129	-0.0674096	
203	52.2033	12.9741	54.1192	-0.109733	-0.136552	-0.0656885	
204	62.8818	-0.674828	64.2743	-0.1125	-0.158903	-0.0680355	
205	70.5087	-15.8812	75.6811	-0.108485	-0.163331	-0.074036	
206	78.5425	-30.8096	90.0963	-0.0938265	-0.162222	-0.0800235	
207	89.7677	-42.1386	103.171	-0.0680427	-0.172568	-0.0811405	
208	104.526	-49.476	112.308	-0.035634	-0.188969	-0.0770442	
209	121.145	-53.7707	122.266	-0.00366975	-0.203103	-0.069006	
210	136.777	-54.842	137.898	0.020667	-0.21628	-0.0582087	
211	151.33	-53.9184	156.882	0.030733	-0.220623	-0.0501369	
212	165.443	-52.5613	174.238	0.0283564	-0.207813	-0.0459688	
213	178.923	-49.6337	188.14	0.0230004	-0.192281	-0.0399454	
214	191.141	-44.5074	198.092	0.0206735	-0.19146	-0.0317291	
215	199.859	-38.631	205.494	0.0220832	-0.198419	-0.0248675	
216	204.717	-32.4203	212.997	0.0214119	-0.188331	-0.0201337	
217	209.278	-25.4136	221.325	0.0112149	-0.153042	-0.0183712	
218	216.443	-18.0837	231.199	-0.00870784	-0.121043	-0.0216854	
219	222.783	-11.6217	241.077	-0.0375233	-0.114029	-0.0297364	
220	222.479	-7.25103	246.48	-0.073395	-0.106924	-0.0353667	
221	215.218	-5.25972	247.836	-0.109959	-0.0772014	-0.0326684	
222	205.607	-5.23535	248.245	-0.146751	-0.0492042	-0.0286516	
223	198.016	-7.78629	246.612	-0.186789	-0.0468633	-0.0307287	
224	190.792	-14.02	241.187	-0.225907	-0.0584529	-0.0338042	
225	180.449	-23.3707	232.736	-0.257071	-0.0706661	-0.0347048	
226	169.152	-33.5063	223.655	-0.275953	-0.0870223	-0.0374907	
227	160.078	-42.1286	216.682	-0.283124	-0.107599	-0.0384318	
228	154.926	-49.0588	212.373	-0.287145	-0.126841	-0.0320106	
229	154.573	-56.6992	209.978	-0.29612	-0.147279	-0.0242891	
230	157.129	-66.567	210.263	-0.303568	-0.172507	-0.0209003	
231	160.212	-76.1457	212.731	-0.298532	-0.195705	-0.0194834	
232	162.918	-82.4338	213.296	-0.283836	-0.205003	-0.0161149	
233	165.933	-86.0556	210.617	-0.262615	-0.198646	-0.00735016	
234	171.145	-87.9114	207.802	-0.229536	-0.192747	0.00294539	
235	177.637	-85.8683	204.684	-0.193404	-0.200179	0.00792295	
236	181.729	-78.1585	197.584	-0.174103	-0.210862	0.0128856	
237	183.976	-66.264	184.77	-0.174038	-0.210043	0.0224444	
238	186.654	-53.2229	167.991	-0.183717	-0.194056	0.0294187	
239	187.2	-41.4084	152.015	-0.201467	-0.162767	0.0322048	
240	183.623	-31.0785	139.917	-0.228077	-0.124454	0.0363358	
241	175.98	-20.9123	129.987	-0.261446	-0.0944537	0.0402219	
242	161.989	-11.5301	120.283	-0.296804	-0.0685202	0.0407042	
243	141.409	-5.81823	110.64	-0.323772	-0.0343802	0.0409273	
244	118.267	-4.44901	100.168	-0.338742	-0.00406101	0.0399827	
245	93.7185	-4.51745	87.864	-0.347621	0.0111516	0.0344054	
246	65.7998	-2.94373	74.4487	-0.349973	0.0187691	0.029745	
247	36.8716	0.253331	59.317	-0.348658	0.0159562	0.029913	
248	10.1623	2.60082	38.3459	-0.355657	-0.00266497	0.0311587	
249	-15.2659	3.30109	10.9242	-0.367791	-0.0216339	0.0317386	
250	-39.6886	3.86225	-16.7739	-0.37118	-0.0283488	0.0311778	
251	-62.5286	4.73948	-39.4792	-0.366288	-0.0313253	0.0304258	
252	-84.6342	5.21374	-56.0462	-0.35871	-0.0475404	0.0317706	
253	-105.075	5.63388	-68.4413	-0.344954	-0.0880075	0.0322402	
254	-120.299	7.58055	-81.4201	-0.325448	-0.14051	0.0298292	
255	-128.308	11.595	-96.2318	-0.308517	-0.17475	0.0291147	
256	-129.525	15.9374	-108.189	-0.293814	-0.185977	0.0323885	
257	-124.694	19.8674	-115.642	-0.276964	-0.200914	0.0355063	
258	-117.572	25.3849	-123.246	-0.265567	-0.219641	0.0345519	
259	-112.543	33.4666	-132.446	-0.264821	-0.212107	0.0322338	
260	-108.465	42.3728	-139.457	-0.266124	-0.185052	0.033753	
261	-104.255	50.0483	-145.548	-0.264523	-0.16793	0.0380049	
262	-103.329	55.9831	-154.825	-0.262514	-0.150591	0.0399949	
263	-106.89	61.0107	-164.001	-0.259905	-0.120408	0.0412455	
264	-111.255	65.5687	-168.916	-0.258219	-0.103275	0.0470756	
265	-114.156	69.0938	-174.115	-0.260915	-0.103052	0.0527613	
266	-117.921	71.1962	-186.081	-0.265755	-0.0786424	0.0516163	
267	-125.034	71.8693	-201.938	-0.2705	-0.021986	0.049405	
268	-135.751	71.2524	-213.43	-0.275457	0.0256578	0.0498537	
269	-151.394	69.9446	-220.092	-0.276559	0.0499744	0.0478682	
270	-174.041	67.8752	-225.612	-0.270145	0.066331	0.0437502	
271	-200.251	63.8403	-228.943	-0.255817	0.0644186	0.0410046	
272	-223.01	58.5807	-231.843	-0.232394	0.0332772	0.0387788	
273	-240.543	54.625	-237.867	-0.203398	-0.00295532	0.0357183	
274	-253.922	52.001	-242.532	-0.175289	-0.0294796	0.0301672	
275	-262.567	50.1427	-244.339	-0.152849	-0.0601704	0.0211562	
276	-267.973	50.2502	-249.973	-0.142089	-0.0941637	0.0153933	
277	-270.42	50.7714	-256.38	-0.138969	-0.120663	0.0166135	
278	-265.738	48.9764	-255.299	-0.131934	-0.147358	0.0110065	
279	-255.828	46.3274	-251.963	-0.124448	-0.172982	-0.00612138	
280	-246.7	44.0084	-249.257	-0.122306	-0.187117	-0.0142926	
281	-234.446	40.3402	-236.638	-0.117533	-0.208604	-0.0105165	
282	-215.003	36.2418	-215.598	-0.107292	-0.247728	-0.0151255	
283	-193.772	33.448	-198.718	-0.0953524	-0.265016	-0.0270664	
284	-171.439	29.8139	-184.346	-0.0811523	-0.243773	-0.0340973	
285	-146.229	24.0815	-169.402	-0.0704965	-0.222966	-0.0412467	
286	-125.925	18.2543	-162.141	-0.070923	-0.208469	-0.0495999	
287	-113.426	12.5846	-160.111	-0.0767647	-0.174092	-0.0518002	
288	-100.498	6.15919	-152.249	-0.0814473	-0.142988	-0.0535504	
289	-85.9007	-0.214824	-142.196	-0.0859014	-0.134077	-0.0593907	
290	-74.8279	-6.70607	-135.664	-0.0873348	-0.109337	-0.0604375	
291	-67.3992	-14.3306	-125.155	-0.0807668	-0.0679545	-0.0556077	
292	-64.0817	-21.598	-108.677	-0.0688592	-0.0561932	-0.0517611	
293	-65.1844	-26.8629	-95.0276	-0.0573672	-0.0669669	-0.0486922	
294	-65.3925	-31.3025	-86.1263	-0.0454332	-0.0692703	-0.0452239	
295	-63.8872	-36.0818	-77.4268	-0.0272892	-0.0750957	-0.0394597	
296	-63.3238	-40.2233	-68.0712	-0.00103897	-0.0881427	-0.0291695	
297	-59.5186	-41.7212	-58.8281	0.0281808	-0.0939517	-0.0239921	
298	-52.47	-39.0817	-48.5901	0.053033	-0.108309	-0.0295464	
299	-46.5257	-33.6041	-35.8847	0.0730753	-0.135621	-0.033407	
300	-36.596	-27.4042	-20.1063	0.0932205	-0.149174	-0.0302586	
301	-20.6402	-19.4975	-1.57037	0.109581	-0.156572	-0.0295252	
302	-5.67237	-10.0031	18.9199	0.115285	-0.180862	-0.0342402	
303	7.7455	-1.74596	40.2645	0.114846	-0.205401	-0.0379831	
304	23.5342	5.82186	60.4991	0.111032	-0.217803	-0.0376171	
305	42.4215	14.1453	78.0123	0.0977128	-0.234027	-0.0380591	
306	63.8928	21.2846	92.3838	0.0732843	-0.248582	-0.0448515	
307	84.3417	26.7263	102.448	0.0378997	-0.23956	-0.0544985	
308	101.08	30.7512	109.273	-0.0122386	-0.218249	-0.0594987	
309	118.633	29.7833	118.402	-0.0710653	-0.210204	-0.0623104	
310	137.933	21.5159	131.284	-0.122095	-0.207764	-0.0676465	
311	153.929	8.79301	144.469	-0.160783	-0.192064	-0.0690328	
312	168.624	-6.54072	160.248	-0.19074	-0.171764	-0.0640855	
313	183.942	-25.3041	181.444	-0.204902	-0.15851	-0.0626089	
314	193.82	-45.4011	201.482	-0.20402	-0.141919	-0.0669176	
315	196.575	-62.774	216.092	-0.201072	-0.122123	-0.0673626	
316	196.51	-76.4043	227.748	-0.192115	-0.115117	-0.061083	
317	195.944	-88.0209	232.846	-0.171068	-0.111457	-0.0561279	
318	195.423	-99.0228	229.199	-0.150815	-0.0992518	-0.0528671	
319	194.397	-108.177	224.43	-0.133183	-0.0979796	-0.0431671	
320	192.304	-112.838	220.158	-0.104736	-0.110723	-0.0307403	
321	190.845	-111.794	214.067	-0.0703553	-0.118396	-0.0233429	
322	190.728	-105.012	214.21	-0.0460154	-0.126632	-0.0143841	
323	190.787	-94.2188	223.416	-0.0350469	-0.141489	-5.38484e-006	
324	190.675	-82.7717	230.607	-0.0379988	-0.149798	0.010994	
325	189.8	-71.4656	233.48	-0.0541981	-0.157746	0.0162236	
326	189.639	-59.2675	240.182	-0.0702567	-0.179965	0.0187165	
327	193.903	-47.2956	247.353	-0.0770249	-0.20017	0.0161373	
328	201.511	-35.9953	246.032	-0.0816158	-0.197533	0.0102435	
329	207.75	-22.879	240.769	-0.0907013	-0.181767	0.00648324	
330	210.333	-6.99269	238.575	-0.106016	-0.164699	0.00174766	
331	208.316	9.45786	235.267	-0.133363	-0.140276	-0.00541564	
332	201.477	23.2006	229.593	-0.177852	-0.117169	-0.00720305	
333	192.524	30.7288	226.026	-0.233042	-0.111743	-0.00620266	
334	182.594	31.6856	219.081	-0.284956	-0.109536	-0.0128755	
335	170.344	29.4349	203.396	-0.325913	-0.098614	-0.0223633	
336	158.415	25.4585	187.136	-0.354041	-0.0977225	-0.0262666	
337	148.142	19.9579	173.796	-0.369947	-0.105446	-0.0277535	
338	136.375	14.4296	157.013	-0.382496	-0.0998992	-0.0268614	
339	123.785	8.24405	140.787	-0.39712	-0.093061	-0.0195922	
340	111.663	0.136238	132.948	-0.407405	-0.103075	-0.0107726	
341	98.952	-8.85347	126.448	-0.411289	-0.117806	-0.00632269	
342	88.2254	-18.491	113.742	-0.408324	-0.135101	-0.0031378	
343	80.4485	-27.8531	98.4223	-0.390805	-0.159335	0.00358109	
344	72.1745	-33.0535	81.9168	-0.35943	-0.167756	0.0131108	
345	64.0876	-33.1677	64.9668	-0.323098	-0.155837	0.0224792	
346	57.4127	-30.7794	52.3824	-0.287377	-0.150817	0.0307575	
347	49.452	-25.6488	41.9701	-0.258382	-0.15407	0.0389301	
348	42.3392	-16.49	30.8008	-0.237924	-0.1524	0.0464661	
349	39.3614	-4.35869	23.165	-0.223925	-0.150482	0.0519875	
350	36.0643	9.63701	16.0233	-0.221248	-0.14223	0.0588125	
351	29.2514	23.7109	1.46901	-0.227928	-0.115268	0.0687388	
352	19.8589	36.0401	-17.057	-0.233305	-0.0806654	0.075694	
353	5.27774	48.1412	-32.8195	-0.240507	-0.0517773	0.0781673	
354	-14.5345	60.5798	-46.6633	-0.254889	-0.0313554	0.0803396	
355	-34.4601	70.2034	-60.7638	-0.27064	-0.0232517	0.077977	
356	-53.5649	76.4553	-76.2737	-0.291674	-0.019769	0.066174	
357	-71.8792	81.7598	-94.5631	-0.326423	-0.010258	0.0532778	
358	-86.9606	85.1659	-113.36	-0.365481	-0.00525122	0.0478133	
359	-101.889	83.8746	-130.912	-0.396283	-0.00623731	0.0457292	
360	-121.837	78.1862	-148.164	-0.41495	0.00303612	0.0428885	
361	-144.601	69.4404	-162.123	-0.414211	0.0119466	0.0383831	
362	-165.601	58.7541	-171.565	-0.393116	-0.000512457	0.028057	
363	-184.302	48.9035	-178.863	-0.367568	-0.0285806	0.0173814	
364	-199.132	41.1488	-182.834	-0.346266	-0.0618912	0.0161504	
365	-206.886	34.1116	-187.593	-0.324063	-0.093052	0.0174841	
366	-209.191	28.1497	-200.385	-0.302394	-0.113068	0.0140687	
367	-209.333	24.4698	-216.89	-0.281543	-0.12877	0.0135216	
368	-207.068	21.9531	-231.171	-0.253647	-0.147112	0.0193806	
369	-202.008	18.9938	-243.948	-0.222179	-0.159576	0.0227333	
370	-195.788	16.3333	-252.981	-0.196068	-0.164907	0.0190826	
371	-190.595	16.4207	-253.924	-0.175654	-0.166287	0.0158651	
372	-187.505	19.2699	-247.452	-0.162426	-0.158274	0.017414	
373	-185.223	21.3462	-238.823	-0.155391	-0.146516	0.0189352	
374	-181.925	20.5122	-233.022	-0.147459	-0.14486	0.0179886	
375	-177.045	18.874	-230.357	-0.140394	-0.145648	0.0159652	
376	-171.147	19.3648	-228.662	-0.137804	-0.128259	0.0132912	
377	-166.413	21.566	-228.066	-0.132018	-0.0914961	0.0103421	
378	-165.338	22.817	-229.271	-0.121109	-0.0538112	0.00846494	
379	-169.536	22.0972	-230.166	-0.115505	-0.0242952	0.00792316	
380	-180.462	20.3243	-228.845	-0.114988	0.00447722	0.00584227	
381	-197.063	18.3665	-225.481	-0.10889	0.0264843	0.00168799	
382	-213.483	15.9414	-219.515	-0.10072	0.0200932	-0.00278632	
383	-224.955	12.4737	-213.459	-0.101244	-0.0139212	-0.00834468	
384	-232.661	8.52898	-213.428	-0.10719	-0.0513828	-0.0116359	
385	-236.381	4.38762	-216.947	-0.110698	-0.0797082	-0.0101871	
386	-233.418	-0.78054	-214.714	-0.108626	-0.106106	-0.0106567	
387	-226.458	-7.05469	-207.399	-0.0964137	-0.133809	-0.0162687	
388	-218.595	-13.446	-200.128	-0.0752992	-0.155481	-0.0234932	
389	-207.972	-18.8759	-186.75	-0.0517789	-0.176913	-0.0311326	
390	-193.074	-22.7268	-162.222	-0.0262314	-0.206987	-0.0403721	
391	-174.561	-24.8513	-133.496	-0.00393706	-0.235397	-0.0490618	
392	-152.456	-25.5251	-106.758	0.00675399	-0.259571	-0.0508011	
393	-125.56	-25.5236	-86.5798	0.0159092	-0.286872	-0.0453688	
394	-93.8454	-24.9146	-76.4215	0.0341685	-0.308375	-0.0409646	
395	-58.9296	-22.5295	-68.8445	0.0488368	-0.31515	-0.0411801	
396	-23.7903	-17.7935	-56.8413	0.0491318	-0.302882	-0.0429441	
397	7.8356	-12.6803	-42.1863	0.042941	-0.26318	-0.0453491	
398	34.4264	-10.4013	-24.0685	0.0328699	-0.21097	-0.0494105	
399	55.0178	-10.9541	-2.10308	0.0144505	-0.175404	-0.0526109	
400	68.4643	-11.9389	19.2664	-0.00571287	-0.154636	-0.0539123	
401	77.5814	-13.4452	40.2097	-0.0213047	-0.132633	-0.0557299	
402	86.6287	-16.6696	62.572	-0.0329469	-0.112044	-0.0545053	
403	96.4429	-21.4421	80.6301	-0.0390699	-0.0945718	-0.0482889	
404	105.007	-26.906	89.6968	-0.0438694	-0.0750853	-0.0441704	
405	108.597	-31.2237	93.8975	-0.049073	-0.0590583	-0.0419986	
406	104.854	-33.6994	95.6834	-0.0425059	-0.0465557	-0.0365822	
407	96.7634	-36.2791	96.5711	-0.0265722	-0.0298065	-0.0337689	
408	89.0961	-39.6054	105.571	-0.0206153	-0.0237098	-0.0410778	
409	84.0903	-41.383	122.603	-0.0244002	-0.0485815	-0.0544809	
410	81.4928	-40.1828	135.495	-0.0244887	-0.0892784	-0.0615841	
411	79.6731	-38.1611	144.706	-0.0219965	-0.118794	-0.0546024	
412	80.9622	-37.9212	157.455	-0.0205659	-0.139481	-0.0422104	
413	89.1136	-37.9194	168.5	-0.0130781	-0.165502	-0.0387539	
414	100.94	-34.6131	173.31	-0.00144192	-0.196891	-0.0418531	
415	113.139	-28.1748	177.374	-0.000338005	-0.227615	-0.0401032	
416	127.49	-22.2514	184.452	-0.0131887	-0.24906	-0.0363602	
417	143.986	-18.0142	194.948	-0.034635	-0.26028	-0.0386153	
418	161.915	-13.4477	207.238	-0.0649472	-0.271119	-0.043646	
419	182.382	-9.62457	216.821	-0.0994641	-0.269555	-0.0468732	
420	203.856	-9.75618	227.544	-0.12921	-0.245302	-0.0486328	
421	222.895	-12.7877	244.728	-0.153602	-0.225183	-0.049655	
422	236.678	-15.6354	258.158	-0.17224	-0.213484	-0.0485793	
423	244.641	-17.5015	261.807	-0.182489	-0.184641	-0.0416617	
424	250.372	-18.8148	262.704	-0.189913	-0.151302	-0.0309258	
425	254.478	-20.3599	257.647	-0.198921	-0.136883	-0.024851	
426	253.15	-22.4888	243.955	-0.205779	-0.124257	-0.0246433	
427	247.509	-23.9246	234.835	-0.214154	-0.0966026	-0.0233602	
428	240.393	-23.6735	233.532	-0.230901	-0.0694525	-0.0187008	
429	231.298	-23.5061	228.673	-0.248009	-0.0563914	-0.0142823	
430	220.248	-25.8238	219.913	-0.254989	-0.053289	-0.0112515	
431	206.467	-29.3603	214.222	-0.251572	-0.0562063	-0.00688814	
432	189.523	-29.9983	210.719	-0.238368	-0.0612557	0.00247919	
433	173.553	-25.8251	209.18	-0.21678	-0.0715046	0.0168033	
434	161.288	-18.9903	210.385	-0.193888	-0.100284	0.0297195	
435	150.688	-11.9836	205.724	-0.176998	-0.135696	0.0371831	
436	141.167	-3.84854	190.921	-0.167205	-0.153015	0.0397904	
437	133.962	7.63463	174.457	-0.161742	-0.16157	0.035151	
438	128.197	21.8719	159.655	-0.164271	-0.172546	0.0243267	
439	122.928	35.9945	143.953	-0.181199	-0.174169	0.0146534	
440	118.839	47.805	129.765	-0.208215	-0.172398	0.00709953	
441	115.148	56.8844	118.435	-0.238519	-0.176895	0.00116139	
442	109.92	63.131	109.561	-0.272752	-0.173176	0.00163965	
443	103.846	66.2051	104.247	-0.308618	-0.162113	0.00484753	
444	97.2452	66.4072	98.1479	-0.341559	-0.153092	0.00273402	
445	88.0635	63.6409	87.9668	-0.375138	-0.133859	-0.00149745	
446	77.6385	57.6378	79.2088	-0.410124	-0.114387	-0.00298063	
447	67.7391	49.0933	68.9926	-0.437062	-0.111861	-0.00360624	
448	55.9198	38.3589	47.4606	-0.452801	-0.102292	-0.00298868	
449	42.3862	25.8672	21.4206	-0.463265	-0.0804811	0.00108921	
450	28.7473	12.6735	0.588554	-0.467842	-0.0665187	0.00578788	
451	12.8154	-0.520578	-19.2741	-0.458989	-0.0491863	0.00952085	
452	-5.8979	-12.7041	-38.0101	-0.434456	-0.0311303	0.0159114	
453	-26.8026	-23.5869	-52.1248	-0.403038	-0.0351808	0.0241437	
454	-49.8362	-33.2435	-67.3789	-0.373819	-0.045706	0.0297093	
455	-70.0392	-38.4953	-86.29	-0.34506	-0.0460557	0.0351578	
456	-83.4755	-36.8817	-104.27	-0.31609	-0.0494578	0.0429539	
457	-93.7306	-32.3853	-118.701	-0.289124	-0.0567949	0.047779	
458	-105.546	-28.5519	-128.897	-0.257918	-0.0625888	0.0533333	
459	-118.776	-22.6825	-136.342	-0.223724	-0.076666	0.0708239	
460	-129.509	-13.1701	-145.017	-0.194818	-0.0920133	0.0910111	
461	-137.814	-1.6612	-156.297	-0.167087	-0.0903933	0.0969661	
462	-146.84	12.2014	-168.564	-0.147257	-0.0853808	0.0935317	
463	-154.537	27.5296	-179.587	-0.151675	-0.0927305	0.089248	
464	-160.411	41.6003	-185.092	-0.168416	-0.0990067	0.0804902	
465	-167.57	54.7505	-186.55	-0.186225	-0.0968128	0.0696387	
466	-173.305	65.4682	-196.185	-0.215598	-0.0880799	0.0649727	
467	-175.267	69.5425	-214.503	-0.245199	-0.0711389	0.0616638	
468	-177.043	68.3866	-225.161	-0.26095	-0.0571015	0.0490492	
469	-182.179	66.0746	-225.705	-0.278971	-0.0516938	0.0303999	
470	-192.271	62.3541	-226.093	-0.29865	-0.0462556	0.0157923	
471	-204.485	55.9945	-225.804	-0.305094	-0.0469283	0.00824173	
472	-213.915	47.4608	-224.002	-0.309722	-0.0564248	0.00695288	
473	-220.831	36.3018	-224.73	-0.314017	-0.0614707	0.00785471	
474	-226.589	22.4786	-226.94	-0.303095	-0.0711417	0.00414527	
475	-230.267	8.09861	-232.785	-0.28662	-0.0932584	-0.00480124	
476	-232.062	-6.00959	-244.062	-0.269867	-0.101788	-0.0151541	
477	-232.305	-19.5117	-250.353	-0.237415	-0.0981614	-0.0225307	
478	-229.629	-30.0333	-248.027	-0.194929	-0.116116	-0.0206159	
479	-222.504	-36.6482	-245.118	-0.157115	-0.145642	-0.0116467	
480	-213.473	-39.8112	-239.089	-0.120924	-0.15573	-0.00585019	
481	-206.144	-40.165	-225.886	-0.0867734	-0.154019	-0.00256753	
482	-197.805	-40.337	-212.487	-0.0563853	-0.160301	0.00206363	
483	-186.905	-40.1237	-200.013	-0.0211298	-0.175832	0.000176155	
484	-176.463	-35.0746	-186.803	0.0169626	-0.191492	-0.00841835	
485	-163.996	-24.0864	-180.026	0.047416	-0.195301	-0.0108755	
486	-146.578	-10.3749	-178.804	0.0687565	-0.179806	-0.00726414	
487	-129.34	3.05871	-171.683	0.0771878	-0.153381	-0.00644927	
488	-117.554	14.554	-158.243	0.0662524	-0.129049	-0.00663484	
489	-110.768	23.5406	-146.273	0.045937	-0.102746	-0.00710281	
490	-106.006	30.3094	-134.401	0.030494	-0.0769272	-0.0132822	
491	-102.187	35.2162	-119.79	0.0148371	-0.0690104	-0.0221073	
492	-101.236	38.4805	-107.88	-0.00681	-0.066826	-0.0286903	
493	-102.566	40.4311	-98.3834	-0.023958	-0.0557106	-0.036951	
494	-101.303	40.4935	-83.7015	-0.0359282	-0.0614702	-0.0473079	
495	-95.5462	37.392	-67.2284	-0.0517208	-0.0882683	-0.0548202	
496	-88.6675	31.15	-58.6288	-0.0652598	-0.101858	-0.0608287	
497	-83.1962	22.7274	-56.0662	-0.0741295	-0.102036	-0.0660736	
498	-77.7474	12.9016	-51.2319	-0.0848047	-0.116179	-0.0675287	
499	-70.15	2.20277	-40.9945	-0.0886669	-0.143684	-0.0703579	
500	-59.0849	-8.72987	-26.5815	-0.0820817	-0.170915	-0.0785886	
501	-43.8147	-18.9685	-10.6964	-0.0750074	-0.197775	-0.0827654	
502	-25.5475	-28.9851	5.62937	-0.0634225	-0.22401	-0.0785504	
503	-5.3684	-39.1763	25.7368	-0.045976	-0.247905	-0.074809	
504	17.4602	-47.267	49.8643	-0.036007	-0.271423	-0.0726845	
505	43.2873	-52.8366	70.7321	-0.0294112	-0.290572	-0.0663185	
506	72.0598	-58.5256	84.7697	-0.0148327	-0.299981	-0.0592966	
507	102.543	-63.7654	97.1505	-0.000524244	-0.294609	-0.0559212	
508	131.235	-65.5427	113.607	0.0116631	-0.267221	-0.0525488	
509	154.709	-64.2365	134.84	0.032027	-0.225956	-0.0466722	
510	172.136	-61.8895	155.549	0.0491178	-0.186367	-0.0406378	
511	184.436	-57.6611	170.987	0.0441334	-0.151841	-0.0384094	
512	191.792	-50.5231	183.148	0.0209517	-0.132732	-0.0404335	
513	196.032	-42.9708	192.743	-0.0112147	-0.136579	-0.0401461	
514	200.65	-38.1311	195.954	-0.0465794	-0.136283	-0.0349648	
515	205.616	-36.5742	194.247	-0.0742391	-0.112938	-0.03173	
516	208.079	-36.8157	193.921	-0.091271	-0.086583	-0.0291174	
517	205.052	-37.3356	197.081	-0.103391	-0.0625375	-0.0204573	
518	195.473	-37.7902	203.694	-0.111881	-0.0349466	-0.014087	
519	181.939	-37.3348	214.709	-0.120526	-0.0293331	-0.0171257	
520	167.909	-34.8018	226.737	-0.133315	-0.0517721	-0.0209594	
521	157.045	-31.782	236.084	-0.14142	-0.0772539	-0.0221996	
522	152.808	-30.7945	243.613	-0.138805	-0.111113	-0.0246896	
523	154.942	-30.4204	245.557	-0.132852	-0.156499	-0.0266552	
524	160.801	-26.9945	236.806	-0.124225	-0.18764	-0.026832	
525	168.22	-20.3655	223.382	-0.109511	-0.203093	-0.0256532	
526	175.915	-12.495	215.23	-0.0982394	-0.213242	-0.0224144	
527	182.996	-2.84378	215.606	-0.0985187	-0.216195	-0.0200477	
528	187.975	8.92591	221.743	-0.111596	-0.225989	-0.0197453	
529	192.272	20.3132	229.278	-0.140833	-0.250695	-0.0171331	
530	200.508	29.0162	234.999	-0.177241	-0.267503	-0.0130739	
531	213.244	34.6524	234.119	-0.204628	-0.261506	-0.0129257	
532	226.937	38.147	225.902	-0.225847	-0.241369	-0.0140151	
533	238.16	40.7688	218.713	-0.249691	-0.217246	-0.012047	
534	245.269	43.0228	214.237	-0.270748	-0.194486	-0.00881331	
535	248.376	44.4293	206.771	-0.285225	-0.168924	-0.00184379	
536	245.72	44.1225	200.561	-0.300221	-0.127852	0.0101733	
537	236.168	41.5983	198.818	-0.317528	-0.0766826	0.0187573	
538	220.67	36.9049	192.582	-0.332578	-0.0381133	0.0211657	
539	198.124	31.5599	179.241	-0.345833	-0.0157064	0.021186	
540	171.252	28.2133	165.372	-0.352909	0.000483805	0.0191737	
541	145.905	26.7341	150.386	-0.343779	0.0099887	0.0195183	
542	121.596	24.8677	129.749	-0.3236	0.0183636	0.0255448	
543	95.9247	23.5479	105.563	-0.305296	0.0282766	0.030826	
544	68.4593	24.909	82.0569	-0.29375	0.0174988	0.0341147	
545	39.0963	27.1831	59.2143	-0.295118	-0.016637	0.0415379	
546	11.7779	27.6724	36.7305	-0.308964	-0.048815	0.0497381	
547	-8.61005	27.3442	18.5649	-0.31998	-0.0820328	0.0500589	
548	-22.4804	28.5593	6.8285	-0.325678	-0.122609	0.0445182	
549	-32.4	30.8061	-1.29847	-0.333726	-0.146689	0.0420271	
550	-39.2453	30.8287	-6.02774	-0.333868	-0.156789	0.0438918	
551	-42.7666	28.1974	-9.19978	-0.322656	-0.173862	0.0424542	
552	-43.9678	27.9998	-17.7784	-0.31452	-0.181516	0.0355923	
553	-45.1798	32.0803	-29.5897	-0.306388	-0.172508	0.03164	
554	-46.0517	34.9334	-38.5561	-0.293525	-0.173284	0.0315514	
555	-45.9302	34.6828	-50.0902	-0.289758	-0.179551	0.0265339	
556	-48.4425	35.572	-67.936	-0.297359	-0.165562	0.0194179	
557	-53.6129	37.4692	-86.2655	-0.312546	-0.139874	0.018424	
558	-56.2337	35.919	-103.241	-0.336085	-0.119621	0.0165112	
559	-58.9613	30.6201	-121.483	-0.353924	-0.0987165	0.00720882	
560	-68.0907	23.9811	-139.044	-0.360134	-0.0709885	0.000607225	
561	-81.2966	15.8539	-151.882	-0.368651	-0.0451134	0.00363029	
562	-96.0433	6.78656	-160.46	-0.377816	-0.0303144	0.0108934	
563	-113.107	-1.19095	-167.443	-0.376117	-0.0193317	0.018529	
564	-130.317	-8.98382	-173.42	-0.365682	-0.0085277	0.0250602	
565	-147.644	-17.52	-182.133	-0.34764	-0.011969	0.0283074	
566	-167.482	-25.9068	-198.723	-0.316098	-0.0149732	0.0281886	
567	-188.452	-33.2434	-216.056	-0.272855	-9.96129e-005	0.0259837	
568	-206.732	-36.3427	-223.665	-0.226107	-0.00767554	0.0260173	
569	-219.631	-34.0887	-227.885	-0.182183	-0.0466288	0.0309658	
570	-228.632	-30.5732	-237.411	-0.144958	-0.062983	0.0372081	
571	-237.156	-26.2223	-245.985	-0.11236	-0.0593741	0.0430104	
572	-245.75	-17.904	-249.232	-0.0843937	-0.0757113	0.0471358	
573	-253.161	-7.1532	-252.785	-0.0730111	-0.100471	0.0453167	
574	-257.087	2.47464	-257.865	-0.078996	-0.119922	0.0384107	
575	-255.613	10.6699	-260.428	-0.0850681	-0.143877	0.0302076	
576	-250.152	18.2322	-259.728	-0.0887527	-0.155036	0.0204473	
577	-243.604	24.3987	-256.128	-0.101675	-0.139976	0.00960129	
578	-237.396	27.8715	-247.666	-0.123273	-0.131819	0.00191793	
579	-229.715	27.6447	-235.194	-0.144191	-0.1454	-0.00226567	
580	-219.235	23.6863	-224.054	-0.16009	-0.150129	-0.00727107	
581	-209.261	17.9897	-215.883	-0.174911	-0.138759	-0.0117109	
582	-201.559	11.7902	-208.342	-0.191256	-0.127792	-0.0128015	
583	-195.242	3.57491	-203.054	-0.201725	-0.114287	-0.0140514	
584	-189.851	-8.19277	-201.7	-0.202963	-0.0995652	-0.0158784	
585	-182.078	-22.886	-200.864	-0.19819	-0.0994565	-0.0164354	
586	-170.731	-37.278	-198.478	-0.182892	-0.106738	-0.0192758	
587	-159.868	-48.3869	-193.358	-0.157751	-0.096805	-0.0245955	
588	-150.485	-57.2312	-179.434	-0.133378	-0.0777357	-0.0264007	
589	-141.278	-66.1535	-156.693	-0.108266	-0.0791683	-0.0248719	
590	-134.095	-74.1122	-138.02	-0.0771049	-0.0950993	-0.0251014	
591	-129.226	-77.6704	-128.179	-0.0427254	-0.105751	-0.0239001	
592	-122.786	-76.2274	-117.51	-0.000552206	-0.11971	-0.0172882	
593	-112.939	-72.7902	-105.179	0.0494918	-0.142657	-0.0106133	
594	-99.7774	-68.0583	-97.2152	0.0901371	-0.163124	-0.00823482	
595	-82.3602	-59.0087	-88.2295	0.114855	-0.178784	-0.0105252	
596	-63.0909	-44.1849	-73.1038	0.129366	-0.191534	-0.0148872	
597	-45.031	-26.6185	-57.4026	0.128273	-0.192179	-0.0147979	
598	-26.9562	-11.131	-42.4949	0.108951	-0.179321	-0.0110502	
599	-8.89927	0.0355191	-23.4233	0.0837937	-0.169336	-0.0118852	
600	6.34768	7.57662	-1.86482	0.0627531	-0.164206	-0.0203529	
601	18.1953	13.2205	19.5217	0.0472112	-0.156052	-0.031987	
602	29.1835	17.6519	43.6207	0.0351911	-0.158449	-0.0432904	
603	41.3095	19.9484	65.2956	0.0226425	-0.170455	-0.0552508	
604	53.2297	21.7952	75.6624	0.00710504	-0.165719	-0.0644984	
605	63.9924	25.3628	80.2209	-0.0139403	-0.150681	-0.0697356	
606	74.6166	27.0786	87.128	-0.0434726	-0.149284	-0.0776477	
607	83.7344	23.5106	94.6055	-0.0774784	-0.149414	-0.0859275	
608	89.6847	15.5911	101.908	-0.110046	-0.138428	-0.0911789	
609	93.968	4.59281	111.593	-0.136607	-0.138103	-0.0984498	
610	98.0811	-6.81553	123.432	-0.1473	-0.155255	-0.102026	
611	103.087	-16.6707	135.796	-0.140665	-0.169963	-0.0962906	
612	110.347	-27.1057	148.92	-0.126842	-0.187247	-0.0890702	
613	119.739	-36.8739	164.538	-0.105919	-0.218298	-0.079576	
614	132.927	-40.9499	179.995	-0.0784789	-0.244705	-0.0648439	
615	152.964	-40.6735	190.153	-0.0582144	-0.258774	-0.0555141	
616	175.755	-40.3833	196.956	-0.0455728	-0.269485	-0.0501029	
617	194.565	-39.6277	204.577	-0.0291911	-0.267525	-0.0358823	
618	210.258	-37.1566	212.397	-0.0142128	-0.248235	-0.0220192	
619	224.751	-30.3861	220.972	-0.0084433	-0.228887	-0.0200506	
620	235.908	-15.642	232.012	-0.0032626	-0.215753	-0.0186177	
621	243.263	1.13394	242.353	0.00363004	-0.201027	-0.0125855	
622	248.337	11.8196	249.109	0.000597524	-0.186711	-0.00958799	
623	252.917	21.3609	255.156	-0.0121231	-0.177622	-0.00747553	
624	259.519	36.2242	261.383	-0.0269738	-0.167607	-0.00256292	
625	267.279	53.2231	264.319	-0.051237	-0.146325	0.0020021	
626	269.826	67.9222	264.268	-0.0925507	-0.110915	0.00457893	
627	263.426	77.7419	262.211	-0.144532	-0.0713563	0.00563885	
628	249.884	81.3183	255.661	-0.199198	-0.0417254	0.00610624	
629	230.643	81.5837	245.534	-0.247654	-0.0287992	0.00586528	
630	209.931	80.4005	235.238	-0.280128	-0.0324483	0.00234295	
631	193.249	74.6538	226.39	-0.300938	-0.0467826	-0.00480667	
632	179.126	64.4157	221.276	-0.317926	-0.0648446	-0.0100571	
633	165.834	54.3136	218.936	-0.328151	-0.0870382	-0.00947796	
634	156.341	45.8488	212.456	-0.33612	-0.113235	-0.00898835	
635	151.379	38.0872	199.523	-0.349825	-0.133116	-0.013275	
636	147.027	30.5868	185.792	-0.360171	-0.13993	-0.0162207	
637	140.088	21.639	174.86	-0.359683	-0.142055	-0.0154705	
638	131.401	10.3973	166.127	-0.350867	-0.148252	-0.0160515	
639	122.143	-0.944944	158.02	-0.329839	-0.158365	-0.0163414	
640	115.215	-9.85523	148.342	-0.30043	-0.170909	-0.0129915	
641	113.791	-14.3635	137.647	-0.278527	-0.18049	-0.00757244	
642	113.903	-12.3848	127.429	-0.26771	-0.184317	0.00252759	
643	113.162	-4.99288	115.471	-0.267585	-0.190574	0.0175744	
644	113.826	1.71371	99.7089	-0.284536	-0.188599	0.0292592	
645	112.988	2.84687	82.7892	-0.308924	-0.156296	0.0388473	
646	107.774	-0.401305	69.5481	-0.32357	-0.11168	0.0505577	
647	98.3765	-3.66512	57.7698	-0.331612	-0.0787705	0.0515567	
648	82.617	-3.80338	41.1029	-0.335579	-0.0450017	0.0402125	
649	59.7601	-2.3936	23.5257	-0.327273	-0.0125206	0.0370316	
650	34.5668	-2.60221	10.8443	-0.318013	0.00293868	0.0431342	
651	11.4516	-2.29635	-0.978492	-0.322518	0.0155827	0.0439859	
652	-11.2644	1.22015	-16.169	-0.332174	0.028102	0.0429895	
653	-34.8192	5.08092	-36.5212	-0.341049	0.0277094	0.0475027	
654	-58.263	6.37352	-61.5738	-0.350016	0.0313367	0.0527334	
655	-83.7621	5.32941	-84.9651	-0.352263	0.0409515	0.0550323	
656	-111.504	2.49198	-103.775	-0.346556	0.0288845	0.0546711	
657	-139.562	-0.365626	-121.221	-0.333068	-0.000352501	0.0510943	
658	-164.497	0.0171659	-136.712	-0.310191	-0.0336316	0.0481852	
659	-181.084	3.07404	-148.109	-0.288918	-0.0803513	0.0483097	
660	-191.492	4.95646	-158.266	-0.277231	-0.124852	0.046377	
661	-197.498	5.61883	-169.504	-0.271712	-0.147325	0.0407604	
662	-194.801	6.67722	-180.227	-0.27341	-0.169516	0.032428	
663	-186.677	7.17797	-190.225	-0.27935	-0.198532	0.023567	
664	-179.62	7.39182	-200.724	-0.278136	-0.210986	0.0228098	
665	-173.358	7.9915	-211.003	-0.270027	-0.209648	0.0293022	
666	-167.049	7.36002	-217.71	-0.264697	-0.204787	0.030779	
667	-161.014	4.79223	-216.314	-0.262702	-0.191829	0.0233235	
668	-152.605	0.66671	-207.813	-0.260246	-0.180865	0.010599	
669	-143.708	-4.59937	-199.46	-0.257541	-0.172885	0.000835044	
670	-140.849	-9.09451	-197.18	-0.252878	-0.14524	0.00258203	
671	-140.964	-11.9596	-202.532	-0.244669	-0.102405	0.0101594	
672	-140.512	-15.4743	-212.08	-0.233791	-0.0676057	0.0136537	
673	-143.959	-20.7796	-221.671	-0.22005	-0.0360209	0.0126922	
674	-152.685	-26.2479	-231.552	-0.205883	-0.00277188	0.0100789	
675	-168.648	-30.6277	-241.067	-0.195848	0.017362	0.00874046	
676	-190.66	-33.3398	-246.999	-0.191801	0.0253643	0.00932376	
677	-209.562	-35.6857	-249.193	-0.188413	0.0230342	0.0101697	
678	-222.45	-41.1951	-250.278	-0.176924	5.52988e-005	0.0115913	
679	-230.878	-49.0345	-251.206	-0.159692	-0.0237903	0.0107491	
680	-236.769	-53.8539	-249.023	-0.138827	-0.0287807	0.00462343	
681	-243.89	-53.5849	-241.348	-0.105626	-0.037702	0.000536865	
682	-250.934	-50.156	-232.055	-0.064432	-0.0614658	0.00302426	
683	-254.125	-45.5631	-224.87	-0.0302104	-0.0887471	0.00366982	
684	-251.794	-40.0995	-217.018	-0.00726906	-0.125022	0.00147391	
685	-244.506	-33.1722	-207.357	0.00848631	-0.165939	0.00245377	
686	-232.805	-25.0479	-198.84	0.0242052	-0.192788	-0.00133938	
687	-215.462	-16.13	-190.982	0.038089	-0.206135	-0.0165421	
688	-195.269	-7.29707	-181.906	0.0412516	-0.210812	-0.0319368	
689	-174.524	-0.287219	-171.316	0.0369914	-0.210633	-0.0382249	
690	-152.524	5.32517	-158.057	0.0267438	-0.215396	-0.0393766	
691	-132.574	10.6984	-142.337	0.00220042	-0.217558	-0.0405593	
692	-114.608	14.09	-126.062	-0.0337035	-0.212907	-0.0424457	
693	-93.1919	13.789	-110.032	-0.0708391	-0.217171	-0.0468573	
694	-68.1605	10.0614	-93.934	-0.10125	-0.218237	-0.0550974	
695	-45.5263	2.44492	-76.9759	-0.115268	-0.191985	-0.0605858	
696	-28.7535	-8.86297	-59.4793	-0.111362	-0.154102	-0.058579	
697	-16.1429	-20.4449	-41.7689	-0.0985268	-0.127143	-0.0564827	
698	-8.20532	-29.0313	-23.0055	-0.0801503	-0.110718	-0.0573638	
699	-3.37862	-34.4208	-4.36703	-0.0556898	-0.102972	-0.0530539	
700	4.57041	-38.5683	12.2158	-0.03189	-0.104131	-0.0457303	
701	14.3016	-43.1014	25.0741	-0.0121822	-0.109549	-0.0466646	
702	20.7107	-45.7736	31.8182	0.00628512	-0.115161	-0.0504352	
703	24.4139	-43.4629	34.5401	0.0216002	-0.119575	-0.0429837	
704	28.9907	-38.3381	38.4806	0.0362987	-0.12655	-0.0292208	
705	36.7087	-33.5799	45.6259	0.055587	-0.14564	-0.0233833	
706	46.2977	-27.7359	57.472	0.0699097	-0.172905	-0.0256862	
707	57.1806	-19.0312	76.5709	0.0722023	-0.190616	-0.0278319	
708	70.3524	-9.04483	102.726	0.0702433	-0.199939	-0.02651	
709	84.5301	1.03397	131.643	0.0648784	-0.211728	-0.0231745	
710	99.0761	11.9227	157.59	0.055398	-0.221075	-0.0197093	
711	115.466	22.5932	177.326	0.0504246	-0.226734	-0.0189711	
712	134.141	31.748	188.807	0.0442308	-0.232819	-0.025338	
713	152.849	40.6785	192.235	0.026651	-0.233741	-0.0369897	
714	169.498	49.5194	193.824	0.00545329	-0.226839	-0.0449316	
715	185.017	56.9897	198.663	-0.0217625	-0.211811	-0.048479	
716	200.264	63.3524	207.322	-0.0637191	-0.189306	-0.053811	
717	212.851	67.1899	219.585	-0.108853	-0.17126	-0.0565194	
718	220.59	64.4244	231.125	-0.153381	-0.159361	-0.0539785	
719	225.49	55.0888	238.04	-0.200307	-0.143486	-0.0557838	
720	227.978	44.5912	243.014	-0.232914	-0.130258	-0.0592165	
721	227.905	35.5897	247.98	-0.244438	-0.123046	-0.055094	
722	229.961	26.8342	252.545	-0.245657	-0.116793	-0.0505334	
723	231.986	18.4567	254.745	-0.236405	-0.123991	-0.0471734	
724	230.057	10.4638	249.739	-0.218905	-0.139808	-0.0371412	
725	230.303	2.87389	240.715	-0.206238	-0.140563	-0.0265006	
726	232.738	-1.99969	237.097	-0.19819	-0.133538	-0.0205195	
727	232.41	-3.89462	237.376	-0.186677	-0.127978	-0.0129136	
728	230.485	-4.52757	236.845	-0.174156	-0.118664	-0.00405534	
729	225.858	-3.18408	238.306	-0.162375	-0.118989	0.0013751	
730	218.17	1.51586	238.754	-0.146445	-0.129998	0.00608467	
731	211.136	9.18638	232.78	-0.12721	-0.13384	0.0148738	
732	206.255	18.61	225.683	-0.113918	-0.137255	0.0259971	
733	203.81	28.6972	220.603	-0.115897	-0.145372	0.030572	
734	202.025	39.0482	214.506	-0.133878	-0.145263	0.0257457	
735	197.821	49.8306	207.282	-0.164771	-0.139029	0.0229597	
736	191.023	59.053	196.072	-0.208398	-0.126812	0.0271551	
737	181.814	63.3962	180.046	-0.258592	-0.103323	0.0279513	
738	168.995	63.8004	166.427	-0.305391	-0.0844201	0.0246809	
739	153.208	61.6309	156.172	-0.343156	-0.0770633	0.0231201	
740	136.601	54.9852	145.69	-0.367956	-0.0710206	0.0164218	
741	118.636	45.9758	137.644	-0.383446	-0.066725	0.00450441	
742	99.4744	37.4075	131.334	-0.396672	-0.0633165	-0.00193928	
743	83.1785	27.086	120.415	-0.406815	-0.0620942	-0.00462542	
744	69.3133	15.7853	104.741	-0.415387	-0.0738756	-0.0103529	
745	53.9288	5.98516	86.1741	-0.425945	-0.0916676	-0.0155365	
746	39.0868	-4.97342	62.3872	-0.432078	-0.102614	-0.0128271	
747	27.7743	-19.0378	38.3088	-0.426771	-0.111564	-0.0028921	
748	17.3597	-33.4839	21.4303	-0.410664	-0.118401	0.00665099	
749	4.43495	-44.6686	6.43326	-0.384626	-0.116031	0.0137242	
750	-10.4674	-50.2247	-10.3015	-0.352103	-0.116335	0.0186078	
751	-24.6024	-50.3529	-22.1926	-0.322502	-0.135998	0.0168868	
752	-34.9582	-47.6321	-30.4287	-0.297924	-0.16589	0.0130364	
753	-37.3721	-43.5849	-41.5861	-0.276227	-0.186205	0.018744	
754	-32.0691	-38.5474	-54.3419	-0.261793	-0.193707	0.0311013	
755	-26.3352	-33.3983	-67.0889	-0.250797	-0.183659	0.0391331	
756	-25.6594	-26.9905	-80.8193	-0.234553	-0.14602	0.0455231	
757	-31.9952	-17.9678	-92.5225	-0.216096	-0.10216	0.0550935	
758	-45.7899	-8.03365	-102.537	-0.200341	-0.0791398	0.0594533	
759	-63.3546	2.73445	-114.564	-0.191565	-0.0671256	0.0537687	
760	-80.1217	15.1866	-126.189	-0.195099	-0.0548814	0.0433559	
761	-95.5459	26.9156	-137.907	-0.211291	-0.0412417	0.032203	
762	-112.191	36.1823	-153.86	-0.239567	-0.0168519	0.0245908	
763	-130.092	42.8153	-171.119	-0.273128	0.0106552	0.0237578	
764	-147.135	45.488	-188.052	-0.299016	0.0226605	0.0264596	
765	-166.761	43.2994	-206.386	-0.315217	0.0219696	0.0289931	
766	-192.24	36.8689	-223.096	-0.326474	0.0212172	0.0300508	
767	-217.729	27.3555	-234.251	-0.331611	0.0193985	0.0279951	
768	-237.836	16.69	-239.215	-0.330232	0.00371869	0.0219132	
769	-254.556	7.22111	-242.095	-0.326638	-0.0305548	0.0138729	
770	-267.211	-1.838	-247.509	-0.319867	-0.0747125	0.00770838	
771	-271.191	-13.3263	-254.748	-0.304998	-0.113205	0.00425818	
772	-268.581	-26.2201	-263.21	-0.283016	-0.13185	0.00178277	
773	-263.117	-36.9673	-270.776	-0.255973	-0.1395	0.000536852	
774	-255.193	-43.1029	-270.769	-0.224694	-0.153097	0.000573052	
775	-248.335	-45.5208	-265.053	-0.193071	-0.165771	0.000132534	
776	-243.45	-49.373	-261.464	-0.163729	-0.17155	0.00153743	
777	-237.091	-55.0705	-256.995	-0.137995	-0.177808	0.00909397	
778	-227.044	-57.1364	-246.516	-0.115163	-0.182688	0.0192024	
779	-211.501	-55.7627	-235.796	-0.0923998	-0.184614	0.0249009	
780	-192.672	-53.7742	-228.998	-0.0738368	-0.183063	0.0252436	
781	-174.367	-50.5219	-221.521	-0.0627459	-0.166183	0.0234957	
782	-158.547	-47.1909	-214.047	-0.0569756	-0.135792	0.0237461	
783	-146.714	-44.4375	-213.18	-0.0618277	-0.103623	0.0255814	
784	-137.796	-39.9242	-213.767	-0.0753261	-0.065788	0.0263856	
785	-134.274	-35.4794	-204.079	-0.0812109	-0.0308954	0.0282386	
786	-139.157	-34.3489	-187.146	-0.0776495	-0.0157173	0.0285948	
787	-146.939	-34.7123	-172.47	-0.0710398	-0.00960375	0.0217576	
788	-153.055	-35.3116	-159.86	-0.0563975	-0.00770322	0.0104871	
789	-157.822	-36.1575	-148.815	-0.0376725	-0.0192214	-0.00128658	
790	-160.256	-34.0162	-141.006	-0.0253399	-0.0337229	-0.0115347	
791	-158.989	-28.7152	-132.012	-0.0135989	-0.0485047	-0.0179793	
792	-155.268	-23.6199	-120.706	-0.000191761	-0.0746417	-0.0215042	
793	-150.32	-18.42	-112.464	0.00719782	-0.0999322	-0.0212789	
794	-143.355	-13.7383	-106.046	0.0151453	-0.118058	-0.0179329	
795	-134.908	-12.5328	-96.2402	0.0268111	-0.148956	-0.0211444	
796	-125.293	-12.3317	-82.9285	0.0296693	-0.191162	-0.0342101	
797	-113.569	-8.83198	-66.6361	0.0254049	-0.227438	-0.0451124	
798	-96.5562	-3.76438	-46.8599	0.0229429	-0.262203	-0.0493291	
799	-68.3712	-1.22214	-24.8129	0.0181818	-0.294469	-0.0569307	
800	-32.5332	-0.856684	-1.25133	0.0110183	-0.306077	-0.0690211	
801	0.78146	0.141535	22.4262	0.00745475	-0.296728	-0.0773826	
802	29.0397	2.00681	41.5981	0.00737717	-0.282749	-0.0796586	
803	53.4265	3.1234	55.87	0.00833598	-0.273011	-0.0767342	
804	75.6938	2.03276	72.9769	0.00626479	-0.267136	-0.0738231	
805	98.0087	-0.0573104	94.1085	-0.00326081	-0.254924	-0.0754498	
806	118.333	0.661263	111.832	-0.0177044	-0.225248	-0.0759325	
807	134.159	2.66134	126.654	-0.0310963	-0.190754	-0.075149	
808	146.103	0.722235	139.1	-0.0435066	-0.164132	-0.0775941	
809	154.394	-3.38784	143.581	-0.058475	-0.132486	-0.0739476	
810	159.756	-6.06031	147.027	-0.071088	-0.10336	-0.0595952	
811	164.548	-9.42737	157.318	-0.0720777	-0.09489	-0.0474329	
812	166.831	-13.3789	167.894	-0.0669077	-0.0871151	-0.0422627	
813	163.859	-13.886	178.571	-0.066099	-0.0761731	-0.03635	
814	159.199	-11.7156	192.19	-0.0627323	-0.0850024	-0.0295506	
815	156.407	-9.87908	201.55	-0.0532225	-0.100196	-0.0264965	
816	155.602	-7.35338	208.184	-0.0463668	-0.110193	-0.0269433	
817	155.654	-2.76262	216.465	-0.0353496	-0.128748	-0.0285215	
818	156.268	3.46798	219.989	-0.0171461	-0.145082	-0.0266606	
819	159.31	11.3385	221.499	-0.00868255	-0.156946	-0.0225079	
820	164.389	21.2252	226.117	-0.0109344	-0.186099	-0.0239135	
821	171.54	33.4619	226.355	-0.0192485	-0.219661	-0.0261821	
822	182.92	46.927	225.12	-0.0429478	-0.240142	-0.022859	
823	197.498	58.4027	232.369	-0.0774158	-0.258025	-0.0221423	
824	214.288	65.8247	241.577	-0.114223	-0.263998	-0.0242764	
825	230.956	69.6975	245.892	-0.1591	-0.247363	-0.0224243	
826	243.764	70.3768	251.765	-0.202948	-0.229996	-0.0241244	
827	254.605	67.3624	261.743	-0.228189	-0.220643	-0.0340729	
828	263.784	62.4699	268.501	-0.240014	-0.203661	-0.0408458	
829	268.145	58.8377	268.31	-0.247821	-0.176514	-0.0385335	
830	269.27	56.1475	264.518	-0.254418	-0.148136	-0.0349229	
831	268.065	52.4463	258.199	-0.273064	-0.122178	-0.0332596	
832	262.024	47.3495	246.992	-0.305395	-0.102345	-0.0292659	
833	251.762	40.3763	230.118	-0.332248	-0.0879386	-0.0269876	
834	238.952	31.3385	208.341	-0.348027	-0.0697968	-0.0311787	
835	222.936	21.4053	185.819	-0.354933	-0.0533947	-0.029727	
836	205.3	11.8332	169.638	-0.348549	-0.0505088	-0.0139825	
837	189.007	3.82138	162.089	-0.335548	-0.0529859	0.00163714	
838	171.873	-1.80475	159.652	-0.320894	-0.0548844	0.00807289	
839	151.264	-5.08893	156.476	-0.297191	-0.0551082	0.0150591	
840	130.038	-5.14954	147.742	-0.270175	-0.0466284	0.0249396	
841	109.576	-0.485546	136.178	-0.251728	-0.0495358	0.033144	
842	88.95	7.21285	124.84	-0.237091	-0.0828397	0.0403294	
843	71.8243	14.9845	107.378	-0.219086	-0.115054	0.0466697	
844	61.2858	23.5522	82.5603	-0.19971	-0.125689	0.0539848	
845	55.1907	34.1982	59.723	-0.1838	-0.130915	0.0584735	
846	50.2096	46.4039	42.3736	-0.179558	-0.123993	0.05271	
847	41.6822	59.9997	30.0525	-0.194026	-0.103893	0.0472845	
848	27.1903	72.5887	24.28	-0.228073	-0.101248	0.0482082	
849	11.5175	80.4473	18.9037	-0.277807	-0.108662	0.0435949	
850	-1.24215	83.66	7.04227	-0.329139	-0.100979	0.0386853	
851	-11.94	83.3384	-9.65637	-0.369259	-0.0960909	0.0399818	
852	-20.8439	78.7459	-31.0007	-0.400047	-0.0992191	0.0319968	
853	-29.6045	70.9011	-53.9554	-0.421883	-0.0895661	0.0185854	
854	-40.3973	62.1326	-69.5106	-0.43528	-0.0782939	0.0178129	
855	-50.727	51.7775	-80.1574	-0.447601	-0.0781567	0.0207209	
856	-61.0725	38.5899	-92.4435	-0.455113	-0.0713383	0.0226102	
857	-73.5041	23.3954	-101.581	-0.455061	-0.0529106	0.0321073	
858	-85.7063	5.35366	-107.662	-0.451981	-0.0411222	0.0332733	
859	-100.94	-15.2374	-119.579	-0.434336	-0.0413093	0.0205644	
860	-120.298	-33.6046	-136.675	-0.397178	-0.0406544	0.017634	
861	-134.543	-47.3703	-152.21	-0.356069	-0.0409303	0.0246396	
862	-143.589	-56.1527	-166.924	-0.313769	-0.0540048	0.0303226	
863	-154.614	-58.9491	-182.886	-0.269758	-0.0676602	0.0424498	
864	-164.155	-59.7195	-196.743	-0.23694	-0.0759689	0.0556704	
865	-169.241	-61.3796	-208.842	-0.216646	-0.0950239	0.0564186	
866	-176.5	-60.403	-221.916	-0.201872	-0.109095	0.0531164	
867	-185.312	-57.6442	-229.211	-0.193032	-0.0986854	0.0520601	
868	-189.778	-56.8493	-226.798	-0.184748	-0.0927914	0.0475261	
869	-195.056	-55.1257	-225.681	-0.171954	-0.101611	0.0456499	
870	-203.705	-51.0664	-231.05	-0.162334	-0.0955821	0.0482118	
871	-208.683	-48.154	-233.236	-0.157439	-0.0801482	0.0418404	
872	-209.829	-44.9905	-229.29	-0.15341	-0.0748154	0.0295427	
873	-211.108	-39.7984	-228.286	-0.157392	-0.0646946	0.0218739	
874	-213.452	-36.8714	-233.965	-0.16996	-0.0480953	0.0150133	
875	-219.499	-37.7525	-240.428	-0.181218	-0.0426473	0.0120473	
876	-230.262	-41.1492	-243.286	-0.189963	-0.0385574	0.0149304	
877	-241.101	-48.0173	-243.112	-0.196006	-0.0293236	0.00883823	
878	-249.25	-55.8859	-241.726	-0.198721	-0.0357129	-0.00724903	
879	-256.837	-61.9917	-242.021	-0.20209	-0.0570917	-0.0209486	
880	-262.607	-68.831	-244.838	-0.198999	-0.0749946	-0.0313254	
881	-263.613	-76.5524	-247.054	-0.184985	-0.0939226	-0.0369704	
882	-260.156	-83.3466	-246.741	-0.173026	-0.120792	-0.033933	
883	-250.87	-90.2864	-243.759	-0.161991	-0.146479	-0.0294609	
884	-236.368	-95.6934	-237.839	-0.1364	-0.164424	-0.0287755	
885	-221.284	-96.9438	-227.571	-0.0996917	-0.177563	-0.0286309	
886	-206.905	-96.7824	-209.654	-0.0638239	-0.191836	-0.0291816	
887	-193.788	-96.7218	-186.781	-0.0300238	-0.204159	-0.0277365	
888	-181.566	-93.8896	-167.58	0.00149168	-0.211641	-0.020092	
889	-164.045	-87.9688	-152.114	0.0311754	-0.227463	-0.014369	
890	-139.63	-79.1258	-136.203	0.0622921	-0.246849	-0.0143135	
891	-114.495	-65.689	-123.796	0.0897035	-0.242186	-0.0113227	
892	-89.5658	-50.8371	-115.372	0.105991	-0.218692	-0.00611174	
893	-64.3201	-36.7834	-103.768	0.111639	-0.19604	-0.00438335	
894	-44.4215	-19.2942	-88.9403	0.107975	-0.164361	-0.00489297	
895	-32.6165	-0.699592	-73.8468	0.0949473	-0.129859	-0.00693742	
896	-26.9446	11.7629	-56.4824	0.0743537	-0.114489	-0.0108022	
897	-24.4618	19.8791	-37.5636	0.0508806	-0.101491	-0.0182599	
898	-21.6677	27.6456	-18.3475	0.0267114	-0.0861382	-0.0309213	
899	-17.6061	33.1313	1.33584	-0.000323667	-0.0983464	-0.0428282	
900	-11.8723	35.0974	15.3696	-0.022968	-0.121252	-0.0496165	
901	-4.5224	35.7686	20.8365	-0.0366236	-0.117697	-0.0536284	
902	2.18897	36.7096	26.7041	-0.0522078	-0.105872	-0.0544311	
903	8.00404	37.1569	38.0562	-0.0663002	-0.111899	-0.0518006	
904	13.6548	34.8376	50.517	-0.0693339	-0.12894	-0.0510641	
905	19.4416	27.6533	64.5107	-0.072219	-0.148854	-0.0552546	
906	27.032	17.8722	84.2971	-0.0756438	-0.170837	-0.061935	
907	37.1112	11.4384	105.844	-0.0690163	-0.195272	-0.0681153	
908	50.3058	9.64482	122.687	-0.0600879	-0.223776	-0.0725401	
909	68.7323	8.6927	136.866	-0.0499442	-0.253462	-0.0765594	
910	91.0181	6.69468	150.275	-0.0275279	-0.280405	-0.0788777	
911	115.737	5.20958	158.227	-0.00383984	-0.298748	-0.0748957	
912	145.749	7.48527	163.362	0.00825643	-0.301013	-0.0688435	
913	175.752	14.9795	174.618	0.0151424	-0.288613	-0.0661716	
914	197.322	24.2616	189.879	0.0115878	-0.26507	-0.0617064	
915	215.306	30.9544	205.165	-0.0107328	-0.240164	-0.0538694	
916	232.975	35.2414	223.083	-0.0375834	-0.229658	-0.0458743	
917	246.145	39.7094	236.721	-0.0614499	-0.220594	-0.0368588	
918	256.842	44.308	240.146	-0.0867629	-0.194331	-0.0287982	
919	267.328	47.9235	243.7	-0.104227	-0.164164	-0.0261707	
920	275.286	50.5617	251.175	-0.107529	-0.131983	-0.0296491	
921	278.671	52.3336	255.761	-0.105422	-0.084688	-0.0324557	
922	275.352	55.5505	258.922	-0.106258	-0.040158	-0.0252114	
923	264.818	61.5975	263.122	-0.115428	-0.0221142	-0.0135112	
924	250.054	66.1805	263.864	-0.134436	-0.0246261	-0.0105991	
925	233.673	67.1945	257.66	-0.159086	-0.0328041	-0.0127742	
926	216.242	68.1394	244.834	-0.183438	-0.0406772	-0.00987856	
927	200.981	69.6238	229.907	-0.201171	-0.0479299	-0.00642407	
928	189.769	68.5856	218.709	-0.210373	-0.062135	-0.00930708	
929	178.163	65.3563	210.931	-0.213998	-0.0898971	-0.0129125	
930	166.541	64.4067	204.329	-0.214807	-0.120094	-0.0104939	
931	160.77	67.2257	202.49	-0.219304	-0.143892	-0.00367026	
932	160.334	69.3598	206.62	-0.234089	-0.172894	0.00136842	
933	162.571	67.0529	209.994	-0.252295	-0.206791	0.000169688	
934	166.798	62.5468	209.21	-0.26539	-0.227675	-0.00125548	
935	168.642	59.9465	205.694	-0.277186	-0.233827	0.00539094	
936	169.425	57.9346	197.715	-0.28463	-0.227773	0.0134496	
937	177.722	53.097	186.728	-0.280295	-0.209112	0.0118782	
938	188.219	47.7391	177.707	-0.27583	-0.195801	0.00354985	
939	190.988	44.6803	167.114	-0.283596	-0.188652	-0.00113068	
940	189.793	42.7129	152.245	-0.303183	-0.164263	0.00080241	
941	185.506	41.6264	140.409	-0.33372	-0.13008	0.00675236	
942	176.455	40.1155	130.672	-0.366336	-0.102207	0.0162261	
943	167.575	33.7675	115.692	-0.39001	-0.0729926	0.0258391	
944	156	22.3648	101.024	-0.405202	-0.0446584	0.0297992	
945	136.895	10.543	91.0924	-0.408421	-0.0212197	0.0284552	
946	113.729	0.825258	79.8379	-0.396598	0.00707784	0.028251	
947	87.3279	-7.19259	65.6596	-0.379934	0.0345439	0.0348068	
948	58.4655	-13.5635	47.499	-0.360665	0.0495022	0.0460503	
949	31.4005	-17.5652	24.0161	-0.33446	0.0516437	0.0577606	
950	4.83409	-18.3048	1.23828	-0.311139	0.0362212	0.0667798	
951	-22.5153	-16.1946	-20.9621	-0.296854	0.0110161	0.0659116	
952	-47.6314	-13.3352	-46.1467	-0.286193	-0.00214339	0.0560504	
953	-70.7183	-10.9894	-67.6657	-0.279175	-0.0116806	0.0487012	
954	-91.6589	-9.48063	-83.4352	-0.273724	-0.0374027	0.047519	
955	-108.412	-7.03091	-98.3502	-0.266441	-0.0691674	0.0468369	
956	-122.42	-0.574525	-111.079	-0.262679	-0.0942441	0.0434975	
957	-135.423	6.00548	-121.747	-0.262453	-0.11415	0.0410476	
958	-145.26	7.075	-131.871	-0.263533	-0.128551	0.0400962	
959	-148.639	6.63038	-137.085	-0.267746	-0.141673	0.0332211	
960	-148.921	8.6904	-140.563	-0.270831	-0.156988	0.0212235	
961	-151.83	10.1153	-152.269	-0.278541	-0.159385	0.0141055	
962	-155.975	8.76747	-169.409	-0.300897	-0.142333	0.0111222	
963	-160.414	4.24379	-183.201	-0.322652	-0.128382	0.00635811	
964	-164.638	-4.25435	-195.81	-0.335709	-0.129014	0.00158205	
965	-165.991	-15.801	-209.785	-0.354301	-0.128618	-0.00434103	
966	-169.291	-29.912	-217.725	-0.367573	-0.117836	-0.011859	
967	-177.226	-46.9753	-218.863	-0.359817	-0.09767	-0.0128332	
968	-184.058	-64.4603	-223.209	-0.34985	-0.0707856	-0.00812173	
969	-191.51	-79.1916	-231.415	-0.344045	-0.0526523	-0.00452085	
970	-203.832	-91.709	-238.515	-0.325787	-0.0513799	-0.00112846	
971	-215.951	-103.341	-247.136	-0.298931	-0.0503637	-0.00017635	
972	-226.224	-113.493	-255.4	-0.270216	-0.0493097	-0.00276447	
973	-237.567	-120.835	-258.397	-0.232429	-0.0616804	-0.00214872	
974	-246.154	-123.63	-259.906	-0.18526	-0.0738244	0.00455243	
975	-251.14	-123.123	-260.64	-0.132026	-0.0843968	0.0176483	
976	-255.253	-123.402	-257.916	-0.0806522	-0.110385	0.0322747	
977	-255.561	-122.533	-254.078	-0.0428589	-0.131631	0.0387263	
978	-252.963	-113.758	-247.461	-0.0144105	-0.134167	0.0405789	
979	-250.148	-97.1152	-238.235	0.00994653	-0.143366	0.0422133	
980	-244.211	-79.3869	-234.168	0.024754	-0.162837	0.0361163	
981	-235.087	-64.1894	-233.835	0.0312154	-0.174907	0.0248842	
982	-224.502	-49.8567	-230.266	0.0303572	-0.179029	0.0175882	
983	-210.988	-35.0032	-223.985	0.0208354	-0.178351	0.0130256	
984	-195.016	-20.6482	-214.405	0.00845704	-0.171838	0.00844121	
985	-180.494	-8.85094	-198.327	-0.00795635	-0.164212	0.000596282	
986	-168.701	-0.396004	-177.788	-0.0330464	-0.160379	-0.013242	
987	-158.124	6.04645	-157.507	-0.0585313	-0.15635	-0.0239697	
988	-148.525	9.6688	-141.476	-0.0780458	-0.145522	-0.0267565	
989	-138.226	8.87443	-131.861	-0.0955648	-0.135047	-0.0323227	
990	-126.046	5.67185	-125.812	-0.110453	-0.137013	-0.0409657	
991	-113.34	0.234975	-117.658	-0.11788	-0.142664	-0.0457468	
992	-99.1606	-8.11982	-106.797	-0.116719	-0.137024	-0.0536844	
993	-83.9256	-14.9293	-96.7916	-0.10753	-0.12371	-0.0638125	
994	-72.4703	-18.6949	-86.5608	-0.0967867	-0.11386	-0.06357	
995	-66.2641	-23.7112	-72.9943	-0.0899866	-0.116636	-0.0543173	
996	-59.9572	-30.1795	-57.8579	-0.0775848	-0.130789	-0.0413823	
997	-50.5425	-34.975	-43.2041	-0.055666	-0.142065	-0.0287003	
998	-40.2113	-38.2457	-28.743	-0.0315038	-0.152143	-0.0272922	
999	-28.0233	-40.159	-15.2453	0.00092472	-0.170381	-0.0350302	
1000	-12.1691	-37.9205	-2.36359	0.041212	-0.181629	-0.037892	
1001	6.95799	-30.4847	12.412	0.0731887	-0.180406	-0.0350648	
1002	27.4648	-19.2201	28.9592	0.0960599	-0.182537	-0.0302047	
1003	45.6184	-5.23448	46.5638	0.108638	-0.176949	-0.0228506	
1004	62.3859	8.10047	68.3117	0.0995683	-0.156191	-0.0172685	
1005	77.2483	17.7053	92.6727	0.0793833	-0.149361	-0.0134249	
1006	86.2717	26.2402	110.691	0.0648428	-0.154138	-0.00863624	
1007	93.8479	36.5036	120.623	0.0557065	-0.145825	-0.0102731	
1008	101.434	47.5722	129.602	0.0490278	-0.138035	-0.0162827	
1009	106.87	58.576	140.245	0.0371793	-0.136343	-0.0163384	
1010	117.155	67.8204	150.078	0.0102629	-0.128723	-0.0209985	
1011	130.81	73.6949	157.089	-0.0313439	-0.124307	-0.0370737	
1012	138.412	77.2403	160.522	-0.0836036	-0.119569	-0.048294	
1013	144.632	76.8825	165.015	-0.133451	-0.108275	-0.0516498	
1014	153.023	70.5884	177.27	-0.164759	-0.110792	-0.0542338	
1015	156.898	62.4297	193.106	-0.182685	-0.122208	-0.0497926	
1016	159.076	53.6989	204.9	-0.190335	-0.125528	-0.0425105	
1017	164.207	41.9353	216.361	-0.177407	-0.142941	-0.0472044	
1018	167.209	32.4156	228.936	-0.1549	-0.177093	-0.0573546	
1019	170.141	29.1074	235.49	-0.138173	-0.198158	-0.0605378	
1020	181.512	26.9663	237.12	-0.126525	-0.215492	-0.0627325	
1021	199.087	25.1156	236.827	-0.125044	-0.240478	-0.0655307	
1022	216.487	26.1682	232.329	-0.128594	-0.24963	-0.0587594	
1023	233.218	27.7029	230.091	-0.124469	-0.246656	-0.04507	
1024	247.309	28.5687	233.595	-0.121549	-0.240849	-0.0354657	
1025	256.102	30.4909	235.339	-0.118234	-0.218487	-0.0309227	
1026	261.077	33.6493	239.083	-0.104703	-0.203514	-0.0262734	
1027	262.777	38.7234	249.009	-0.100943	-0.213565	-0.0189858	
1028	263.608	45.9347	255.67	-0.115443	-0.212692	-0.0117142	
1029	268.248	53.5909	258.739	-0.131082	-0.196427	-0.00971874	
1030	274.923	61.5344	260.223	-0.14946	-0.177084	-0.0121414	
1031	277.427	68.2905	251.05	-0.171847	-0.132616	-0.0105926	
1032	272.095	70.11	233.799	-0.187822	-0.0764258	-0.00646606	
1033	257.67	70.0145	218.45	-0.207392	-0.0413992	-0.00994218	
1034	233.051	73.5253	204.281	-0.235943	-0.0208749	-0.0120374	
1035	202.989	76.3273	192.791	-0.262384	-0.0117422	-0.00364575	
1036	176.9	73.2301	186.559	-0.293334	-0.0165488	-0.00387886	
1037	155.126	67.8988	177.918	-0.327444	-0.0250828	-0.0158475	
1038	132.027	62.2241	163.012	-0.346925	-0.0389673	-0.0169278	
1039	108.434	53.1758	147.036	-0.359792	-0.0559261	-0.0100118	
1040	89.8435	42.532	130.343	-0.370461	-0.0660431	-0.00859267	
1041	75.5629	33.9441	109.874	-0.36521	-0.0778876	-0.00522192	
1042	59.9501	26.0572	89.9322	-0.356638	-0.0982414	0.00405945	
1043	45.2309	18.6489	76.6115	-0.355496	-0.120724	0.0126171	
1044	34.8447	13.5699	67.4599	-0.34913	-0.149405	0.0179206	
1045	27.6511	7.78373	56.2285	-0.341416	-0.183354	0.0198321	
1046	25.8028	-0.959131	42.4563	-0.338244	-0.203818	0.0208902	
1047	28.359	-8.47642	30.2269	-0.332037	-0.207059	0.0236095	
1048	30.793	-12.0723	19.4539	-0.327904	-0.200349	0.0250352	
1049	32.3994	-13.8297	7.65241	-0.32605	-0.18333	0.0262436	
1050	33.3602	-14.8875	-0.621131	-0.313182	-0.165656	0.0304844	
1051	32.6259	-13.6248	-4.6246	-0.297505	-0.150301	0.0343215	
1052	28.7101	-9.84005	-14.8454	-0.294339	-0.121365	0.0405822	
1053	20.6845	-6.7222	-30.0092	-0.297074	-0.087074	0.0544513	
1054	7.81351	-6.89809	-40.1707	-0.300425	-0.067066	0.0645427	
1055	-8.57777	-9.3628	-52.9206	-0.309131	-0.04928	0.063092	
1056	-25.5177	-11.3293	-75.8532	-0.322051	-0.0247241	0.0599512	
1057	-42.832	-12.3737	-98.9899	-0.334939	-0.00234296	0.0569349	
1058	-60.8223	-14.3013	-116.994	-0.343973	0.0218794	0.0507932	
1059	-81.9552	-17.1574	-135.146	-0.351041	0.0435081	0.0507821	
1060	-109.301	-21.8253	-153.698	-0.357586	0.0496301	0.0580233	
1061	-138.048	-30.4459	-166.58	-0.350823	0.0459613	0.0606261	
1062	-164.196	-39.2122	-172.573	-0.331834	0.0298453	0.0583127	
1063	-189.385	-43.2298	-179.465	-0.317177	-0.000886886	0.055055	
1064	-210.786	-45.1122	-189.695	-0.29791	-0.0274172	0.0440994	
1065	-226.954	-47.3813	-196.147	-0.265432	-0.0518312	0.0277447	
1066	-241.832	-47.721	-201.522	-0.236305	-0.082966	0.0196173	
1067	-251.712	-47.2885	-213.554	-0.212353	-0.108036	0.0188432	
1068	-253.035	-48.9188	-226.967	-0.187166	-0.134064	0.0158292	
1069	-252.112	-48.9736	-237.993	-0.171028	-0.165005	0.0115012	
1070	-249.932	-44.9754	-248.778	-0.1652	-0.175457	0.00984132	
1071	-244.292	-40.0142	-252.588	-0.165865	-0.18143	0.00824562	
1072	-237.603	-34.68	-248.798	-0.178579	-0.209612	0.00310548	
1073	-228.115	-30.6044	-247.891	-0.19608	-0.222981	-3.96621e-005	
1074	-214.616	-32.2508	-247.275	-0.209997	-0.207858	0.00614634	
1075	-200.591	-38.1131	-239.951	-0.219099	-0.198802	0.0107438	
1076	-187.359	-44.4115	-232.803	-0.211194	-0.184392	0.000274639	
1077	-175.578	-49.9448	-228.134	-0.19137	-0.145711	-0.01339	
1078	-168.237	-53.4744	-218.855	-0.175123	-0.108583	-0.015336	
1079	-166.453	-55.8733	-209.167	-0.153342	-0.0833184	-0.0120585	
1080	-167.231	-57.9531	-207.249	-0.133651	-0.062131	-0.0112427	
1081	-169.14	-58.0362	-209.284	-0.12913	-0.0463216	-0.00897798	
1082	-172.094	-57.6271	-211.027	-0.112817	-0.0257547	-0.00418363	
1083	-174.607	-58.7246	-212.936	-0.082744	-0.00249317	-0.0021341	
1084	-178.124	-58.4477	-211.07	-0.0670721	-0.000535104	-0.00138764	
1085	-184.969	-55.3758	-204.045	-0.0530902	-0.013866	0.00558236	
1086	-194.277	-50.6374	-198.275	-0.0308677	-0.0244722	0.0157459	
1087	-201.82	-43.2493	-194.008	-0.0205175	-0.0457913	0.0210657	
1088	-202.321	-36.0431	-184.464	-0.0146666	-0.0827485	0.0228326	
1089	-195.713	-33.5057	-171.317	-0.001139	-0.119157	0.0184707	
1090	-185.3	-30.7951	-160.42	0.00742418	-0.153699	0.00491378	
1091	-170.936	-23.4088	-149.103	0.0165122	-0.177621	-0.00486926	
1092	-152.116	-16.1117	-132.87	0.0353858	-0.176413	-0.006839	
1093	-132.745	-10.8259	-112.351	0.0463085	-0.175931	-0.0133533	
1094	-115.368	-4.01911	-89.7618	0.0435312	-0.192983	-0.0217456	
1095	-98.5575	4.32642	-66.9549	0.0354863	-0.204834	-0.0241606	
1096	-80.8136	10.2737	-44.9158	0.0184796	-0.217238	-0.0303027	
1097	-58.8517	10.6203	-25.8398	-0.00273791	-0.236758	-0.0451568	
1098	-33.1086	7.23177	-13.2423	-0.0193705	-0.229142	-0.0571205	
1099	-10.4001	5.60137	-4.74746	-0.0363862	-0.199192	-0.0595965	
1100	8.50289	6.08401	5.34059	-0.0539226	-0.184268	-0.0574351	
1101	26.5556	2.68082	16.6647	-0.070426	-0.17346	-0.0574537	
1102	41.3585	-6.09952	29.1128	-0.0889783	-0.152403	-0.0616598	
1103	53.0071	-15.3428	46.1983	-0.105846	-0.140896	-0.0663841	
1104	65.7225	-24.1663	65.8144	-0.120298	-0.135848	-0.0707824	
1105	77.4757	-34.0291	84.5386	-0.130329	-0.125691	-0.0729495	
1106	84.792	-42.67	101.308	-0.124602	-0.124264	-0.0668778	
1107	90.4508	-50.4507	111.74	-0.101892	-0.125285	-0.059638	
1108	95.2032	-58.5447	117.399	-0.0658177	-0.117475	-0.0585802	
1109	98.7434	-62.1751	127.142	-0.0169	-0.122771	-0.0517247	
1110	104.494	-57.956	140.703	0.0293418	-0.143798	-0.038465	
1111	112.363	-47.8501	152.315	0.0575047	-0.159902	-0.0356151	
1112	120.594	-33.9286	163.155	0.0728524	-0.172435	-0.0375862	
1113	130.855	-17.3549	174.724	0.0787238	-0.181462	-0.0284974	
1114	143.943	0.711038	184.358	0.0757396	-0.181407	-0.0176087	
1115	155.661	18.8558	192.491	0.0790786	-0.184052	-0.0160924	
1116	161.932	36.1076	200.776	0.0879621	-0.191564	-0.0176023	
1117	167.933	53.5469	207.538	0.0807402	-0.197307	-0.0197271	
1118	178.743	71.9257	214.514	0.0578529	-0.210694	-0.0244144	
1119	190.359	89.725	224.058	0.0254811	-0.228471	-0.0288982	
1120	201.713	105.601	231.226	-0.0251923	-0.229591	-0.0335306	
1121	213.927	118.06	235.522	-0.0850131	-0.21278	-0.0387824	
1122	223.896	125.034	241.927	-0.139006	-0.190398	-0.0444761	
1123	231.339	127.018	246.981	-0.188742	-0.169602	-0.0520896	
1124	236.012	124.637	249.161	-0.230984	-0.159145	-0.0569612	
1125	236.532	116.661	253.193	-0.262326	-0.15882	-0.0583038	
1126	235.022	105.076	255.179	-0.284444	-0.153773	-0.0609184	
1127	231.24	93.4526	252.263	-0.294307	-0.145046	-0.0586331	
1128	225.626	82.743	248.47	-0.297194	-0.148882	-0.0497638	
1129	222.819	72.9468	239.877	-0.300708	-0.160107	-0.0454183	
1130	223.247	62.5068	224.694	-0.304908	-0.163687	-0.0458262	
1131	223.916	50.6035	212.583	-0.312715	-0.159551	-0.0439099	
1132	222.048	39.5646	206.453	-0.318318	-0.146701	-0.0383157	
1133	216.395	29.3844	201.675	-0.310158	-0.129118	-0.0266062	
1134	209.359	19.3446	198.948	-0.291684	-0.129746	-0.0115981	
1135	202.196	12.4379	197.961	-0.26515	-0.151981	-0.0022736	
1136	193.916	9.72057	194.52	-0.230419	-0.16457	0.00541119	
1137	186.63	9.98946	189.305	-0.202271	-0.156772	0.0171346	
1138	182.664	14.5836	181.874	-0.186709	-0.152748	0.0241996	
1139	178.545	22.9644	166.357	-0.18044	-0.153474	0.0282954	
1140	171.027	30.9259	146.237	-0.192968	-0.139478	0.0380105	
1141	162.424	37.6676	130.941	-0.217807	-0.121604	0.044183	
1142	153.975	45.2839	116.132	-0.239132	-0.104354	0.0430064	
1143	143.975	52.8629	96.8391	-0.267433	-0.0686767	0.0413706	
1144	129.972	57.8688	83.6178	-0.299501	-0.0383943	0.0374959	
1145	109.869	58.1613	78.745	-0.31721	-0.0375383	0.0348162	
1146	85.8806	53.5727	71.6796	-0.333683	-0.0313618	0.0370697	
1147	62.1418	48.0425	63.3621	-0.352971	-0.0136336	0.0362755	
1148	40.1023	43.1929	53.3856	-0.360583	-0.013591	0.0324421	
1149	20.0841	36.5546	30.8592	-0.371782	-0.0180662	0.0268586	
1150	1.42781	29.7056	1.35967	-0.394611	-0.0173535	0.0124027	
1151	-18.7904	24.4134	-22.3622	-0.411923	-0.0282679	-0.00126238	
1152	-41.1579	16.7097	-46.1212	-0.427243	-0.0377883	0.00370879	
1153	-62.0227	4.55057	-73.2476	-0.438213	-0.0372705	0.0193425	
1154	-79.0524	-10.0688	-92.4694	-0.423908	-0.0523402	0.0255214	
1155	-93.1744	-25.4149	-103.17	-0.396513	-0.0861649	0.0212557	
1156	-107.977	-37.6798	-113.694	-0.375172	-0.120794	0.0196714	
1157	-121.684	-43.8621	-121.681	-0.352305	-0.147858	0.0248707	
1158	-124.883	-48.0157	-125.276	-0.3311	-0.157878	0.0283384	
1159	-119.737	-53.366	-131.032	-0.315411	-0.160388	0.0284714	
1160	-116.345	-56.3515	-141.193	-0.293416	-0.167439	0.0337172	
1161	-115.509	-56.2334	-154.012	-0.268197	-0.154407	0.0430032	
1162	-117.808	-56.6559	-167.534	-0.24317	-0.124513	0.0496406	
1163	-124.61	-56.8081	-178.221	-0.213739	-0.110615	0.0550142	
1164	-132.33	-53.6524	-186.239	-0.191373	-0.0999572	0.0590019	
1165	-140.121	-47.8042	-192.762	-0.182496	-0.0856516	0.0588292	
1166	-149.894	-40.8109	-196.918	-0.184353	-0.0809611	0.0588895	
1167	-160.28	-33.8615	-202.564	-0.201533	-0.0552691	0.062325	
1168	-170.007	-29.8888	-211.24	-0.223206	-0.00756229	0.0631641	
1169	-182.925	-30.2528	-218.724	-0.235482	0.0141704	0.0556546	
1170	-198.772	-32.1686	-227.859	-0.24541	0.0250472	0.0437129	
1171	-213.743	-33.4612	-240.11	-0.251059	0.0474461	0.0373917	
1172	-233.213	-34.8552	-246.553	-0.243474	0.0397954	0.0386327	
1173	-256.445	-37.4157	-246.433	-0.229849	0.00845402	0.0383965	
1174	-271.676	-41.6067	-246.634	-0.214961	-0.00960001	0.0343996	
1175	-279.201	-46.557	-245.831	-0.202809	-0.0438683	0.0328568	
1176	-283.864	-50.7105	-244.503	-0.202885	-0.0928919	0.0309427	
1177	-282.265	-54.7343	-246.885	-0.204647	-0.110231	0.0238447	
1178	-276.735	-59.4005	-248.752	-0.193837	-0.120366	0.0142617	
1179	-272.049	-62.2381	-248.331	-0.173674	-0.148461	0.00295837	
1180	-263.195	-62.6248	-247.756	-0.140603	-0.164775	-0.00435843	
1181	-247.174	-63.9745	-240.131	-0.0978053	-0.177485	-0.00255791	
1182	-228.304	-65.1881	-223.797	-0.0645485	-0.200701	-0.00351303	
1183	-209.049	-61.2332	-206.816	-0.040115	-0.209925	-0.0101879	
1184	-191.665	-53.3735	-189.763	-0.0234126	-0.214102	-0.0118786	
1185	-175.154	-46.42	-173.502	-0.023761	-0.225274	-0.0139818	
1186	-153.349	-41.0347	-164.018	-0.0232422	-0.219384	-0.0200423	
1187	-129.232	-36.2152	-159	-0.0137989	-0.204004	-0.0193691	
1188	-108.876	-32.1724	-154.501	-0.016361	-0.190232	-0.0163023	
1189	-89.5412	-28.6945	-148.864	-0.0230686	-0.155909	-0.0203827	
1190	-73.5608	-24.6827	-136.583	-0.0221902	-0.112858	-0.0258795	
1191	-66.3588	-20.6096	-119.958	-0.0326244	-0.0835863	-0.0296265	
1192	-64.1768	-18.5065	-105.057	-0.0503376	-0.0610413	-0.0316375	
1193	-64.7654	-18.1048	-88.6164	-0.0572698	-0.0531003	-0.0291649	
1194	-67.6468	-18.9936	-73.0082	-0.0606649	-0.056306	-0.0297073	
1195	-67.9834	-22.4381	-63.1288	-0.0564922	-0.0460778	-0.0347232	
1196	-66.9549	-26.0089	-51.6703	-0.0344245	-0.0355204	-0.0345379	
1197	-69.0633	-27.1306	-38.9466	-0.00691311	-0.0403096	-0.0374263	
1198	-72.9514	-27.0385	-32.3374	0.0217419	-0.05382	-0.0473918	
1199	-75.1138	-23.7363	-24.6264	0.0470424	-0.0868275	-0.0472753	
