0	0	0	0	0	0	0	
1	0	0	0	0	0	0	
2	0	0	4.20576e-011	7.79843e-017	1.68243e-016	-1.62407e-017	
3	3.74166e-016	3.36933e-017	1.68108e-010	3.89692e-016	8.41069e-016	-8.11551e-017	
4	2.24402e-015	2.02061e-016	4.19845e-010	1.16816e-015	2.52263e-015	-2.43271e-016	
5	7.84967e-015	7.06773e-016	8.38597e-010	2.72304e-015	5.88447e-015	-5.67068e-016	
6	2.09182e-014	1.88329e-015	1.46521e-009	5.43967e-015	1.17649e-014	-1.13278e-015	
7	4.70279e-014	4.23357e-015	2.33992e-009	9.77798e-015	2.11685e-014	-2.03616e-015	
8	9.39682e-014	8.45832e-015	3.50225e-009	1.62711e-014	3.52649e-014	-3.3882e-015	
9	1.72093e-013	1.54886e-014	4.99089e-009	2.55237e-014	5.5388e-014	-5.31477e-015	
10	2.94669e-013	2.65169e-014	6.84356e-009	3.82105e-014	8.30349e-014	-7.95626e-015	
11	4.78213e-013	4.30271e-014	9.09693e-009	5.50738e-014	1.19865e-013	-1.14672e-014	
12	7.42826e-013	6.68241e-014	1.17865e-008	7.69216e-014	1.67697e-013	-1.60156e-014	
13	1.11251e-012	1.00062e-013	1.49464e-008	1.04625e-013	2.28509e-013	-2.17828e-014	
14	1.61549e-012	1.45272e-013	1.86095e-008	1.39116e-013	3.04437e-013	-2.89624e-014	
15	2.28449e-012	2.05386e-013	2.28071e-008	1.81384e-013	3.97773e-013	-3.77604e-014	
16	3.15705e-012	2.83768e-013	2.7569e-008	2.32474e-013	5.10959e-013	-4.83936e-014	
17	4.2758e-012	3.8423e-013	3.2923e-008	2.9348e-013	6.46593e-013	-6.10898e-014	
18	5.68868e-012	5.11058e-013	3.88955e-008	3.65547e-013	8.07418e-013	-7.60867e-014	
19	7.44925e-012	6.69035e-013	4.55108e-008	4.49863e-013	9.96327e-013	-9.3631e-014	
20	9.61687e-012	8.63457e-013	5.27913e-008	5.47658e-013	1.21636e-012	-1.13978e-013	
21	1.2257e-011	1.10015e-012	6.07572e-008	6.60199e-013	1.47068e-012	-1.37391e-013	
22	1.54411e-011	1.3855e-012	6.94268e-008	7.88784e-013	1.76262e-012	-1.64138e-013	
23	1.92475e-011	1.72643e-012	7.88161e-008	9.34741e-013	2.09563e-012	-1.94496e-013	
24	2.37607e-011	2.13047e-012	8.89388e-008	1.09942e-012	2.4733e-012	-2.28745e-013	
25	2.90722e-011	2.60572e-012	9.98061e-008	1.28421e-012	2.89933e-012	-2.67169e-013	
26	3.52801e-011	3.16086e-012	1.11427e-007	1.49047e-012	3.37758e-012	-3.10055e-013	
27	4.24898e-011	3.80521e-012	1.23808e-007	1.71963e-012	3.91201e-012	-3.57693e-013	
28	5.08136e-011	4.54866e-012	1.36953e-007	1.97308e-012	4.50671e-012	-4.10374e-013	
29	6.03709e-011	5.40173e-012	1.50864e-007	2.25222e-012	5.16589e-012	-4.68389e-013	
30	7.12883e-011	6.37555e-012	1.65539e-007	2.55846e-012	5.89386e-012	-5.32026e-013	
31	8.36999e-011	7.48185e-012	1.80974e-007	2.8932e-012	6.69505e-012	-6.01573e-013	
32	9.77466e-011	8.73298e-012	1.97163e-007	3.25782e-012	7.57399e-012	-6.77315e-013	
33	1.13577e-010	1.01419e-011	2.14097e-007	3.65367e-012	8.53532e-012	-7.59532e-013	
34	1.31346e-010	1.17221e-011	2.31762e-007	4.0821e-012	9.58376e-012	-8.485e-013	
35	1.51217e-010	1.34878e-011	2.50146e-007	4.5444e-012	1.07242e-011	-9.44485e-013	
36	1.7336e-010	1.54535e-011	2.6923e-007	5.04187e-012	1.19614e-011	-1.04775e-012	
37	1.97951e-010	1.76347e-011	2.88993e-007	5.57572e-012	1.33005e-011	-1.15855e-012	
38	2.25173e-010	2.0047e-011	3.09413e-007	6.14715e-012	1.47466e-011	-1.27712e-012	
39	2.55218e-010	2.27068e-011	3.30465e-007	6.7573e-012	1.63048e-011	-1.4037e-012	
40	2.88282e-010	2.5631e-011	3.52118e-007	7.40724e-012	1.79803e-011	-1.53851e-012	
41	3.24568e-010	2.88367e-011	3.74342e-007	8.098e-012	1.97784e-011	-1.68176e-012	
42	3.64285e-010	3.23417e-011	3.97103e-007	8.83054e-012	2.17045e-011	-1.83363e-012	
43	4.0765e-010	3.61643e-011	4.20364e-007	9.60574e-012	2.37641e-011	-1.99431e-012	
44	4.54883e-010	4.0323e-011	4.44086e-007	1.04244e-011	2.59625e-011	-2.16395e-012	
45	5.0621e-010	4.48367e-011	4.68226e-007	1.12873e-011	2.83053e-011	-2.34271e-012	
46	5.61864e-010	4.97247e-011	4.9274e-007	1.2195e-011	3.07981e-011	-2.53071e-012	
47	6.22082e-010	5.50065e-011	5.1758e-007	1.31481e-011	3.34465e-011	-2.72806e-012	
48	6.87103e-010	6.07021e-011	5.42697e-007	1.4147e-011	3.6256e-011	-2.93484e-012	
49	7.57174e-010	6.68313e-011	5.68039e-007	1.51921e-011	3.92324e-011	-3.15112e-012	
50	8.32544e-010	7.34144e-011	5.93551e-007	1.62836e-011	4.23814e-011	-3.37694e-012	
51	9.13466e-010	8.04718e-011	6.19176e-007	1.74218e-011	4.57087e-011	-3.61233e-012	
52	1.0002e-009	8.80239e-011	6.44856e-007	1.86065e-011	4.92199e-011	-3.85728e-012	
53	1.09299e-009	9.60911e-011	6.70528e-007	1.98378e-011	5.29208e-011	-4.11176e-012	
54	1.19211e-009	1.04694e-010	6.96131e-007	2.11153e-011	5.68172e-011	-4.37572e-012	
55	1.29783e-009	1.13853e-010	7.21597e-007	2.24389e-011	6.09148e-011	-4.64908e-012	
56	1.4104e-009	1.23588e-010	7.46861e-007	2.38079e-011	6.52192e-011	-4.93174e-012	
57	1.53008e-009	1.3392e-010	7.71853e-007	2.52217e-011	6.97363e-011	-5.22355e-012	
58	1.65715e-009	1.44867e-010	7.96502e-007	2.66798e-011	7.44716e-011	-5.52435e-012	
59	1.79187e-009	1.56451e-010	8.20737e-007	2.81811e-011	7.94309e-011	-5.83396e-012	
60	1.93451e-009	1.6869e-010	8.44482e-007	2.97246e-011	8.46198e-011	-6.15214e-012	
61	2.08533e-009	1.81604e-010	8.67663e-007	3.13093e-011	9.00439e-011	-6.47865e-012	
62	2.24459e-009	1.95209e-010	8.90204e-007	3.29337e-011	9.57087e-011	-6.81321e-012	
63	2.41255e-009	2.09526e-010	9.12026e-007	3.45964e-011	1.0162e-010	-7.15549e-012	
64	2.58947e-009	2.2457e-010	9.33051e-007	3.62958e-011	1.07783e-010	-7.50515e-012	
65	2.77561e-009	2.40358e-010	9.53199e-007	3.80301e-011	1.14203e-010	-7.86181e-012	
66	2.97121e-009	2.56908e-010	9.72389e-007	3.97974e-011	1.20885e-010	-8.22506e-012	
67	3.17653e-009	2.74233e-010	9.90541e-007	4.15956e-011	1.27836e-010	-8.59446e-012	
68	3.39181e-009	2.92348e-010	1.00757e-006	4.34225e-011	1.35059e-010	-8.96954e-012	
69	3.61728e-009	3.11267e-010	1.0234e-006	4.52757e-011	1.42561e-010	-9.34977e-012	
70	3.85317e-009	3.31003e-010	1.03794e-006	4.71525e-011	1.50346e-010	-9.73462e-012	
71	4.09971e-009	3.51567e-010	1.05111e-006	4.90504e-011	1.58419e-010	-1.01235e-011	
72	4.35713e-009	3.72968e-010	1.06283e-006	5.09664e-011	1.66785e-010	-1.05158e-011	
73	4.62562e-009	3.95218e-010	1.07302e-006	5.28974e-011	1.75449e-010	-1.09109e-011	
74	4.90539e-009	4.18324e-010	1.08159e-006	5.48403e-011	1.84416e-010	-1.13082e-011	
75	5.19664e-009	4.42292e-010	1.08846e-006	5.67917e-011	1.93689e-010	-1.17068e-011	
76	5.49956e-009	4.67128e-010	1.09355e-006	5.87481e-011	2.03275e-010	-1.21061e-011	
77	5.81431e-009	4.92836e-010	1.09678e-006	6.07057e-011	2.13176e-010	-1.25053e-011	
78	6.14106e-009	5.1942e-010	1.09806e-006	6.26609e-011	2.23398e-010	-1.29035e-011	
79	6.47997e-009	5.46879e-010	1.09732e-006	6.46095e-011	2.33944e-010	-1.33e-011	
80	6.83119e-009	5.75213e-010	1.09448e-006	6.65474e-011	2.44818e-010	-1.36939e-011	
81	7.19484e-009	6.0442e-010	1.08946e-006	6.84703e-011	2.56024e-010	-1.40843e-011	
82	7.57105e-009	6.34497e-010	1.08219e-006	7.03739e-011	2.67567e-010	-1.44702e-011	
83	7.95992e-009	6.65437e-010	1.07258e-006	7.22534e-011	2.79448e-010	-1.48506e-011	
84	8.36156e-009	6.97233e-010	1.06057e-006	7.41041e-011	2.91673e-010	-1.52247e-011	
85	8.77603e-009	7.29876e-010	1.04609e-006	7.59212e-011	3.04243e-010	-1.55913e-011	
86	9.20342e-009	7.63353e-010	1.02906e-006	7.76997e-011	3.17163e-010	-1.59494e-011	
87	9.64378e-009	7.97653e-010	1.00941e-006	7.94343e-011	3.30435e-010	-1.62979e-011	
88	1.00971e-008	8.32759e-010	9.87088e-007	8.11199e-011	3.44061e-010	-1.66358e-011	
89	1.05635e-008	8.68654e-010	9.62019e-007	8.2751e-011	3.58046e-010	-1.69619e-011	
90	1.1043e-008	9.05318e-010	9.34144e-007	8.4322e-011	3.7239e-010	-1.72751e-011	
91	1.15354e-008	9.4273e-010	9.03403e-007	8.58273e-011	3.87096e-010	-1.75741e-011	
92	1.20409e-008	9.80865e-010	8.69738e-007	8.72612e-011	4.02167e-010	-1.78578e-011	
93	1.25593e-008	1.0197e-009	8.33095e-007	8.86178e-011	4.17603e-010	-1.81249e-011	
94	1.30907e-008	1.0592e-009	7.93422e-007	8.9891e-011	4.33408e-010	-1.83742e-011	
95	1.36349e-008	1.09934e-009	7.50669e-007	9.10749e-011	4.49582e-010	-1.86045e-011	
96	1.41919e-008	1.14008e-009	7.04789e-007	9.21632e-011	4.66126e-010	-1.88144e-011	
97	1.47616e-008	1.18139e-009	6.55739e-007	9.31496e-011	4.83042e-010	-1.90027e-011	
98	1.53438e-008	1.22323e-009	6.03477e-007	9.40279e-011	5.00331e-010	-1.9168e-011	
99	1.59384e-008	1.26555e-009	5.47965e-007	9.47915e-011	5.17994e-010	-1.9309e-011	
100	1.65452e-008	1.30833e-009	4.89169e-007	9.5434e-011	5.3603e-010	-1.94243e-011	
101	1.71641e-008	1.3515e-009	4.27058e-007	9.59489e-011	5.54441e-010	-1.95126e-011	
102	1.77949e-008	1.39503e-009	3.61601e-007	9.63294e-011	5.73225e-010	-1.95726e-011	
103	1.84373e-008	1.43885e-009	2.92775e-007	9.6569e-011	5.92384e-010	-1.96027e-011	
104	1.90912e-008	1.48292e-009	2.20557e-007	9.66608e-011	6.11917e-010	-1.96017e-011	
105	1.97563e-008	1.52718e-009	1.44929e-007	9.65982e-011	6.31823e-010	-1.95681e-011	
106	2.04323e-008	1.57158e-009	6.58756e-008	9.63743e-011	6.52101e-010	-1.95005e-011	
107	2.11189e-008	1.61604e-009	-1.66154e-008	9.59822e-011	6.72751e-010	-1.93976e-011	
108	2.1816e-008	1.66051e-009	-1.02552e-007	9.54152e-011	6.93771e-010	-1.92578e-011	
109	2.2523e-008	1.70492e-009	-1.91939e-007	9.46664e-011	7.1516e-010	-1.90797e-011	
110	2.32398e-008	1.7492e-009	-2.84778e-007	9.37288e-011	7.36915e-010	-1.8862e-011	
111	2.3966e-008	1.79328e-009	-3.81066e-007	9.25956e-011	7.59036e-010	-1.86033e-011	
112	2.47011e-008	1.83708e-009	-4.80799e-007	9.126e-011	7.81519e-010	-1.8302e-011	
113	2.54449e-008	1.88052e-009	-5.83966e-007	8.9715e-011	8.04363e-010	-1.79567e-011	
114	2.61969e-008	1.92354e-009	-6.90556e-007	8.79538e-011	8.27565e-010	-1.75661e-011	
115	2.69567e-008	1.96604e-009	-8.00551e-007	8.59696e-011	8.51121e-010	-1.71288e-011	
116	2.77238e-008	2.00793e-009	-9.13933e-007	8.37556e-011	8.7503e-010	-1.66433e-011	
117	2.84979e-008	2.04914e-009	-1.03068e-006	8.13051e-011	8.99286e-010	-1.61082e-011	
118	2.92785e-008	2.08957e-009	-1.15076e-006	7.86113e-011	9.23888e-010	-1.55222e-011	
119	3.0065e-008	2.12914e-009	-1.27415e-006	7.56676e-011	9.4883e-010	-1.48839e-011	
120	3.08571e-008	2.16773e-009	-1.40081e-006	7.24674e-011	9.7411e-010	-1.41918e-011	
121	3.16541e-008	2.20526e-009	-1.53071e-006	6.90042e-011	9.99721e-010	-1.34448e-011	
122	3.24557e-008	2.24163e-009	-1.66381e-006	6.52715e-011	1.02566e-009	-1.26413e-011	
123	3.32611e-008	2.27674e-009	-1.80006e-006	6.12629e-011	1.05192e-009	-1.17801e-011	
124	3.407e-008	2.31047e-009	-1.93942e-006	5.69721e-011	1.07851e-009	-1.08599e-011	
125	3.48817e-008	2.34273e-009	-2.08183e-006	5.2393e-011	1.1054e-009	-9.87943e-012	
126	3.56957e-008	2.37341e-009	-2.22726e-006	4.75194e-011	1.1326e-009	-8.83737e-012	
127	3.65114e-008	2.40239e-009	-2.37563e-006	4.23453e-011	1.1601e-009	-7.73248e-012	
128	3.73282e-008	2.42956e-009	-2.5269e-006	3.68647e-011	1.1879e-009	-6.56354e-012	
129	3.81455e-008	2.4548e-009	-2.68099e-006	3.1072e-011	1.21599e-009	-5.32934e-012	
130	3.89628e-008	2.47801e-009	-2.83786e-006	2.49614e-011	1.24436e-009	-4.0287e-012	
131	3.97793e-008	2.49905e-009	-2.99743e-006	1.85274e-011	1.273e-009	-2.66045e-012	
132	4.05944e-008	2.51781e-009	-3.15963e-006	1.17645e-011	1.30192e-009	-1.22347e-012	
133	4.14076e-008	2.53416e-009	-3.3244e-006	4.66755e-012	1.33109e-009	2.83363e-013	
134	4.22182e-008	2.54798e-009	-3.49165e-006	-2.76872e-012	1.36052e-009	1.86112e-012	
135	4.30255e-008	2.55915e-009	-3.66132e-006	-1.05493e-011	1.3902e-009	3.51086e-012	
136	4.38289e-008	2.56753e-009	-3.83332e-006	-1.8679e-011	1.42012e-009	5.23362e-012	
137	4.46278e-008	2.57299e-009	-4.00758e-006	-2.71626e-011	1.45026e-009	7.03038e-012	
138	4.54214e-008	2.57541e-009	-4.18401e-006	-3.60046e-011	1.48063e-009	8.90211e-012	
139	4.62091e-008	2.57464e-009	-4.36253e-006	-4.52094e-011	1.51121e-009	1.08498e-011	
140	4.69902e-008	2.57057e-009	-4.54306e-006	-5.47813e-011	1.542e-009	1.28742e-011	
141	4.77641e-008	2.56304e-009	-4.7255e-006	-6.47243e-011	1.57298e-009	1.49764e-011	
142	4.85301e-008	2.55192e-009	-4.90978e-006	-7.50424e-011	1.60414e-009	1.71571e-011	
143	4.92875e-008	2.53708e-009	-5.0958e-006	-8.57392e-011	1.63549e-009	1.94172e-011	
144	5.00357e-008	2.51838e-009	-5.28348e-006	-9.68184e-011	1.667e-009	2.17573e-011	
145	5.07739e-008	2.49567e-009	-5.47271e-006	-1.08283e-010	1.69867e-009	2.41784e-011	
146	5.15016e-008	2.46882e-009	-5.66342e-006	-1.20137e-010	1.73048e-009	2.6681e-011	
147	5.22179e-008	2.43768e-009	-5.85549e-006	-1.32383e-010	1.76243e-009	2.9266e-011	
148	5.29223e-008	2.40211e-009	-6.04886e-006	-1.45023e-010	1.79451e-009	3.19338e-011	
149	5.36141e-008	2.36196e-009	-6.24341e-006	-1.58061e-010	1.8267e-009	3.46851e-011	
150	5.42927e-008	2.3171e-009	-6.43905e-006	-1.71499e-010	1.859e-009	3.75206e-011	
151	5.49573e-008	2.26738e-009	-6.6357e-006	-1.8534e-010	1.89139e-009	4.04407e-011	
152	5.56074e-008	2.21264e-009	-6.83325e-006	-1.99584e-010	1.92386e-009	4.34459e-011	
153	5.62422e-008	2.15276e-009	-7.03161e-006	-2.14235e-010	1.9564e-009	4.65368e-011	
154	5.68612e-008	2.08758e-009	-7.23069e-006	-2.29294e-010	1.989e-009	4.97137e-011	
155	5.74638e-008	2.01695e-009	-7.43039e-006	-2.44763e-010	2.02165e-009	5.29772e-011	
156	5.80492e-008	1.94072e-009	-7.63062e-006	-2.60642e-010	2.05433e-009	5.63274e-011	
157	5.86169e-008	1.85877e-009	-7.83129e-006	-2.76934e-010	2.08703e-009	5.97649e-011	
158	5.91662e-008	1.77092e-009	-8.0323e-006	-2.93639e-010	2.11974e-009	6.32899e-011	
159	5.96967e-008	1.67705e-009	-8.23357e-006	-3.10758e-010	2.15245e-009	6.69027e-011	
160	6.02076e-008	1.577e-009	-8.435e-006	-3.28292e-010	2.18515e-009	7.06035e-011	
161	6.06985e-008	1.47062e-009	-8.6365e-006	-3.46241e-010	2.21781e-009	7.43926e-011	
162	6.11687e-008	1.35778e-009	-8.83799e-006	-3.64605e-010	2.25044e-009	7.827e-011	
163	6.16177e-008	1.23832e-009	-9.03937e-006	-3.83385e-010	2.283e-009	8.22361e-011	
164	6.2045e-008	1.11211e-009	-9.24057e-006	-4.0258e-010	2.31551e-009	8.62909e-011	
165	6.24501e-008	9.7899e-010	-9.4415e-006	-4.22191e-010	2.34792e-009	9.04345e-011	
166	6.28323e-008	8.38823e-010	-9.64208e-006	-4.42217e-010	2.38025e-009	9.46669e-011	
167	6.31913e-008	6.91465e-010	-9.84222e-006	-4.62657e-010	2.41246e-009	9.89882e-011	
168	6.35265e-008	5.36773e-010	-1.00418e-005	-4.83511e-010	2.44456e-009	1.03398e-010	
169	6.38375e-008	3.74606e-010	-1.02409e-005	-5.04778e-010	2.47651e-009	1.07898e-010	
170	6.41238e-008	2.04822e-010	-1.04393e-005	-5.26457e-010	2.50832e-009	1.12486e-010	
171	6.4385e-008	2.72815e-011	-1.06369e-005	-5.48546e-010	2.53996e-009	1.17162e-010	
172	6.46206e-008	-1.58156e-010	-1.08337e-005	-5.71045e-010	2.57142e-009	1.21928e-010	
173	6.48303e-008	-3.51627e-010	-1.10297e-005	-5.93952e-010	2.60268e-009	1.26782e-010	
174	6.50136e-008	-5.53271e-010	-1.12247e-005	-6.17265e-010	2.63374e-009	1.31724e-010	
175	6.51702e-008	-7.63223e-010	-1.14187e-005	-6.40983e-010	2.66458e-009	1.36755e-010	
176	6.52997e-008	-9.81619e-010	-1.16117e-005	-6.65103e-010	2.69518e-009	1.41874e-010	
177	6.54018e-008	-1.20859e-009	-1.18035e-005	-6.89625e-010	2.72552e-009	1.47081e-010	
178	6.54761e-008	-1.44428e-009	-1.19941e-005	-7.14545e-010	2.7556e-009	1.52375e-010	
179	6.55224e-008	-1.6888e-009	-1.21835e-005	-7.39861e-010	2.7854e-009	1.57757e-010	
180	6.55403e-008	-1.9423e-009	-1.23717e-005	-7.65572e-010	2.8149e-009	1.63227e-010	
181	6.55295e-008	-2.2049e-009	-1.25584e-005	-7.91675e-010	2.84409e-009	1.68783e-010	
182	6.54899e-008	-2.47672e-009	-1.27439e-005	-8.18167e-010	2.87296e-009	1.74426e-010	
183	6.54212e-008	-2.75791e-009	-1.29279e-005	-8.45046e-010	2.90148e-009	1.80155e-010	
184	6.53231e-008	-3.04857e-009	-1.31104e-005	-8.72309e-010	2.92965e-009	1.8597e-010	
185	6.51955e-008	-3.34883e-009	-1.32914e-005	-8.99953e-010	2.95744e-009	1.91871e-010	
186	6.50382e-008	-3.65882e-009	-1.34709e-005	-9.27975e-010	2.98485e-009	1.97858e-010	
187	6.48509e-008	-3.97866e-009	-1.36489e-005	-9.56373e-010	3.01186e-009	2.03929e-010	
188	6.46337e-008	-4.30846e-009	-1.38252e-005	-9.85143e-010	3.03845e-009	2.10085e-010	
189	6.43862e-008	-4.64834e-009	-1.39999e-005	-1.01428e-009	3.06461e-009	2.16326e-010	
190	6.41085e-008	-4.99841e-009	-1.4173e-005	-1.04379e-009	3.09032e-009	2.22651e-010	
191	6.38004e-008	-5.3588e-009	-1.43445e-005	-1.07366e-009	3.11557e-009	2.29059e-010	
192	6.34619e-008	-5.72961e-009	-1.45142e-005	-1.10389e-009	3.14035e-009	2.35551e-010	
193	6.30928e-008	-6.11096e-009	-1.46823e-005	-1.13447e-009	3.16463e-009	2.42126e-010	
194	6.26932e-008	-6.50295e-009	-1.48486e-005	-1.16541e-009	3.18841e-009	2.48783e-010	
195	6.22629e-008	-6.90569e-009	-1.50133e-005	-1.1967e-009	3.21167e-009	2.55522e-010	
196	6.18021e-008	-7.31929e-009	-1.51762e-005	-1.22833e-009	3.23439e-009	2.62343e-010	
197	6.13107e-008	-7.74386e-009	-1.53374e-005	-1.26031e-009	3.25656e-009	2.69246e-010	
198	6.07887e-008	-8.17949e-009	-1.54968e-005	-1.29263e-009	3.27817e-009	2.7623e-010	
199	6.02361e-008	-8.62628e-009	-1.56546e-005	-1.32528e-009	3.29919e-009	2.83294e-010	
200	5.96531e-008	-9.08435e-009	-1.58106e-005	-1.35827e-009	3.31963e-009	2.90439e-010	
201	5.90397e-008	-9.55378e-009	-1.59649e-005	-1.39159e-009	3.33945e-009	2.97663e-010	
202	5.83959e-008	-1.00347e-008	-1.61175e-005	-1.42523e-009	3.35865e-009	3.04968e-010	
203	5.77219e-008	-1.05271e-008	-1.62684e-005	-1.45919e-009	3.37721e-009	3.12351e-010	
204	5.70178e-008	-1.10312e-008	-1.64176e-005	-1.49348e-009	3.39513e-009	3.19813e-010	
205	5.62836e-008	-1.15471e-008	-1.65651e-005	-1.52808e-009	3.41237e-009	3.27354e-010	
206	5.55196e-008	-1.20748e-008	-1.67109e-005	-1.56299e-009	3.42894e-009	3.34973e-010	
207	5.47259e-008	-1.26144e-008	-1.68551e-005	-1.59821e-009	3.44482e-009	3.4267e-010	
208	5.39027e-008	-1.3166e-008	-1.69977e-005	-1.63374e-009	3.45999e-009	3.50445e-010	
209	5.30501e-008	-1.37297e-008	-1.71387e-005	-1.66957e-009	3.47444e-009	3.58296e-010	
210	5.21683e-008	-1.43056e-008	-1.72781e-005	-1.7057e-009	3.48816e-009	3.66225e-010	
211	5.12575e-008	-1.48938e-008	-1.7416e-005	-1.74213e-009	3.50114e-009	3.7423e-010	
212	5.0318e-008	-1.54943e-008	-1.75523e-005	-1.77884e-009	3.51335e-009	3.82312e-010	
213	4.93499e-008	-1.61072e-008	-1.76871e-005	-1.81585e-009	3.52479e-009	3.90469e-010	
214	4.83535e-008	-1.67327e-008	-1.78204e-005	-1.85315e-009	3.53546e-009	3.98702e-010	
215	4.73291e-008	-1.73707e-008	-1.79523e-005	-1.89072e-009	3.54532e-009	4.07011e-010	
216	4.62768e-008	-1.80215e-008	-1.80828e-005	-1.92858e-009	3.55438e-009	4.15395e-010	
217	4.51969e-008	-1.86849e-008	-1.82119e-005	-1.96672e-009	3.56261e-009	4.23854e-010	
218	4.40898e-008	-1.93612e-008	-1.83396e-005	-2.00513e-009	3.57002e-009	4.32388e-010	
219	4.29557e-008	-2.00503e-008	-1.8466e-005	-2.04381e-009	3.57658e-009	4.40996e-010	
220	4.17948e-008	-2.07525e-008	-1.85911e-005	-2.08276e-009	3.58229e-009	4.49679e-010	
221	4.06075e-008	-2.14676e-008	-1.87149e-005	-2.12197e-009	3.58713e-009	4.58435e-010	
222	3.9394e-008	-2.21959e-008	-1.88375e-005	-2.16145e-009	3.5911e-009	4.67266e-010	
223	3.81547e-008	-2.29374e-008	-1.89588e-005	-2.20119e-009	3.59418e-009	4.7617e-010	
224	3.68898e-008	-2.36921e-008	-1.9079e-005	-2.24119e-009	3.59637e-009	4.85148e-010	
225	3.55998e-008	-2.44601e-008	-1.91981e-005	-2.28144e-009	3.59764e-009	4.942e-010	
226	3.42848e-008	-2.52415e-008	-1.93161e-005	-2.32194e-009	3.59801e-009	5.03325e-010	
227	3.29453e-008	-2.60363e-008	-1.94329e-005	-2.3627e-009	3.59744e-009	5.12522e-010	
228	3.15815e-008	-2.68446e-008	-1.95488e-005	-2.4037e-009	3.59594e-009	5.21793e-010	
229	3.01938e-008	-2.76665e-008	-1.96636e-005	-2.44495e-009	3.5935e-009	5.31137e-010	
230	2.87825e-008	-2.85021e-008	-1.97774e-005	-2.48644e-009	3.59011e-009	5.40553e-010	
231	2.7348e-008	-2.93514e-008	-1.98902e-005	-2.52817e-009	3.58575e-009	5.50042e-010	
232	2.58906e-008	-3.02144e-008	-2.00021e-005	-2.57014e-009	3.58043e-009	5.59603e-010	
233	2.44106e-008	-3.10913e-008	-2.01131e-005	-2.61234e-009	3.57413e-009	5.69237e-010	
234	2.29085e-008	-3.1982e-008	-2.02232e-005	-2.65478e-009	3.56685e-009	5.78943e-010	
235	2.13844e-008	-3.28867e-008	-2.03325e-005	-2.69745e-009	3.55858e-009	5.88721e-010	
236	1.98389e-008	-3.38054e-008	-2.04409e-005	-2.74036e-009	3.54931e-009	5.98571e-010	
237	1.82722e-008	-3.47382e-008	-2.05484e-005	-2.78348e-009	3.53904e-009	6.08493e-010	
238	1.66847e-008	-3.56851e-008	-2.06552e-005	-2.82684e-009	3.52776e-009	6.18487e-010	
239	1.50767e-008	-3.66461e-008	-2.07611e-005	-2.87042e-009	3.51547e-009	6.28553e-010	
240	1.34487e-008	-3.76215e-008	-2.08663e-005	-2.91422e-009	3.50216e-009	6.3869e-010	
241	1.18009e-008	-3.86111e-008	-2.09707e-005	-2.95824e-009	3.48782e-009	6.48899e-010	
242	1.01337e-008	-3.96151e-008	-2.10743e-005	-3.00247e-009	3.47245e-009	6.59179e-010	
243	8.44744e-009	-4.06335e-008	-2.11772e-005	-3.04693e-009	3.45605e-009	6.69531e-010	
244	6.74251e-009	-4.16663e-008	-2.12794e-005	-3.09159e-009	3.43862e-009	6.79954e-010	
245	5.01924e-009	-4.27137e-008	-2.13808e-005	-3.13647e-009	3.42014e-009	6.90448e-010	
246	3.27799e-009	-4.37757e-008	-2.14814e-005	-3.18156e-009	3.40063e-009	7.01013e-010	
247	1.51912e-009	-4.48523e-008	-2.15813e-005	-3.22686e-009	3.38006e-009	7.11648e-010	
248	-2.57038e-010	-4.59436e-008	-2.16805e-005	-3.27236e-009	3.35845e-009	7.22355e-010	
249	-2.05012e-009	-4.70497e-008	-2.17789e-005	-3.31806e-009	3.33579e-009	7.33132e-010	
250	-3.85978e-009	-4.81705e-008	-2.18765e-005	-3.36397e-009	3.31208e-009	7.43979e-010	
251	-5.68567e-009	-4.93062e-008	-2.19733e-005	-3.41008e-009	3.28732e-009	7.54897e-010	
252	-7.52744e-009	-5.04569e-008	-2.20694e-005	-3.45638e-009	3.26151e-009	7.65884e-010	
253	-9.38473e-009	-5.16224e-008	-2.21646e-005	-3.50289e-009	3.23464e-009	7.76941e-010	
254	-1.12572e-008	-5.2803e-008	-2.2259e-005	-3.54958e-009	3.20672e-009	7.88068e-010	
255	-1.31445e-008	-5.39987e-008	-2.23525e-005	-3.59647e-009	3.17776e-009	7.99264e-010	
256	-1.50463e-008	-5.52095e-008	-2.24452e-005	-3.64354e-009	3.14774e-009	8.10529e-010	
257	-1.69623e-008	-5.64354e-008	-2.25369e-005	-3.6908e-009	3.11667e-009	8.21862e-010	
258	-1.8892e-008	-5.76766e-008	-2.26277e-005	-3.73825e-009	3.08456e-009	8.33265e-010	
259	-2.08352e-008	-5.8933e-008	-2.27175e-005	-3.78588e-009	3.0514e-009	8.44735e-010	
260	-2.27915e-008	-6.02048e-008	-2.28063e-005	-3.83368e-009	3.0172e-009	8.56273e-010	
261	-2.47606e-008	-6.14919e-008	-2.28941e-005	-3.88167e-009	2.98197e-009	8.67878e-010	
262	-2.67421e-008	-6.27944e-008	-2.29807e-005	-3.92982e-009	2.9457e-009	8.7955e-010	
263	-2.87356e-008	-6.41125e-008	-2.30662e-005	-3.97815e-009	2.9084e-009	8.91289e-010	
264	-3.07409e-008	-6.5446e-008	-2.31505e-005	-4.02665e-009	2.87008e-009	9.03094e-010	
265	-3.27575e-008	-6.67951e-008	-2.32336e-005	-4.07531e-009	2.83074e-009	9.14964e-010	
266	-3.47852e-008	-6.81598e-008	-2.33153e-005	-4.12414e-009	2.79039e-009	9.26899e-010	
267	-3.68235e-008	-6.95402e-008	-2.33957e-005	-4.17312e-009	2.74902e-009	9.38899e-010	
268	-3.88722e-008	-7.09363e-008	-2.34747e-005	-4.22226e-009	2.70666e-009	9.50963e-010	
269	-4.09308e-008	-7.23481e-008	-2.35523e-005	-4.27155e-009	2.6633e-009	9.6309e-010	
270	-4.2999e-008	-7.37757e-008	-2.36282e-005	-4.32099e-009	2.61896e-009	9.75279e-010	
271	-4.50765e-008	-7.52192e-008	-2.37026e-005	-4.37058e-009	2.57363e-009	9.87531e-010	
272	-4.71628e-008	-7.66785e-008	-2.37753e-005	-4.42031e-009	2.52734e-009	9.99843e-010	
273	-4.92577e-008	-7.81538e-008	-2.38462e-005	-4.47017e-009	2.48008e-009	1.01222e-009	
274	-5.13607e-008	-7.96451e-008	-2.39154e-005	-4.52017e-009	2.43187e-009	1.02465e-009	
275	-5.34715e-008	-8.11523e-008	-2.39826e-005	-4.57029e-009	2.38272e-009	1.03714e-009	
276	-5.55897e-008	-8.26756e-008	-2.40479e-005	-4.62054e-009	2.33264e-009	1.04969e-009	
277	-5.77149e-008	-8.4215e-008	-2.41111e-005	-4.67091e-009	2.28163e-009	1.0623e-009	
278	-5.98467e-008	-8.57704e-008	-2.41722e-005	-4.7214e-009	2.22971e-009	1.07496e-009	
279	-6.19848e-008	-8.73421e-008	-2.4231e-005	-4.77199e-009	2.1769e-009	1.08767e-009	
280	-6.41287e-008	-8.89299e-008	-2.42876e-005	-4.82269e-009	2.12319e-009	1.10044e-009	
281	-6.6278e-008	-9.0534e-008	-2.43418e-005	-4.87349e-009	2.06861e-009	1.11327e-009	
282	-6.84324e-008	-9.21543e-008	-2.43935e-005	-4.92438e-009	2.01317e-009	1.12614e-009	
283	-7.05913e-008	-9.37909e-008	-2.44427e-005	-4.97537e-009	1.95688e-009	1.13907e-009	
284	-7.27545e-008	-9.54438e-008	-2.44892e-005	-5.02643e-009	1.89976e-009	1.15204e-009	
285	-7.49214e-008	-9.71131e-008	-2.45329e-005	-5.07757e-009	1.84181e-009	1.16507e-009	
286	-7.70916e-008	-9.87987e-008	-2.45739e-005	-5.12878e-009	1.78306e-009	1.17814e-009	
287	-7.92648e-008	-1.00501e-007	-2.46119e-005	-5.18006e-009	1.72351e-009	1.19125e-009	
288	-8.14403e-008	-1.02219e-007	-2.46469e-005	-5.23139e-009	1.66319e-009	1.20441e-009	
289	-8.36178e-008	-1.03954e-007	-2.46788e-005	-5.28278e-009	1.60211e-009	1.21761e-009	
290	-8.57967e-008	-1.05705e-007	-2.47075e-005	-5.3342e-009	1.54029e-009	1.23085e-009	
291	-8.79767e-008	-1.07473e-007	-2.47329e-005	-5.38567e-009	1.47774e-009	1.24413e-009	
292	-9.01572e-008	-1.09257e-007	-2.47549e-005	-5.43716e-009	1.41448e-009	1.25745e-009	
293	-9.23377e-008	-1.11058e-007	-2.47734e-005	-5.48868e-009	1.35053e-009	1.2708e-009	
294	-9.45177e-008	-1.12876e-007	-2.47883e-005	-5.54021e-009	1.28591e-009	1.28419e-009	
295	-9.66966e-008	-1.14709e-007	-2.47996e-005	-5.59175e-009	1.22063e-009	1.29761e-009	
296	-9.88741e-008	-1.1656e-007	-2.48071e-005	-5.64328e-009	1.15471e-009	1.31106e-009	
297	-1.01049e-007	-1.18427e-007	-2.48108e-005	-5.69481e-009	1.08818e-009	1.32455e-009	
298	-1.03222e-007	-1.2031e-007	-2.48105e-005	-5.74631e-009	1.02105e-009	1.33805e-009	
299	-1.05392e-007	-1.2221e-007	-2.48061e-005	-5.79779e-009	9.53338e-010	1.35159e-009	
300	-1.07557e-007	-1.24127e-007	-2.47977e-005	-5.84923e-009	8.85073e-010	1.36514e-009	
301	-1.09719e-007	-1.2606e-007	-2.4785e-005	-5.90063e-009	8.16272e-010	1.37872e-009	
302	-1.11875e-007	-1.28009e-007	-2.4768e-005	-5.95197e-009	7.46955e-010	1.39231e-009	
303	-1.14026e-007	-1.29975e-007	-2.47466e-005	-6.00325e-009	6.77145e-010	1.40593e-009	
304	-1.1617e-007	-1.31958e-007	-2.47207e-005	-6.05446e-009	6.06863e-010	1.41956e-009	
305	-1.18308e-007	-1.33957e-007	-2.46903e-005	-6.10558e-009	5.36132e-010	1.4332e-009	
306	-1.20438e-007	-1.35972e-007	-2.46552e-005	-6.15661e-009	4.64975e-010	1.44685e-009	
307	-1.22561e-007	-1.38004e-007	-2.46154e-005	-6.20754e-009	3.93413e-010	1.46051e-009	
308	-1.24674e-007	-1.40053e-007	-2.45708e-005	-6.25835e-009	3.2147e-010	1.47417e-009	
309	-1.26778e-007	-1.42117e-007	-2.45213e-005	-6.30904e-009	2.49171e-010	1.48784e-009	
310	-1.28872e-007	-1.44199e-007	-2.44669e-005	-6.35959e-009	1.76538e-010	1.50151e-009	
311	-1.30954e-007	-1.46296e-007	-2.44075e-005	-6.41e-009	1.03597e-010	1.51517e-009	
312	-1.33026e-007	-1.4841e-007	-2.4343e-005	-6.46025e-009	3.03713e-011	1.52884e-009	
313	-1.35085e-007	-1.5054e-007	-2.42733e-005	-6.51034e-009	-4.3114e-011	1.5425e-009	
314	-1.3713e-007	-1.52686e-007	-2.41984e-005	-6.56024e-009	-1.16834e-010	1.55614e-009	
315	-1.39162e-007	-1.54848e-007	-2.41182e-005	-6.60996e-009	-1.90762e-010	1.56978e-009	
316	-1.4118e-007	-1.57027e-007	-2.40327e-005	-6.65947e-009	-2.64874e-010	1.58341e-009	
317	-1.43182e-007	-1.59221e-007	-2.39419e-005	-6.70878e-009	-3.39144e-010	1.59701e-009	
318	-1.45168e-007	-1.61432e-007	-2.38455e-005	-6.75786e-009	-4.13544e-010	1.6106e-009	
319	-1.47137e-007	-1.63658e-007	-2.37437e-005	-6.8067e-009	-4.8805e-010	1.62416e-009	
320	-1.49088e-007	-1.659e-007	-2.36364e-005	-6.85529e-009	-5.62633e-010	1.6377e-009	
321	-1.51021e-007	-1.68159e-007	-2.35235e-005	-6.90362e-009	-6.37268e-010	1.65122e-009	
322	-1.52934e-007	-1.70433e-007	-2.3405e-005	-6.95168e-009	-7.11926e-010	1.6647e-009	
323	-1.54827e-007	-1.72722e-007	-2.32809e-005	-6.99946e-009	-7.86582e-010	1.67815e-009	
324	-1.56699e-007	-1.75027e-007	-2.3151e-005	-7.04694e-009	-8.61206e-010	1.69157e-009	
325	-1.58549e-007	-1.77348e-007	-2.30155e-005	-7.09411e-009	-9.35771e-010	1.70494e-009	
326	-1.60376e-007	-1.79684e-007	-2.28743e-005	-7.14096e-009	-1.01025e-009	1.71828e-009	
327	-1.6218e-007	-1.82036e-007	-2.27273e-005	-7.18747e-009	-1.08461e-009	1.73157e-009	
328	-1.63959e-007	-1.84402e-007	-2.25745e-005	-7.23364e-009	-1.15884e-009	1.74481e-009	
329	-1.65712e-007	-1.86784e-007	-2.2416e-005	-7.27945e-009	-1.23289e-009	1.758e-009	
330	-1.6744e-007	-1.89181e-007	-2.22517e-005	-7.32489e-009	-1.30673e-009	1.77114e-009	
331	-1.6914e-007	-1.91593e-007	-2.20816e-005	-7.36995e-009	-1.38036e-009	1.78423e-009	
332	-1.70812e-007	-1.9402e-007	-2.19057e-005	-7.4146e-009	-1.45372e-009	1.79726e-009	
333	-1.72455e-007	-1.96462e-007	-2.17241e-005	-7.45885e-009	-1.52679e-009	1.81022e-009	
334	-1.74068e-007	-1.98918e-007	-2.15366e-005	-7.50268e-009	-1.59956e-009	1.82312e-009	
335	-1.7565e-007	-2.01388e-007	-2.13434e-005	-7.54607e-009	-1.67197e-009	1.83595e-009	
336	-1.77201e-007	-2.03874e-007	-2.11444e-005	-7.58902e-009	-1.74401e-009	1.84872e-009	
337	-1.78718e-007	-2.06373e-007	-2.09397e-005	-7.6315e-009	-1.81565e-009	1.8614e-009	
338	-1.80202e-007	-2.08887e-007	-2.07293e-005	-7.67352e-009	-1.88685e-009	1.87402e-009	
339	-1.81652e-007	-2.11414e-007	-2.05132e-005	-7.71505e-009	-1.9576e-009	1.88655e-009	
340	-1.83066e-007	-2.13956e-007	-2.02914e-005	-7.75608e-009	-2.02785e-009	1.899e-009	
341	-1.84444e-007	-2.16511e-007	-2.00641e-005	-7.7966e-009	-2.09758e-009	1.91137e-009	
342	-1.85785e-007	-2.1908e-007	-1.98311e-005	-7.8366e-009	-2.16675e-009	1.92365e-009	
343	-1.87087e-007	-2.21663e-007	-1.95925e-005	-7.87607e-009	-2.23535e-009	1.93584e-009	
344	-1.8835e-007	-2.24258e-007	-1.93485e-005	-7.91499e-009	-2.30334e-009	1.94793e-009	
345	-1.89574e-007	-2.26867e-007	-1.9099e-005	-7.95335e-009	-2.37068e-009	1.95993e-009	
346	-1.90756e-007	-2.29489e-007	-1.8844e-005	-7.99114e-009	-2.43736e-009	1.97182e-009	
347	-1.91896e-007	-2.32124e-007	-1.85838e-005	-8.02835e-009	-2.50334e-009	1.98362e-009	
348	-1.92994e-007	-2.34772e-007	-1.83182e-005	-8.06497e-009	-2.56858e-009	1.99531e-009	
349	-1.94048e-007	-2.37432e-007	-1.80473e-005	-8.10097e-009	-2.63307e-009	2.00689e-009	
350	-1.95057e-007	-2.40105e-007	-1.77713e-005	-8.13637e-009	-2.69678e-009	2.01836e-009	
351	-1.96022e-007	-2.4279e-007	-1.74902e-005	-8.17113e-009	-2.75966e-009	2.02972e-009	
352	-1.96939e-007	-2.45487e-007	-1.72041e-005	-8.20525e-009	-2.8217e-009	2.04096e-009	
353	-1.9781e-007	-2.48196e-007	-1.69129e-005	-8.23872e-009	-2.88286e-009	2.05208e-009	
354	-1.98633e-007	-2.50917e-007	-1.66169e-005	-8.27153e-009	-2.94312e-009	2.06307e-009	
355	-1.99407e-007	-2.53649e-007	-1.63161e-005	-8.30366e-009	-3.00244e-009	2.07395e-009	
356	-2.00131e-007	-2.56393e-007	-1.60105e-005	-8.33511e-009	-3.06081e-009	2.08469e-009	
357	-2.00805e-007	-2.59147e-007	-1.57002e-005	-8.36587e-009	-3.11818e-009	2.0953e-009	
358	-2.01427e-007	-2.61913e-007	-1.53854e-005	-8.39592e-009	-3.17453e-009	2.10578e-009	
359	-2.01998e-007	-2.6469e-007	-1.50661e-005	-8.42525e-009	-3.22983e-009	2.11613e-009	
360	-2.02516e-007	-2.67477e-007	-1.47424e-005	-8.45386e-009	-3.28405e-009	2.12633e-009	
361	-2.0298e-007	-2.70275e-007	-1.44144e-005	-8.48173e-009	-3.33717e-009	2.1364e-009	
362	-2.0339e-007	-2.73083e-007	-1.40821e-005	-8.50886e-009	-3.38916e-009	2.14632e-009	
363	-2.03745e-007	-2.75902e-007	-1.37458e-005	-8.53523e-009	-3.43999e-009	2.15609e-009	
364	-2.04044e-007	-2.7873e-007	-1.34054e-005	-8.56084e-009	-3.48963e-009	2.16572e-009	
365	-2.04286e-007	-2.81567e-007	-1.30611e-005	-8.58567e-009	-3.53805e-009	2.17519e-009	
366	-2.04472e-007	-2.84415e-007	-1.27129e-005	-8.60972e-009	-3.58523e-009	2.18451e-009	
367	-2.046e-007	-2.87271e-007	-1.2361e-005	-8.63298e-009	-3.63114e-009	2.19367e-009	
368	-2.0467e-007	-2.90137e-007	-1.20055e-005	-8.65545e-009	-3.67576e-009	2.20268e-009	
369	-2.0468e-007	-2.93011e-007	-1.16465e-005	-8.6771e-009	-3.71905e-009	2.21152e-009	
370	-2.04631e-007	-2.95894e-007	-1.1284e-005	-8.69794e-009	-3.76099e-009	2.2202e-009	
371	-2.04522e-007	-2.98786e-007	-1.09182e-005	-8.71795e-009	-3.80156e-009	2.22871e-009	
372	-2.04353e-007	-3.01686e-007	-1.05492e-005	-8.73713e-009	-3.84073e-009	2.23705e-009	
373	-2.04122e-007	-3.04594e-007	-1.0177e-005	-8.75548e-009	-3.87847e-009	2.24522e-009	
374	-2.0383e-007	-3.07509e-007	-9.80187e-006	-8.77297e-009	-3.91476e-009	2.25322e-009	
375	-2.03475e-007	-3.10433e-007	-9.42379e-006	-8.78962e-009	-3.94958e-009	2.26104e-009	
376	-2.03058e-007	-3.13364e-007	-9.0429e-006	-8.8054e-009	-3.9829e-009	2.26869e-009	
377	-2.02579e-007	-3.16301e-007	-8.6593e-006	-8.82031e-009	-4.01469e-009	2.27615e-009	
378	-2.02035e-007	-3.19246e-007	-8.2731e-006	-8.83436e-009	-4.04494e-009	2.28344e-009	
379	-2.01428e-007	-3.22198e-007	-7.8844e-006	-8.84752e-009	-4.07361e-009	2.29053e-009	
380	-2.00758e-007	-3.25156e-007	-7.4933e-006	-8.8598e-009	-4.10069e-009	2.29744e-009	
381	-2.00022e-007	-3.28121e-007	-7.0999e-006	-8.87118e-009	-4.12615e-009	2.30417e-009	
382	-1.99223e-007	-3.31091e-007	-6.7043e-006	-8.88167e-009	-4.14998e-009	2.3107e-009	
383	-1.98358e-007	-3.34068e-007	-6.3066e-006	-8.89126e-009	-4.17214e-009	2.31704e-009	
384	-1.97429e-007	-3.3705e-007	-5.9069e-006	-8.89995e-009	-4.19262e-009	2.32318e-009	
385	-1.96434e-007	-3.40038e-007	-5.5053e-006	-8.90772e-009	-4.2114e-009	2.32912e-009	
386	-1.95374e-007	-3.43031e-007	-5.10189e-006	-8.91457e-009	-4.22845e-009	2.33487e-009	
387	-1.94248e-007	-3.46028e-007	-4.69677e-006	-8.9205e-009	-4.24375e-009	2.34042e-009	
388	-1.93056e-007	-3.49031e-007	-4.29003e-006	-8.92551e-009	-4.2573e-009	2.34576e-009	
389	-1.91799e-007	-3.52038e-007	-3.88176e-006	-8.92959e-009	-4.26905e-009	2.3509e-009	
390	-1.90477e-007	-3.5505e-007	-3.47206e-006	-8.93273e-009	-4.279e-009	2.35583e-009	
391	-1.89088e-007	-3.58066e-007	-3.061e-006	-8.93494e-009	-4.28713e-009	2.36055e-009	
392	-1.87634e-007	-3.61085e-007	-2.64868e-006	-8.93621e-009	-4.29342e-009	2.36506e-009	
393	-1.86114e-007	-3.64109e-007	-2.23517e-006	-8.93654e-009	-4.29785e-009	2.36936e-009	
394	-1.84529e-007	-3.67135e-007	-1.82057e-006	-8.93592e-009	-4.30041e-009	2.37344e-009	
395	-1.82878e-007	-3.70165e-007	-1.40495e-006	-8.93435e-009	-4.30107e-009	2.37731e-009	
396	-1.81161e-007	-3.73198e-007	-9.88393e-007	-8.93183e-009	-4.29982e-009	2.38096e-009	
397	-1.7938e-007	-3.76234e-007	-5.70968e-007	-8.92835e-009	-4.29665e-009	2.38438e-009	
398	-1.77533e-007	-3.79273e-007	-1.5275e-007	-8.92392e-009	-4.29153e-009	2.38759e-009	
399	-1.75622e-007	-3.82313e-007	2.66188e-007	-8.91853e-009	-4.28446e-009	2.39057e-009	
400	-1.73647e-007	-3.85356e-007	6.85778e-007	-8.91218e-009	-4.27542e-009	2.39333e-009	
401	-1.71607e-007	-3.88401e-007	1.10595e-006	-8.90487e-009	-4.26439e-009	2.39586e-009	
402	-1.69503e-007	-3.91448e-007	1.52665e-006	-8.89659e-009	-4.25136e-009	2.39816e-009	
403	-1.67336e-007	-3.94496e-007	1.94781e-006	-8.88735e-009	-4.23633e-009	2.40023e-009	
404	-1.65106e-007	-3.97545e-007	2.36938e-006	-8.87714e-009	-4.21927e-009	2.40207e-009	
405	-1.62813e-007	-4.00596e-007	2.79129e-006	-8.86597e-009	-4.20017e-009	2.40368e-009	
406	-1.60458e-007	-4.03647e-007	3.21349e-006	-8.85382e-009	-4.17902e-009	2.40504e-009	
407	-1.58041e-007	-4.06699e-007	3.63594e-006	-8.8407e-009	-4.15582e-009	2.40618e-009	
408	-1.55563e-007	-4.09752e-007	4.05858e-006	-8.82662e-009	-4.13055e-009	2.40707e-009	
409	-1.53024e-007	-4.12804e-007	4.48137e-006	-8.81156e-009	-4.1032e-009	2.40772e-009	
410	-1.50424e-007	-4.15857e-007	4.90426e-006	-8.79553e-009	-4.07375e-009	2.40812e-009	
411	-1.47765e-007	-4.18909e-007	5.32722e-006	-8.77853e-009	-4.04222e-009	2.40829e-009	
412	-1.45047e-007	-4.21961e-007	5.7502e-006	-8.76055e-009	-4.00857e-009	2.4082e-009	
413	-1.42271e-007	-4.25012e-007	6.17317e-006	-8.7416e-009	-3.97281e-009	2.40787e-009	
414	-1.39437e-007	-4.28063e-007	6.59611e-006	-8.72168e-009	-3.93494e-009	2.40729e-009	
415	-1.36545e-007	-4.31112e-007	7.01897e-006	-8.70078e-009	-3.89493e-009	2.40646e-009	
416	-1.33598e-007	-4.3416e-007	7.44172e-006	-8.67891e-009	-3.85279e-009	2.40537e-009	
417	-1.30595e-007	-4.37207e-007	7.86435e-006	-8.65607e-009	-3.80851e-009	2.40403e-009	
418	-1.27536e-007	-4.40252e-007	8.28683e-006	-8.63226e-009	-3.76208e-009	2.40244e-009	
419	-1.24424e-007	-4.43295e-007	8.70913e-006	-8.60747e-009	-3.71351e-009	2.40058e-009	
420	-1.21259e-007	-4.46337e-007	9.13124e-006	-8.58171e-009	-3.66278e-009	2.39847e-009	
421	-1.18041e-007	-4.49375e-007	9.55315e-006	-8.55498e-009	-3.6099e-009	2.39609e-009	
422	-1.14771e-007	-4.52412e-007	9.97482e-006	-8.52728e-009	-3.55485e-009	2.39346e-009	
423	-1.11451e-007	-4.55445e-007	1.03963e-005	-8.49861e-009	-3.49765e-009	2.39055e-009	
424	-1.0808e-007	-4.58476e-007	1.08175e-005	-8.46896e-009	-3.43828e-009	2.38738e-009	
425	-1.04661e-007	-4.61504e-007	1.12384e-005	-8.43835e-009	-3.37674e-009	2.38394e-009	
426	-1.01194e-007	-4.64528e-007	1.16591e-005	-8.40677e-009	-3.31304e-009	2.38023e-009	
427	-9.76794e-008	-4.67549e-007	1.20794e-005	-8.37422e-009	-3.24718e-009	2.37625e-009	
428	-9.41188e-008	-4.70566e-007	1.24996e-005	-8.34071e-009	-3.17914e-009	2.372e-009	
429	-9.05131e-008	-4.73579e-007	1.29194e-005	-8.30622e-009	-3.10895e-009	2.36746e-009	
430	-8.68632e-008	-4.76589e-007	1.33389e-005	-8.27078e-009	-3.03659e-009	2.36266e-009	
431	-8.31702e-008	-4.79593e-007	1.37582e-005	-8.23436e-009	-2.96207e-009	2.35757e-009	
432	-7.94351e-008	-4.82594e-007	1.41772e-005	-8.19699e-009	-2.8854e-009	2.3522e-009	
433	-7.56589e-008	-4.8559e-007	1.45959e-005	-8.15865e-009	-2.80657e-009	2.34655e-009	
434	-7.18427e-008	-4.88581e-007	1.50143e-005	-8.11935e-009	-2.72559e-009	2.34062e-009	
435	-6.79876e-008	-4.91566e-007	1.54324e-005	-8.07909e-009	-2.64247e-009	2.3344e-009	
436	-6.40946e-008	-4.94547e-007	1.58503e-005	-8.03787e-009	-2.5572e-009	2.32789e-009	
437	-6.01648e-008	-4.97522e-007	1.62679e-005	-7.99569e-009	-2.4698e-009	2.32109e-009	
438	-5.61995e-008	-5.00491e-007	1.66852e-005	-7.95255e-009	-2.38027e-009	2.314e-009	
439	-5.21996e-008	-5.03455e-007	1.71023e-005	-7.90846e-009	-2.28861e-009	2.30662e-009	
440	-4.81664e-008	-5.06413e-007	1.75191e-005	-7.86341e-009	-2.19485e-009	2.29894e-009	
441	-4.41009e-008	-5.09364e-007	1.79357e-005	-7.8174e-009	-2.09897e-009	2.29096e-009	
442	-4.00044e-008	-5.12309e-007	1.8352e-005	-7.77045e-009	-2.00099e-009	2.28268e-009	
443	-3.58779e-008	-5.15247e-007	1.8768e-005	-7.72254e-009	-1.90093e-009	2.27411e-009	
444	-3.17228e-008	-5.18178e-007	1.91838e-005	-7.67368e-009	-1.79878e-009	2.26523e-009	
445	-2.754e-008	-5.21103e-007	1.95994e-005	-7.62387e-009	-1.69457e-009	2.25605e-009	
446	-2.3331e-008	-5.2402e-007	2.00148e-005	-7.57311e-009	-1.58829e-009	2.24656e-009	
447	-1.90967e-008	-5.2693e-007	2.04299e-005	-7.52141e-009	-1.47996e-009	2.23676e-009	
448	-1.48385e-008	-5.29832e-007	2.08448e-005	-7.46875e-009	-1.3696e-009	2.22665e-009	
449	-1.05576e-008	-5.32727e-007	2.12595e-005	-7.41516e-009	-1.25721e-009	2.21623e-009	
450	-6.25516e-009	-5.35614e-007	2.16739e-005	-7.36062e-009	-1.1428e-009	2.2055e-009	
451	-1.93241e-009	-5.38492e-007	2.20881e-005	-7.30513e-009	-1.0264e-009	2.19445e-009	
452	2.40942e-009	-5.41362e-007	2.2502e-005	-7.24871e-009	-9.08008e-010	2.18308e-009	
453	6.76909e-009	-5.44224e-007	2.29157e-005	-7.19135e-009	-7.87646e-010	2.17139e-009	
454	1.11454e-008	-5.47077e-007	2.33292e-005	-7.13304e-009	-6.65327e-010	2.15938e-009	
455	1.5537e-008	-5.49921e-007	2.37424e-005	-7.07381e-009	-5.41065e-010	2.14705e-009	
456	1.99427e-008	-5.52756e-007	2.41553e-005	-7.01363e-009	-4.14877e-010	2.1344e-009	
457	2.43614e-008	-5.55581e-007	2.45679e-005	-6.95252e-009	-2.86779e-010	2.12141e-009	
458	2.87916e-008	-5.58397e-007	2.49803e-005	-6.89048e-009	-1.56786e-010	2.1081e-009	
459	3.32322e-008	-5.61204e-007	2.53923e-005	-6.82751e-009	-2.49178e-011	2.09446e-009	
460	3.76819e-008	-5.64e-007	2.5804e-005	-6.76361e-009	1.0881e-010	2.08049e-009	
461	4.21394e-008	-5.66787e-007	2.62153e-005	-6.69878e-009	2.44378e-010	2.06618e-009	
462	4.66036e-008	-5.69563e-007	2.66263e-005	-6.63302e-009	3.81768e-010	2.05153e-009	
463	5.1073e-008	-5.72329e-007	2.70369e-005	-6.56635e-009	5.20961e-010	2.03655e-009	
464	5.55466e-008	-5.75084e-007	2.7447e-005	-6.49874e-009	6.61937e-010	2.02123e-009	
465	6.00229e-008	-5.77829e-007	2.78566e-005	-6.43022e-009	8.04677e-010	2.00557e-009	
466	6.45008e-008	-5.80562e-007	2.82658e-005	-6.36079e-009	9.4916e-010	1.98957e-009	
467	6.89789e-008	-5.83285e-007	2.86744e-005	-6.29043e-009	1.09537e-009	1.97322e-009	
468	7.3456e-008	-5.85996e-007	2.90825e-005	-6.21916e-009	1.24327e-009	1.95652e-009	
469	7.79309e-008	-5.88695e-007	2.94899e-005	-6.14698e-009	1.39286e-009	1.93948e-009	
470	8.24023e-008	-5.91383e-007	2.98966e-005	-6.07389e-009	1.5441e-009	1.92209e-009	
471	8.68688e-008	-5.94058e-007	3.03027e-005	-5.9999e-009	1.69697e-009	1.90435e-009	
472	9.13293e-008	-5.96722e-007	3.0708e-005	-5.925e-009	1.85146e-009	1.88626e-009	
473	9.57824e-008	-5.99373e-007	3.11124e-005	-5.8492e-009	2.00754e-009	1.86781e-009	
474	1.00227e-007	-6.02012e-007	3.1516e-005	-5.7725e-009	2.16518e-009	1.849e-009	
475	1.04662e-007	-6.04638e-007	3.19186e-005	-5.69491e-009	2.32435e-009	1.82984e-009	
476	1.09085e-007	-6.07251e-007	3.23202e-005	-5.61643e-009	2.48505e-009	1.81032e-009	
477	1.13496e-007	-6.09851e-007	3.27208e-005	-5.53705e-009	2.64723e-009	1.79045e-009	
478	1.17893e-007	-6.12438e-007	3.31202e-005	-5.4568e-009	2.81088e-009	1.77021e-009	
479	1.22276e-007	-6.15011e-007	3.35183e-005	-5.37566e-009	2.97597e-009	1.74961e-009	
480	1.26642e-007	-6.1757e-007	3.39152e-005	-5.29364e-009	3.14247e-009	1.72864e-009	
481	1.30991e-007	-6.20116e-007	3.43107e-005	-5.21075e-009	3.31036e-009	1.70731e-009	
482	1.35321e-007	-6.22648e-007	3.47047e-005	-5.12699e-009	3.47961e-009	1.68561e-009	
483	1.3963e-007	-6.25166e-007	3.50972e-005	-5.04237e-009	3.65019e-009	1.66355e-009	
484	1.43919e-007	-6.27669e-007	3.5488e-005	-4.95689e-009	3.82208e-009	1.64112e-009	
485	1.48185e-007	-6.30157e-007	3.58772e-005	-4.87055e-009	3.99524e-009	1.61832e-009	
486	1.52427e-007	-6.32631e-007	3.62644e-005	-4.78336e-009	4.16966e-009	1.59515e-009	
487	1.56644e-007	-6.3509e-007	3.66498e-005	-4.69532e-009	4.34529e-009	1.57161e-009	
488	1.60834e-007	-6.37534e-007	3.70331e-005	-4.60645e-009	4.52212e-009	1.54769e-009	
489	1.64997e-007	-6.39962e-007	3.74142e-005	-4.51674e-009	4.70012e-009	1.5234e-009	
490	1.69131e-007	-6.42375e-007	3.77932e-005	-4.4262e-009	4.87924e-009	1.49874e-009	
491	1.73234e-007	-6.44773e-007	3.81697e-005	-4.33484e-009	5.05948e-009	1.47371e-009	
492	1.77306e-007	-6.47154e-007	3.85438e-005	-4.24266e-009	5.24079e-009	1.44829e-009	
493	1.81346e-007	-6.4952e-007	3.89153e-005	-4.14967e-009	5.42314e-009	1.42251e-009	
494	1.85351e-007	-6.51869e-007	3.92842e-005	-4.05588e-009	5.60651e-009	1.39634e-009	
495	1.8932e-007	-6.54202e-007	3.96501e-005	-3.9613e-009	5.79087e-009	1.3698e-009	
496	1.93253e-007	-6.56518e-007	4.00132e-005	-3.86592e-009	5.97618e-009	1.34288e-009	
497	1.97148e-007	-6.58818e-007	4.03731e-005	-3.76977e-009	6.16241e-009	1.31558e-009	
498	2.01004e-007	-6.611e-007	4.07299e-005	-3.67284e-009	6.34954e-009	1.28791e-009	
499	2.04819e-007	-6.63366e-007	4.10833e-005	-3.57515e-009	6.53753e-009	1.25985e-009	
500	2.08593e-007	-6.65614e-007	4.14332e-005	-3.4767e-009	6.72635e-009	1.23142e-009	
501	2.12323e-007	-6.67845e-007	4.17796e-005	-3.3775e-009	6.91596e-009	1.20261e-009	
502	2.16008e-007	-6.70059e-007	4.21222e-005	-3.27757e-009	7.10635e-009	1.17342e-009	
503	2.19648e-007	-6.72254e-007	4.2461e-005	-3.1769e-009	7.29747e-009	1.14385e-009	
504	2.23241e-007	-6.74432e-007	4.27957e-005	-3.07552e-009	7.48929e-009	1.1139e-009	
505	2.26786e-007	-6.76592e-007	4.31263e-005	-2.97342e-009	7.68178e-009	1.08357e-009	
506	2.3028e-007	-6.78733e-007	4.34527e-005	-2.87063e-009	7.87491e-009	1.05286e-009	
507	2.33724e-007	-6.80857e-007	4.37746e-005	-2.76715e-009	8.06864e-009	1.02178e-009	
508	2.37115e-007	-6.82961e-007	4.40919e-005	-2.66298e-009	8.26295e-009	9.9031e-010	
509	2.40453e-007	-6.85047e-007	4.44045e-005	-2.55816e-009	8.4578e-009	9.58467e-010	
510	2.43736e-007	-6.87115e-007	4.47122e-005	-2.45267e-009	8.65315e-009	9.26246e-010	
511	2.46962e-007	-6.89163e-007	4.5015e-005	-2.34654e-009	8.84898e-009	8.93648e-010	
512	2.50131e-007	-6.91192e-007	4.53126e-005	-2.23978e-009	9.04526e-009	8.60673e-010	
513	2.5324e-007	-6.93202e-007	4.56049e-005	-2.1324e-009	9.24194e-009	8.27323e-010	
514	2.56289e-007	-6.95193e-007	4.58918e-005	-2.02441e-009	9.43899e-009	7.93596e-010	
515	2.59277e-007	-6.97164e-007	4.61731e-005	-1.91583e-009	9.63639e-009	7.59495e-010	
516	2.62202e-007	-6.99115e-007	4.64487e-005	-1.80667e-009	9.8341e-009	7.2502e-010	
517	2.65062e-007	-7.01047e-007	4.67184e-005	-1.69694e-009	1.00321e-008	6.90172e-010	
518	2.67856e-007	-7.02959e-007	4.69822e-005	-1.58665e-009	1.02303e-008	6.54952e-010	
519	2.70584e-007	-7.04851e-007	4.72397e-005	-1.47583e-009	1.04287e-008	6.19361e-010	
520	2.73242e-007	-7.06723e-007	4.7491e-005	-1.36448e-009	1.06274e-008	5.834e-010	
521	2.75832e-007	-7.08575e-007	4.77359e-005	-1.25262e-009	1.08261e-008	5.4707e-010	
522	2.7835e-007	-7.10406e-007	4.79742e-005	-1.14027e-009	1.1025e-008	5.10372e-010	
523	2.80795e-007	-7.12217e-007	4.82058e-005	-1.02744e-009	1.12239e-008	4.73308e-010	
524	2.83167e-007	-7.14007e-007	4.84305e-005	-9.14144e-010	1.14229e-008	4.35879e-010	
525	2.85463e-007	-7.15777e-007	4.86483e-005	-8.00401e-010	1.16219e-008	3.98086e-010	
526	2.87682e-007	-7.17526e-007	4.88589e-005	-6.86227e-010	1.18209e-008	3.5993e-010	
527	2.89824e-007	-7.19255e-007	4.90624e-005	-5.71638e-010	1.20198e-008	3.21414e-010	
528	2.91887e-007	-7.20962e-007	4.92584e-005	-4.56651e-010	1.22186e-008	2.82538e-010	
529	2.93868e-007	-7.22649e-007	4.9447e-005	-3.41284e-010	1.24173e-008	2.43305e-010	
530	2.95768e-007	-7.24314e-007	4.9628e-005	-2.25554e-010	1.26159e-008	2.03715e-010	
531	2.97584e-007	-7.25959e-007	4.98012e-005	-1.09478e-010	1.28142e-008	1.63771e-010	
532	2.99315e-007	-7.27582e-007	4.99666e-005	6.92547e-012	1.30124e-008	1.23475e-010	
533	3.0096e-007	-7.29184e-007	5.0124e-005	1.23638e-010	1.32103e-008	8.28278e-011	
534	3.02518e-007	-7.30765e-007	5.02734e-005	2.40641e-010	1.34079e-008	4.18318e-011	
535	3.03987e-007	-7.32325e-007	5.04145e-005	3.57917e-010	1.36052e-008	4.8884e-013	
536	3.05365e-007	-7.33863e-007	5.05474e-005	4.75445e-010	1.38021e-008	-4.11991e-011	
537	3.06652e-007	-7.35379e-007	5.06718e-005	5.93207e-010	1.39987e-008	-8.32299e-011	
538	3.07846e-007	-7.36875e-007	5.07878e-005	7.11183e-010	1.41948e-008	-1.25602e-010	
539	3.08946e-007	-7.38349e-007	5.08951e-005	8.29355e-010	1.43906e-008	-1.68312e-010	
540	3.0995e-007	-7.39801e-007	5.09938e-005	9.47701e-010	1.45858e-008	-2.11359e-010	
541	3.10858e-007	-7.41232e-007	5.10837e-005	1.0662e-009	1.47805e-008	-2.54741e-010	
542	3.11667e-007	-7.42641e-007	5.11648e-005	1.18484e-009	1.49747e-008	-2.98454e-010	
543	3.12376e-007	-7.44029e-007	5.12369e-005	1.30359e-009	1.51683e-008	-3.42498e-010	
544	3.12985e-007	-7.45395e-007	5.13e-005	1.42243e-009	1.53613e-008	-3.86868e-010	
545	3.13491e-007	-7.46739e-007	5.1354e-005	1.54134e-009	1.55537e-008	-4.31565e-010	
546	3.13894e-007	-7.48062e-007	5.13988e-005	1.66031e-009	1.57454e-008	-4.76583e-010	
547	3.14192e-007	-7.49364e-007	5.14344e-005	1.77931e-009	1.59365e-008	-5.21923e-010	
548	3.14385e-007	-7.50644e-007	5.14607e-005	1.89831e-009	1.61268e-008	-5.6758e-010	
549	3.1447e-007	-7.51902e-007	5.14777e-005	2.01731e-009	1.63164e-008	-6.13552e-010	
550	3.14446e-007	-7.53139e-007	5.14852e-005	2.13627e-009	1.65051e-008	-6.59837e-010	
551	3.14313e-007	-7.54355e-007	5.14833e-005	2.25517e-009	1.66931e-008	-7.06433e-010	
552	3.14069e-007	-7.55549e-007	5.1472e-005	2.374e-009	1.68803e-008	-7.53336e-010	
553	3.13713e-007	-7.56722e-007	5.1451e-005	2.49273e-009	1.70665e-008	-8.00544e-010	
554	3.13243e-007	-7.57873e-007	5.14206e-005	2.61133e-009	1.72519e-008	-8.48055e-010	
555	3.1266e-007	-7.59004e-007	5.13805e-005	2.72979e-009	1.74364e-008	-8.95865e-010	
556	3.1196e-007	-7.60113e-007	5.13307e-005	2.84809e-009	1.76199e-008	-9.43973e-010	
557	3.11144e-007	-7.612e-007	5.12713e-005	2.9662e-009	1.78024e-008	-9.92375e-010	
558	3.10209e-007	-7.62267e-007	5.12023e-005	3.0841e-009	1.79839e-008	-1.04107e-009	
559	3.09156e-007	-7.63313e-007	5.11235e-005	3.20177e-009	1.81644e-008	-1.09005e-009	
560	3.07983e-007	-7.64338e-007	5.10351e-005	3.31918e-009	1.83438e-008	-1.13932e-009	
561	3.06688e-007	-7.65342e-007	5.09369e-005	3.43631e-009	1.85222e-008	-1.18887e-009	
562	3.05272e-007	-7.66326e-007	5.08291e-005	3.55315e-009	1.86994e-008	-1.2387e-009	
563	3.03732e-007	-7.67289e-007	5.07115e-005	3.66966e-009	1.88755e-008	-1.28881e-009	
564	3.02069e-007	-7.68231e-007	5.05842e-005	3.78583e-009	1.90504e-008	-1.3392e-009	
565	3.0028e-007	-7.69153e-007	5.04473e-005	3.90163e-009	1.92242e-008	-1.38986e-009	
566	2.98365e-007	-7.70054e-007	5.03006e-005	4.01705e-009	1.93967e-008	-1.44079e-009	
567	2.96323e-007	-7.70936e-007	5.01443e-005	4.13205e-009	1.9568e-008	-1.49198e-009	
568	2.94154e-007	-7.71797e-007	4.99784e-005	4.24662e-009	1.97381e-008	-1.54344e-009	
569	2.91856e-007	-7.72639e-007	4.98028e-005	4.36073e-009	1.99068e-008	-1.59516e-009	
570	2.89428e-007	-7.7346e-007	4.96177e-005	4.47436e-009	2.00743e-008	-1.64713e-009	
571	2.8687e-007	-7.74262e-007	4.9423e-005	4.58749e-009	2.02404e-008	-1.69936e-009	
572	2.84181e-007	-7.75045e-007	4.92188e-005	4.7001e-009	2.04051e-008	-1.75185e-009	
573	2.8136e-007	-7.75808e-007	4.90051e-005	4.81217e-009	2.05685e-008	-1.80458e-009	
574	2.78407e-007	-7.76552e-007	4.87819e-005	4.92367e-009	2.07305e-008	-1.85756e-009	
575	2.75321e-007	-7.77277e-007	4.85494e-005	5.03458e-009	2.0891e-008	-1.91079e-009	
576	2.72101e-007	-7.77983e-007	4.83076e-005	5.14488e-009	2.10502e-008	-1.96425e-009	
577	2.68746e-007	-7.78671e-007	4.80564e-005	5.25454e-009	2.12078e-008	-2.01795e-009	
578	2.65257e-007	-7.7934e-007	4.77961e-005	5.36356e-009	2.1364e-008	-2.07189e-009	
579	2.61632e-007	-7.7999e-007	4.75265e-005	5.4719e-009	2.15187e-008	-2.12606e-009	
580	2.57871e-007	-7.80623e-007	4.72478e-005	5.57954e-009	2.16718e-008	-2.18046e-009	
581	2.53974e-007	-7.81237e-007	4.69601e-005	5.68647e-009	2.18234e-008	-2.23509e-009	
582	2.4994e-007	-7.81834e-007	4.66634e-005	5.79265e-009	2.19734e-008	-2.28994e-009	
583	2.45769e-007	-7.82413e-007	4.63578e-005	5.89808e-009	2.21219e-008	-2.34502e-009	
584	2.4146e-007	-7.82975e-007	4.60433e-005	6.00273e-009	2.22688e-008	-2.40031e-009	
585	2.37013e-007	-7.8352e-007	4.57201e-005	6.10658e-009	2.2414e-008	-2.45581e-009	
586	2.32428e-007	-7.84047e-007	4.53881e-005	6.20961e-009	2.25576e-008	-2.51153e-009	
587	2.27704e-007	-7.84558e-007	4.50476e-005	6.3118e-009	2.26996e-008	-2.56746e-009	
588	2.22843e-007	-7.85053e-007	4.46984e-005	6.41313e-009	2.28399e-008	-2.6236e-009	
589	2.17842e-007	-7.85531e-007	4.43408e-005	6.51357e-009	2.29785e-008	-2.67994e-009	
590	2.12702e-007	-7.85994e-007	4.39748e-005	6.61312e-009	2.31154e-008	-2.73648e-009	
591	2.07424e-007	-7.8644e-007	4.36005e-005	6.71175e-009	2.32505e-008	-2.79322e-009	
592	2.02007e-007	-7.86871e-007	4.3218e-005	6.80943e-009	2.3384e-008	-2.85016e-009	
593	1.96451e-007	-7.87287e-007	4.28273e-005	6.90616e-009	2.35157e-008	-2.90729e-009	
594	1.90756e-007	-7.87687e-007	4.24285e-005	7.00192e-009	2.36456e-008	-2.96462e-009	
595	1.84922e-007	-7.88073e-007	4.20218e-005	7.09667e-009	2.37738e-008	-3.02213e-009	
596	1.7895e-007	-7.88444e-007	4.16071e-005	7.19042e-009	2.39001e-008	-3.07982e-009	
597	1.72839e-007	-7.88801e-007	4.11847e-005	7.28313e-009	2.40247e-008	-3.1377e-009	
598	1.6659e-007	-7.89144e-007	4.07545e-005	7.37479e-009	2.41474e-008	-3.19576e-009	
599	1.60203e-007	-7.89473e-007	4.03167e-005	7.46538e-009	2.42684e-008	-3.25399e-009	
