0	0	0	0.0225785	-2.70583e-005	-6.15112e-005	0	
1	-9.57998e-019	-0.000199966	0.362752	-0.000761761	-0.000973219	-1.48567e-006	
2	0.00358471	-0.0101955	1.94614	-0.00840751	-0.00532235	-5.6859e-005	
3	0.0902772	-0.220895	2.93713	-0.0480892	-0.0113859	-0.000845746	
4	0.716823	-2.26354	-10.3512	-0.15691	-0.000268341	-0.00577741	
5	1.85312	-12.1669	-49.3292	-0.299679	0.0348671	-0.0195434	
6	-1.5863	-37.61	-71.3889	-0.31374	0.0283029	-0.0334554	
7	-16.4912	-71.3108	-8.73287	-0.11601	-0.0722828	-0.0257458	
8	-29.9604	-85.0669	84.8791	0.0794692	-0.154498	-0.00269643	
9	-13.6778	-63.8059	82.1147	0.0750159	-0.149786	0.00415712	
10	25.4718	-35.3424	38.3694	0.031822	-0.231039	0.00167213	
11	48.2569	-34.3778	77.854	0.0569556	-0.350026	0.00837116	
12	55.1919	-50.5916	103.534	-0.0336109	-0.214307	0.000222864	
13	77.4822	-50.9742	66.0902	-0.165994	-0.0916377	-0.0144496	
14	102.673	-36.0002	121.333	-0.120858	-0.305761	0.0103152	
15	106.753	-31.9274	188.545	-0.0868115	-0.347544	0.03177	
16	118.762	-45.8909	111.094	-0.107557	-0.127117	-0.0122302	
17	153.384	-55.6969	88.3705	0.0552151	-0.257467	-0.0431984	
18	169.749	-40.0136	166.481	0.093351	-0.402393	-0.00600351	
19	167.562	-17.6716	160.184	-0.189719	-0.195756	-0.0010632	
20	182.691	-18.5183	227.048	-0.259642	-0.282268	-0.0294181	
21	207.478	-24.6848	392.35	-0.105031	-0.508881	-0.0033859	
22	236.923	-21.371	372.688	-0.139257	-0.371435	0.0165841	
23	272.614	-31.5438	311.453	-0.179328	-0.383967	-0.00977491	
24	289.31	-41.8672	380.751	-0.169923	-0.522965	-0.0373328	
25	298.878	-26.7556	402.225	-0.276255	-0.424704	-0.0415497	
26	328.847	-17.0226	416.273	-0.278835	-0.479106	0.00752411	
27	364.131	-35.5569	472.404	-0.162747	-0.558427	0.0091558	
28	385.48	-51.3769	482.201	-0.0697104	-0.463859	-0.0790166	
29	399.033	-29.9928	544.304	0.0436642	-0.55765	-0.065275	
30	428.607	15.901	605.511	0.00784629	-0.604601	0.00788562	
31	465.265	31.7924	580.88	-0.165049	-0.543422	-0.0476769	
32	477.1	19.8268	615.968	-0.228904	-0.650815	-0.110881	
33	490.691	39.6842	638.845	-0.302286	-0.620872	-0.0485778	
34	530.045	57.2719	630.808	-0.36597	-0.577038	-0.0027631	
35	552.352	23.2265	739.805	-0.287707	-0.703588	-0.0945035	
36	547.896	14.8843	781.051	-0.268548	-0.658368	-0.1514	
37	569.277	51.7462	728.386	-0.255	-0.665074	-0.0595874	
38	615.272	54.7766	758.417	-0.207414	-0.777248	-0.0608583	
39	624.005	46.3703	774.303	-0.298698	-0.725567	-0.174341	
40	612.398	67.967	822.565	-0.331797	-0.761881	-0.136472	
41	643.843	71.728	924.609	-0.297961	-0.782665	-0.0797109	
42	680.733	57.8836	933.033	-0.350466	-0.733116	-0.161404	
43	677.19	75.1901	944.86	-0.371995	-0.887748	-0.176864	
44	680.123	91.4546	952.948	-0.391818	-0.899435	-0.135335	
45	708.138	74.5158	913.246	-0.336568	-0.804807	-0.178604	
46	721.501	80.2525	927.11	-0.249238	-0.912386	-0.214007	
47	719.252	106.314	931.883	-0.380472	-0.878192	-0.19983	
48	727.966	97.9611	952.633	-0.429378	-0.827298	-0.204144	
49	736.703	96.7862	1009.75	-0.286883	-0.968299	-0.23236	
50	733.204	128.17	1004.38	-0.260965	-0.965025	-0.265828	
51	737.696	144.009	1006.14	-0.272384	-0.910737	-0.271847	
52	744.99	146.004	997.492	-0.338394	-0.963724	-0.248023	
53	742.784	149.619	965.251	-0.555904	-1.00912	-0.272873	
54	740.293	148.89	998.938	-0.673988	-1.01734	-0.328807	
55	729.965	147.755	1002.7	-0.573718	-0.974489	-0.312804	
56	720.977	133.437	985.689	-0.431998	-1.01873	-0.293725	
57	727.184	116.461	1002.9	-0.422271	-1.0857	-0.35856	
58	720.634	128.095	967.083	-0.423163	-1.02641	-0.3847	
59	699.023	144.736	946.168	-0.348739	-1.0705	-0.349454	
60	693.249	145.773	960.207	-0.430503	-1.14132	-0.393988	
61	687.432	152.867	939.963	-0.533796	-1.08666	-0.429698	
62	667.602	158.056	932.27	-0.448381	-1.09065	-0.384543	
63	661.767	146.223	928.764	-0.446463	-1.11056	-0.421083	
64	647.809	145.714	932.321	-0.515184	-1.1407	-0.473979	
65	609.771	160.254	907.598	-0.478819	-1.20088	-0.437696	
66	602.984	152.39	790.384	-0.469303	-1.17149	-0.454591	
67	613.406	138.273	735.263	-0.469206	-1.1658	-0.516673	
68	574.907	156.862	765.426	-0.462689	-1.17683	-0.509966	
69	525.144	168.502	755.535	-0.493411	-1.15568	-0.483514	
70	523.687	140.624	761.387	-0.453371	-1.20559	-0.516919	
71	519.759	132.086	757.103	-0.437756	-1.23075	-0.56968	
72	480.693	164.564	684.918	-0.510105	-1.24329	-0.553003	
73	457.516	165.927	627.637	-0.531727	-1.27936	-0.532071	
74	439.511	125.65	610.767	-0.558398	-1.24519	-0.577947	
75	405.713	120.268	606.053	-0.631369	-1.25119	-0.582404	
76	393.06	135.648	565.167	-0.631763	-1.28832	-0.566944	
77	377.534	98.7142	510.824	-0.518856	-1.28211	-0.62545	
78	334.338	66.509	510.8	-0.385597	-1.31431	-0.630857	
79	309.715	103.012	485.369	-0.332698	-1.33272	-0.577489	
80	304.195	124.209	420.252	-0.326685	-1.3271	-0.631315	
81	280.691	97.0647	382.858	-0.403932	-1.33435	-0.696913	
82	246.725	99.8207	359.977	-0.572807	-1.33347	-0.631289	
83	222.996	115.143	367.671	-0.584616	-1.37018	-0.59114	
84	209.704	83.4215	347.512	-0.451055	-1.38673	-0.677537	
85	188.238	61.9767	271.55	-0.428657	-1.37	-0.712033	
86	153.771	88.7427	243.445	-0.477	-1.3963	-0.639318	
87	140.931	86.2862	212.922	-0.47919	-1.42436	-0.638629	
88	141.973	42.0182	143.808	-0.488136	-1.45374	-0.717286	
89	108.11	37.5604	129.77	-0.499595	-1.44118	-0.709654	
90	72.6692	63.0595	155.272	-0.424237	-1.38837	-0.656276	
91	75.5712	50.6048	163.712	-0.369989	-1.44361	-0.687545	
92	67.1316	23.8623	143.131	-0.471031	-1.5137	-0.720423	
93	38.0862	27.8296	117.979	-0.526838	-1.50342	-0.685417	
94	33.2181	31.3851	95.2726	-0.445996	-1.51932	-0.684483	
95	31.8092	9.00505	30.213	-0.454582	-1.5396	-0.72005	
96	8.46642	-4.24416	-13.5963	-0.532045	-1.51956	-0.703949	
97	-5.02515	-0.201244	31.8632	-0.482436	-1.50997	-0.682546	
98	0.0659416	-9.78041	61.5638	-0.370531	-1.56807	-0.717386	
99	-3.70155	-23.9447	16.2187	-0.316572	-1.6338	-0.7284	
100	-19.4095	-19.336	-26.1035	-0.285263	-1.60651	-0.684811	
101	-16.8085	-2.77121	-26.5655	-0.302054	-1.60907	-0.697402	
102	1.57074	7.58646	-20.4504	-0.433629	-1.66609	-0.744283	
103	-8.42214	-1.82733	-12.2277	-0.539	-1.63455	-0.703816	
104	-25.4305	-17.9748	15.8647	-0.527879	-1.60568	-0.663528	
105	-2.69579	-26.7213	23.4826	-0.525652	-1.66226	-0.712798	
106	10.5609	-40.3597	1.58568	-0.483046	-1.71493	-0.737781	
107	-16.5581	-50.3527	-7.29472	-0.364	-1.70643	-0.705895	
108	-12.4701	-42.3198	0.94134	-0.356647	-1.69365	-0.696308	
109	28.2715	-34.1307	17.706	-0.429019	-1.77906	-0.709183	
110	29.6309	-39.0536	13.3582	-0.47638	-1.84477	-0.70997	
111	18.1817	-53.7404	19.9704	-0.490953	-1.80316	-0.697391	
112	54.2714	-58.7788	107.526	-0.393637	-1.83043	-0.693529	
113	91.5846	-40.8466	162.675	-0.352819	-1.897	-0.692229	
114	96.845	-37.424	120.236	-0.491638	-1.86031	-0.685854	
115	109.182	-56.9923	111.888	-0.532812	-1.80786	-0.714911	
116	134.605	-47.751	150.762	-0.462354	-1.8343	-0.732837	
117	141.943	-32.2579	167.372	-0.47454	-1.88592	-0.689052	
118	139.954	-59.4411	178.899	-0.455787	-1.85384	-0.70097	
119	155.954	-66.6897	222.617	-0.35696	-1.85706	-0.754911	
120	179.789	-19.6058	274.522	-0.353846	-2.03495	-0.710658	
121	201.882	-2.00487	271.696	-0.451406	-2.12693	-0.670911	
122	233.363	-28.8806	269.028	-0.503953	-2.06465	-0.714918	
123	273.391	-26.5596	332.207	-0.528415	-2.09577	-0.720814	
124	305.446	-3.01612	381.945	-0.618899	-2.12177	-0.68968	
125	325.758	-11.2635	407.606	-0.683969	-2.03552	-0.698729	
126	350.256	-33.1	469.081	-0.623679	-2.02021	-0.728573	
127	372.886	-30.2195	506.78	-0.536612	-2.10075	-0.743058	
128	384.873	-18.6031	479.665	-0.480014	-2.12371	-0.740887	
129	402.363	-23.2152	467.843	-0.431895	-2.06887	-0.741307	
130	425.34	-15.6649	518.952	-0.487262	-2.09218	-0.764362	
131	436.5	18.979	595.47	-0.638339	-2.21866	-0.772893	
132	443.65	28.0353	665.869	-0.642848	-2.26696	-0.735806	
133	480.783	3.9682	711.813	-0.511135	-2.25297	-0.742075	
134	529.243	13.5581	717.59	-0.535049	-2.3239	-0.787374	
135	540.145	51.7979	726.448	-0.629255	-2.38946	-0.76193	
136	549.834	50.6283	732.885	-0.607335	-2.35524	-0.745099	
137	598.777	31.8863	710.395	-0.645417	-2.32061	-0.80531	
138	634.395	53.9721	731.887	-0.743513	-2.32897	-0.831525	
139	628.3	74.0988	780.307	-0.694705	-2.32324	-0.798127	
140	636.248	50.2687	821.435	-0.589033	-2.30519	-0.806291	
141	661.732	45.6063	897.307	-0.619959	-2.33039	-0.864829	
142	658.158	89.0571	950.138	-0.680779	-2.39338	-0.875516	
143	663.181	110.346	924.06	-0.702338	-2.4327	-0.839374	
144	692.616	85.4202	892.869	-0.824756	-2.44911	-0.839605	
145	692.707	73.7767	930.534	-0.896753	-2.47448	-0.899191	
146	687.673	90.0548	974.632	-0.769193	-2.50803	-0.917228	
147	712.087	89.1032	977.149	-0.676909	-2.54193	-0.858282	
148	732.905	76.2629	986.582	-0.699748	-2.54453	-0.904626	
149	736.826	97.6367	1001.95	-0.664178	-2.56365	-0.985854	
150	741.486	136.202	981.387	-0.622981	-2.64215	-0.927888	
151	749.291	136.582	951.569	-0.697903	-2.60706	-0.912725	
152	749.746	123.54	992.534	-0.779191	-2.49498	-0.995409	
153	744.168	146.796	1030.03	-0.837008	-2.5666	-1.01634	
154	741.473	159.083	984.717	-0.898763	-2.65754	-0.974993	
155	743.905	134.187	977.011	-0.886631	-2.59315	-0.995111	
156	736.663	133.326	1017.88	-0.803081	-2.60345	-1.07162	
157	718.162	157.415	984.987	-0.769032	-2.68302	-1.06055	
158	710.36	151.446	926.045	-0.871247	-2.64401	-1.00533	
159	703.297	127.756	961.009	-0.945757	-2.62161	-1.06753	
160	684.301	139.66	984.688	-0.881791	-2.72771	-1.15701	
161	666.3	162.011	925.996	-0.811461	-2.76036	-1.09205	
162	656.571	137.871	935.644	-0.73285	-2.70603	-1.04905	
163	655.491	123.586	964.034	-0.689074	-2.80443	-1.17163	
164	650.25	167.489	885.838	-0.822009	-2.88287	-1.18839	
165	631.965	185.517	836.786	-0.968823	-2.75047	-1.09146	
166	615.472	151.539	864.51	-0.971865	-2.73785	-1.14385	
167	606.648	140.093	814.844	-0.944884	-2.82923	-1.23203	
168	582.151	148.202	734.52	-0.873549	-2.74837	-1.1979	
169	538.604	131.936	758.17	-0.734163	-2.73101	-1.18544	
170	512.886	125.686	756.43	-0.729331	-2.85089	-1.24292	
171	511.131	157.102	673.041	-0.828815	-2.87041	-1.26648	
172	493.569	169.501	656.937	-0.852728	-2.8485	-1.24027	
173	457.026	143.302	678.484	-0.909428	-2.85328	-1.24162	
174	432.889	136.803	655.189	-0.997042	-2.83714	-1.2887	
175	411.681	145.679	629.843	-0.948753	-2.83751	-1.27937	
176	380.466	117.731	590.483	-0.886635	-2.88562	-1.26051	
177	355.038	88.6512	501.089	-0.885054	-2.97255	-1.31714	
178	335.01	109.121	428.688	-0.825918	-3.00073	-1.33341	
179	316.674	124.985	447.283	-0.779866	-2.9566	-1.30069	
180	300.601	95.778	465.577	-0.81806	-2.96226	-1.31768	
181	281.656	82.5736	406.453	-0.839171	-2.97137	-1.34391	
182	266.063	106.416	370.759	-0.807555	-2.94261	-1.34115	
183	247.295	108.154	352.828	-0.828197	-2.93711	-1.35119	
184	208.445	81.9511	300.077	-0.890133	-2.9479	-1.36413	
185	170.082	74.6925	290.076	-0.849611	-3.00068	-1.36995	
186	153.573	83.35	275.195	-0.831521	-3.04459	-1.38307	
187	143.762	71.857	189.932	-0.947404	-3.01291	-1.36752	
188	128.347	45.2181	154.148	-0.955538	-3.02143	-1.3572	
189	108.337	36.5023	191.24	-0.799228	-3.08064	-1.38964	
190	88.509	40.8801	174.576	-0.695674	-3.07308	-1.39096	
191	70.9642	34.8077	119.665	-0.694373	-3.03421	-1.39493	
192	50.2769	38.6407	121.313	-0.73027	-3.08128	-1.43152	
193	35.0242	56.0034	103.155	-0.850977	-3.1684	-1.39816	
194	32.7214	37.801	45.5467	-0.957361	-3.16002	-1.35669	
195	26.5185	0.51522	59.6498	-0.880163	-3.13439	-1.40079	
196	12.7355	5.66876	71.4852	-0.823173	-3.17088	-1.42315	
197	8.45541	19.8735	17.8195	-0.863695	-3.1681	-1.3865	
198	8.36762	-5.85645	0.4798	-0.784088	-3.18181	-1.39542	
199	-3.97681	-29.4276	10.852	-0.696556	-3.25258	-1.42601	
200	-11.948	-18.2283	-34.2796	-0.784593	-3.22306	-1.40013	
201	-3.09408	-8.56247	-66.1906	-0.851266	-3.13661	-1.40111	
202	-6.78933	-16.4071	2.33348	-0.773285	-3.16916	-1.43688	
203	-27.6737	-17.0522	62.2075	-0.757577	-3.26615	-1.41118	
204	-30.0276	-18.2856	40.9818	-0.805162	-3.29464	-1.39466	
205	-14.0521	-35.3858	12.2901	-0.796031	-3.32427	-1.41317	
206	-7.2704	-41.8663	-13.0376	-0.840152	-3.39271	-1.39631	
207	-0.926281	-30.0755	-37.3987	-0.881919	-3.35551	-1.3924	
208	18.8279	-30.6645	-13.269	-0.819872	-3.30349	-1.4091	
209	27.1596	-47.7201	38.4857	-0.793042	-3.36687	-1.40702	
210	19.4466	-57.7518	55.4915	-0.781324	-3.37926	-1.39737	
211	32.3421	-54.6238	58.4135	-0.682548	-3.38917	-1.40979	
212	55.6324	-38.0684	70.6979	-0.662223	-3.49958	-1.43619	
213	62.0892	-14.9288	69.9952	-0.821864	-3.49751	-1.39768	
214	86.7352	-22.0916	94.4382	-0.959363	-3.42532	-1.36766	
215	124.075	-52.9177	149.15	-0.949347	-3.48025	-1.41485	
216	127.977	-50.3732	161.724	-0.918497	-3.53629	-1.40423	
217	128.635	-37.3571	162.674	-0.910772	-3.50897	-1.36521	
218	155.855	-62.361	208.145	-0.825446	-3.5126	-1.42128	
219	180.367	-75.6905	237.091	-0.724427	-3.56558	-1.46262	
220	194.871	-43.6174	231.527	-0.766004	-3.56531	-1.39124	
221	217.098	-19.2299	259.806	-0.86496	-3.54047	-1.36594	
222	235.597	-27.8186	329.654	-0.836103	-3.6237	-1.44972	
223	244.042	-33.1574	372.907	-0.800118	-3.7104	-1.45525	
224	268.092	-19.6948	383.568	-0.886573	-3.70955	-1.38068	
225	312.279	-13.8783	418.829	-0.926729	-3.76228	-1.38536	
226	354.478	-11.9563	440.974	-0.921535	-3.79268	-1.43272	
227	375.559	4.49387	426.331	-0.996338	-3.70656	-1.42364	
228	386.111	-0.867426	457.839	-0.983254	-3.70636	-1.41271	
229	413.521	-31.4232	517.02	-0.859475	-3.78626	-1.45646	
230	437.156	-19.8558	540.416	-0.881405	-3.74984	-1.4768	
231	440.341	26.2399	593.505	-0.978121	-3.70622	-1.44748	
232	463.111	31.1822	673.343	-0.945546	-3.82865	-1.44475	
233	501.121	8.07974	689.217	-0.897397	-3.93633	-1.47038	
234	512.515	21.7577	668.895	-0.970687	-3.87547	-1.47171	
235	523.554	47.0302	681.708	-1.07046	-3.88783	-1.45662	
236	562.795	34.285	728.3	-1.09585	-4.02247	-1.4784	
237	591.697	21.2738	769.247	-1.1202	-3.99933	-1.49809	
238	602.4	36.2833	811.002	-1.08517	-3.91186	-1.47406	
239	629.879	44.5677	851.182	-0.902173	-3.96396	-1.51552	
240	652.712	44.3061	842.702	-0.822165	-3.98238	-1.57284	
241	649.99	62.2976	839.83	-0.957465	-3.92323	-1.53429	
242	654.019	91.2074	882.921	-1.04801	-3.97194	-1.53595	
243	668.569	105.85	909.996	-1.04851	-4.07833	-1.58313	
244	682.639	101.707	910.098	-1.16236	-4.09826	-1.56529	
245	694.066	97.8829	931.861	-1.23564	-4.10434	-1.53634	
246	704.419	102.977	970.358	-1.10365	-4.1632	-1.57479	
247	723.416	102.097	967.273	-1.08068	-4.18537	-1.64289	
248	730.741	98.2517	947.814	-1.20473	-4.16741	-1.61442	
249	737.298	109.077	960.48	-1.19913	-4.17028	-1.57545	
250	765.2	117.25	977.641	-1.1416	-4.16315	-1.6586	
251	762.105	108.322	1001.82	-1.13475	-4.14141	-1.70722	
252	730.421	109.573	1038.6	-1.08509	-4.13919	-1.66899	
253	733.845	129.361	1040.99	-1.06036	-4.15325	-1.67896	
254	742.569	140.023	1007.6	-1.16343	-4.18732	-1.71735	
255	723.599	138.261	979.277	-1.25687	-4.25185	-1.71209	
256	716.733	145.467	975.716	-1.23988	-4.31527	-1.71312	
257	709.754	150.882	993.787	-1.202	-4.31222	-1.75048	
258	691.467	136.007	995.289	-1.19127	-4.28441	-1.75653	
259	702.813	127.953	969.761	-1.16639	-4.35031	-1.75149	
260	711.682	148.415	950.876	-1.10866	-4.41415	-1.80451	
261	686.444	173.23	923.624	-1.10514	-4.37267	-1.81621	
262	676.465	175.798	880.228	-1.18767	-4.36164	-1.77438	
263	684.167	160.841	858.97	-1.24683	-4.35427	-1.82523	
264	666.113	159.331	866.257	-1.31894	-4.28105	-1.89368	
265	627.621	169.877	892.348	-1.41829	-4.31516	-1.85932	
266	597.704	151.742	898.022	-1.35948	-4.39758	-1.83302	
267	581.801	123.713	843.521	-1.21099	-4.37092	-1.89759	
268	558.451	132.544	786.627	-1.18243	-4.38411	-1.93352	
269	528.608	147.589	742.994	-1.22276	-4.4494	-1.89435	
270	517.617	132.489	699.856	-1.2316	-4.44753	-1.90488	
271	504.808	120.079	715.206	-1.22622	-4.48729	-1.9527	
272	476.958	134.786	726.557	-1.19722	-4.56245	-1.96067	
273	459.244	144.968	671.073	-1.11295	-4.51286	-1.94908	
274	443.679	135.775	631.364	-1.11358	-4.44918	-1.94676	
275	420.962	138.879	619.065	-1.24119	-4.52827	-1.98161	
276	398.656	152.029	555.837	-1.29567	-4.58815	-2.00242	
277	374.308	135.391	465.056	-1.28451	-4.51236	-1.98748	
278	354.645	107.5	441.668	-1.30971	-4.47821	-2.01593	
279	331.642	112.143	453.132	-1.30614	-4.53068	-2.0494	
280	291.499	117.432	436.435	-1.22501	-4.52801	-2.03206	
281	259.695	92.6655	405.548	-1.15154	-4.50545	-2.02756	
282	247.572	82.1923	376.336	-1.19811	-4.55652	-2.0415	
283	229.579	98.7478	354.588	-1.26937	-4.63359	-2.03692	
284	199.582	95.0016	321.243	-1.25163	-4.6602	-2.05837	
285	172.003	67.1251	285.547	-1.25067	-4.6299	-2.09726	
286	152.923	57.6901	276.564	-1.27186	-4.61355	-2.0729	
287	138.825	64.0659	264.158	-1.22248	-4.65205	-2.02082	
288	126.025	45.9713	205.751	-1.18129	-4.70326	-2.06041	
289	110.238	23.2332	150.404	-1.16705	-4.73524	-2.1431	
290	97.0401	41.3204	136.619	-1.11175	-4.7253	-2.10628	
291	91.2239	62.1478	102.094	-1.07546	-4.66939	-2.04144	
292	73.7812	41.5013	72.8269	-1.12649	-4.65188	-2.09318	
293	48.3248	28.3645	89.4984	-1.21733	-4.70717	-2.13721	
294	32.5138	44.5109	93.4689	-1.22536	-4.73963	-2.0957	
295	17.919	33.8029	67.2904	-1.18576	-4.71787	-2.07846	
296	2.05385	7.16306	34.991	-1.21996	-4.71441	-2.12475	
297	-8.15539	14.6924	24.1918	-1.25797	-4.78061	-2.11796	
298	-6.61712	19.6065	15.1197	-1.27316	-4.86636	-2.08226	
299	-9.1365	-15.9283	-18.1003	-1.29349	-4.86778	-2.11551	
300	-19.9111	-46.1557	-10.4821	-1.19761	-4.83443	-2.09989	
301	-9.96226	-30.7975	16.6923	-1.05048	-4.86605	-2.0748	
302	-2.97052	-11.9581	-4.58839	-1.07082	-4.88464	-2.12734	
303	-16.4609	-30.403	-2.30262	-1.14841	-4.84339	-2.12182	
304	-13.613	-37.0192	22.3081	-1.14096	-4.85989	-2.09919	
305	-0.318296	-11.2662	8.5121	-1.18096	-4.96426	-2.11116	
306	-4.69217	-21.5819	-6.4841	-1.25816	-4.99655	-2.09951	
307	-10.0217	-63.1438	2.40957	-1.2125	-4.91182	-2.11489	
308	14.44	-52.2715	23.0971	-1.13034	-4.91136	-2.1259	
309	37.7677	-11.8926	16.2666	-1.1569	-5.00817	-2.08606	
310	25.293	-33.0552	14.9223	-1.15409	-4.99753	-2.06783	
311	29.6396	-73.3582	50.5006	-1.10388	-4.97234	-2.11546	
312	60.3056	-44.1501	54.8442	-1.1595	-5.06565	-2.1579	
313	58.1738	-5.62762	63.8274	-1.20397	-5.09925	-2.10598	
314	54.404	-30.4602	119.051	-1.21568	-5.07199	-2.05021	
315	98.4845	-56.3976	174.128	-1.25974	-5.14	-2.09289	
316	139.399	-38.1593	180.462	-1.23661	-5.19239	-2.14149	
317	145.582	-33.867	152.205	-1.23089	-5.14035	-2.09926	
318	162.286	-58.4611	183.975	-1.28822	-5.12837	-2.07334	
319	184.725	-54.1713	228.521	-1.29416	-5.20028	-2.1347	
320	186.283	-34.9031	233.994	-1.25072	-5.206	-2.10569	
321	214.385	-51.2414	275.159	-1.20143	-5.17424	-2.05506	
322	260.693	-63.2325	323.188	-1.15869	-5.26342	-2.15914	
323	264.306	-34.7174	353.472	-1.11312	-5.31617	-2.17229	
324	267.743	-14.5223	389.099	-1.11846	-5.22482	-2.05494	
325	314.524	-17.3826	412.646	-1.21806	-5.23565	-2.10695	
326	349.842	1.15311	435.606	-1.35715	-5.35439	-2.20572	
327	345.565	21.6376	471.173	-1.45359	-5.38872	-2.09446	
328	356.242	-9.52142	510.358	-1.39388	-5.41139	-2.02981	
329	400.479	-38.8317	520.472	-1.24582	-5.4584	-2.18982	
330	433.404	-2.19956	509.095	-1.21158	-5.41639	-2.22628	
331	458.812	27.4291	549.049	-1.26028	-5.38435	-2.07891	
332	498.237	10.2656	616.838	-1.28498	-5.47846	-2.104	
333	514.557	23.7416	650.042	-1.35506	-5.5245	-2.24059	
334	506.956	49.6101	698.527	-1.4489	-5.44738	-2.18975	
335	530.48	23.4904	771.515	-1.41013	-5.45339	-2.11026	
336	570.123	16.9923	773.95	-1.39328	-5.53299	-2.20422	
337	578.798	54.1586	734.313	-1.52221	-5.53313	-2.23593	
338	585.85	47.2465	780.331	-1.46059	-5.58903	-2.15583	
339	619.46	18.0287	834.962	-1.26095	-5.68274	-2.2055	
340	640.43	34.5181	806.544	-1.34648	-5.6114	-2.26366	
341	645.415	67.8514	844.093	-1.47213	-5.58385	-2.20883	
342	676.025	78.7883	929.838	-1.33813	-5.6902	-2.23607	
343	694.722	78.9782	924.56	-1.29359	-5.64623	-2.29334	
344	674.835	94.9984	930.362	-1.43163	-5.57791	-2.25241	
345	683.408	115.332	964.885	-1.44553	-5.72094	-2.25519	
346	714.912	112.712	934.066	-1.43348	-5.81039	-2.33183	
347	712.565	106.71	912.427	-1.58208	-5.73829	-2.3285	
348	712.629	122.104	959.64	-1.67399	-5.78611	-2.262	
349	751.836	130.392	998.338	-1.60214	-5.88259	-2.29497	
350	770.007	106.127	978.657	-1.53104	-5.81165	-2.37205	
351	741.194	93.4455	963.264	-1.50041	-5.749	-2.36262	
352	737.711	118.651	989.768	-1.44717	-5.76611	-2.36539	
353	758.298	134.759	1006.31	-1.46131	-5.7439	-2.41843	
354	739.539	130.482	1012.65	-1.60489	-5.78088	-2.40795	
355	712.697	133.181	1054.16	-1.64882	-5.90216	-2.3934	
356	717.104	136.861	1065.51	-1.55478	-5.93092	-2.46996	
357	715.593	135.134	1002.53	-1.53397	-5.8662	-2.46586	
358	699.188	137.808	958.434	-1.53088	-5.87255	-2.3753	
359	702.23	144.674	935.323	-1.5186	-5.9734	-2.44736	
360	704.287	149.796	901.479	-1.5715	-6.03608	-2.54306	
361	678.24	154.193	899.462	-1.58663	-6.02247	-2.4909	
362	662.679	158.265	917.336	-1.52372	-6.01052	-2.48389	
363	675.783	161.199	927.072	-1.48004	-5.99214	-2.56278	
364	673.412	167.131	899.069	-1.551	-5.94083	-2.58147	
365	636.545	172.738	856.277	-1.68012	-5.91127	-2.5281	
366	611.394	175.013	848.677	-1.71427	-5.93808	-2.54659	
367	599.422	169.08	823.974	-1.71442	-6.01029	-2.62875	
368	551.659	142.759	772.911	-1.75379	-6.03947	-2.60944	
369	510.607	117.487	740.154	-1.71155	-6.00241	-2.5705	
370	521.473	120.141	723.015	-1.6208	-6.05822	-2.6258	
371	513.887	129.514	721.862	-1.58287	-6.16993	-2.65748	
372	462.73	125.455	716.949	-1.51268	-6.14608	-2.62373	
373	444.548	119.937	688.252	-1.43165	-6.08771	-2.63894	
374	458.905	127.945	645.044	-1.4781	-6.13943	-2.70401	
375	436.016	145.118	591.702	-1.60072	-6.18394	-2.70676	
376	393.494	144.363	553.142	-1.67692	-6.12334	-2.65693	
377	378.841	123.001	535.241	-1.68111	-6.07428	-2.67354	
378	359.448	117.284	496.028	-1.62696	-6.12251	-2.75777	
379	305.996	126.231	423.769	-1.58049	-6.14983	-2.74143	
380	271.916	112.814	372.527	-1.57786	-6.12372	-2.67934	
381	273.54	93.1426	378.649	-1.57709	-6.18374	-2.75263	
382	252.248	99.9488	375.13	-1.58371	-6.28621	-2.77691	
383	223.311	103.803	333.422	-1.6203	-6.26306	-2.71239	
384	213.545	89.3528	318.426	-1.66163	-6.1899	-2.75895	
385	182.181	83.8779	321.411	-1.63242	-6.22636	-2.79057	
386	151.913	72.8031	294.437	-1.56255	-6.27581	-2.74366	
387	153.043	48.8172	228.399	-1.63395	-6.23603	-2.74988	
388	139.008	45.1757	174.832	-1.74944	-6.25376	-2.79458	
389	103.889	45.2105	175.888	-1.65667	-6.35688	-2.81348	
390	85.8091	24.5285	149.213	-1.50426	-6.34339	-2.78028	
391	78.8918	10.5922	111.502	-1.44424	-6.22858	-2.77984	
392	55.9651	18.9754	142.311	-1.36397	-6.24355	-2.8291	
393	31.9323	37.9723	127.734	-1.37933	-6.36526	-2.79352	
394	30.3652	45.6829	37.686	-1.54618	-6.39865	-2.76391	
395	22.803	36.4627	8.67285	-1.59051	-6.40853	-2.82107	
396	6.24474	35.8347	41.5932	-1.56716	-6.45868	-2.82198	
397	10.3201	34.0474	40.9538	-1.68738	-6.39756	-2.77787	
398	7.40172	5.5156	8.84186	-1.73074	-6.3443	-2.78741	
399	-11.8071	-20.3891	3.9256	-1.58337	-6.47742	-2.82138	
400	-11.7632	-19.6695	-0.939554	-1.49994	-6.54346	-2.80996	
401	-1.30657	-16.9764	-41.3019	-1.53034	-6.43375	-2.79098	
402	-4.42283	-25.4801	-53.8861	-1.55476	-6.40532	-2.81932	
403	-8.89709	-26.6844	-15.2312	-1.5666	-6.46821	-2.82014	
404	-4.89329	-27.5034	29.0827	-1.54927	-6.4615	-2.81248	
405	-18.8053	-44.9014	56.6265	-1.53065	-6.4614	-2.84625	
406	-44.7978	-48.0375	61.685	-1.55315	-6.5701	-2.79689	
407	-24.5526	-34.3046	41.421	-1.56116	-6.67017	-2.72598	
408	24.3755	-44.0812	6.45088	-1.54931	-6.64166	-2.80998	
409	30.3517	-50.7485	-5.46598	-1.52639	-6.59267	-2.86725	
410	20.2456	-32.1238	4.77476	-1.5111	-6.65724	-2.77264	
411	48.8369	-45.1066	29.271	-1.50005	-6.72183	-2.76266	
412	71.9472	-72.0136	67.7314	-1.42933	-6.66266	-2.85294	
413	59.0472	-37.3196	67.7295	-1.4437	-6.61958	-2.82247	
414	77.9079	8.27785	87.8141	-1.58213	-6.69004	-2.7571	
415	131.73	-8.17813	154.455	-1.63612	-6.73839	-2.80919	
416	139.675	-41.5336	165.23	-1.66365	-6.71126	-2.84216	
417	122.375	-44.305	166.206	-1.73237	-6.7172	-2.80082	
418	144.262	-39.4015	189.584	-1.75046	-6.7807	-2.78428	
419	175.005	-53.0185	210.134	-1.70951	-6.80349	-2.8061	
420	183.014	-66.11	263.156	-1.59752	-6.77947	-2.81639	
421	208.009	-58.4949	310.402	-1.50277	-6.8217	-2.79279	
422	250.91	-53.7814	328.787	-1.50012	-6.90519	-2.80385	
423	259.914	-50.2055	341.657	-1.51978	-6.92416	-2.83534	
424	263.18	-18.9612	377.053	-1.54227	-6.92658	-2.82959	
425	305.624	2.29983	427.795	-1.57733	-6.96154	-2.82219	
426	346.062	-15.5083	446.922	-1.66021	-6.99292	-2.7976	
427	364.894	-14.714	470.615	-1.74204	-7.01731	-2.78955	
428	396.981	11.6453	502.913	-1.68984	-7.01458	-2.84072	
429	434.287	4.89621	495.213	-1.61884	-6.98186	-2.87629	
430	437.925	-10.5317	486.058	-1.68187	-6.97262	-2.86026	
431	438.52	11.9841	538.532	-1.73948	-6.98414	-2.83444	
432	475.993	32.923	624.449	-1.71356	-7.02073	-2.85209	
433	501.795	22.4492	677.514	-1.70985	-7.09873	-2.87188	
434	501.778	17.6296	707.611	-1.72246	-7.1358	-2.86127	
435	527.524	32.9064	739.336	-1.71839	-7.09744	-2.88148	
436	561.255	42.3035	761.554	-1.77422	-7.10892	-2.89728	
437	567.321	41.6479	773.567	-1.89486	-7.22426	-2.88101	
438	585.105	40.1886	798.16	-1.93286	-7.29027	-2.89142	
439	627.063	38.7494	838.366	-1.8087	-7.26382	-2.89385	
440	646.361	33.7976	860.265	-1.64544	-7.26042	-2.89367	
441	651.028	33.4613	843.584	-1.62675	-7.24431	-2.96111	
442	674.452	64.1805	838.263	-1.70698	-7.21263	-2.99228	
443	693.09	104.306	893.694	-1.71611	-7.26239	-2.94839	
444	691.169	108.233	934.187	-1.76974	-7.32856	-2.94743	
445	702.353	105.891	934.208	-1.90468	-7.33816	-2.98489	
446	725.187	120.729	955.695	-1.93482	-7.32054	-3.00929	
447	722.908	111.904	982.602	-1.91389	-7.315	-2.99778	
448	718.119	96.6795	995.579	-1.9221	-7.33621	-3.00026	
449	730.478	118.977	969.348	-1.93769	-7.35935	-3.048	
450	730.999	131.578	943.358	-1.94106	-7.40612	-3.04075	
451	726.263	105.625	976.448	-1.90098	-7.46483	-3.03058	
452	730.853	99.4552	993.116	-1.8747	-7.45661	-3.0957	
453	731.841	127.967	1012.21	-1.8589	-7.44501	-3.10507	
454	733.056	143.036	1053.29	-1.85117	-7.5165	-3.0609	
455	742.994	134.815	1038.2	-1.91343	-7.56909	-3.10807	
456	746.733	136.857	1000.4	-1.97144	-7.51692	-3.16926	
457	733.98	150.25	975.277	-1.96876	-7.4746	-3.12832	
458	724.626	146.43	963.167	-1.97091	-7.51139	-3.12315	
459	717.721	136.491	952.373	-2.00156	-7.50001	-3.21029	
460	688.592	140.121	935.525	-1.95809	-7.46474	-3.21739	
461	666.298	144.531	933.045	-1.86022	-7.56957	-3.16822	
462	667.543	150.856	915.673	-1.85923	-7.68141	-3.2048	
463	654.792	166.626	889.677	-1.88417	-7.61584	-3.25747	
464	635.913	174.412	870.287	-1.92789	-7.5386	-3.25434	
465	629.311	164.094	858.867	-2.04982	-7.60382	-3.23619	
466	616.278	156.084	864.922	-2.10738	-7.67733	-3.25402	
467	590.03	162.877	844.006	-2.10061	-7.67544	-3.29838	
468	561.521	158.782	807.463	-2.04519	-7.66204	-3.30607	
469	542.191	132.372	775.497	-1.95044	-7.63112	-3.30369	
470	529.469	115.66	725.009	-1.9528	-7.6253	-3.3205	
471	511.572	127.682	685.172	-1.97304	-7.7011	-3.33495	
472	478.698	146.147	659.859	-1.95109	-7.73902	-3.35988	
473	441.437	143.921	638.386	-1.95352	-7.73313	-3.36239	
474	428.404	127.051	627.157	-1.95086	-7.77818	-3.34943	
475	433.117	121.382	607.567	-1.96139	-7.79276	-3.38749	
476	417.511	129.507	581.115	-1.98895	-7.74882	-3.41017	
477	377.929	131.668	556.105	-1.99515	-7.72015	-3.3853	
478	348.623	122.768	516.13	-1.99062	-7.71769	-3.40173	
479	325.045	111.924	446.323	-2.00214	-7.72676	-3.4366	
480	282.641	100.945	390.587	-2.02799	-7.72448	-3.44846	
481	244.229	93.4697	381.759	-1.99761	-7.75562	-3.44274	
482	225.925	90.8978	369.742	-1.89395	-7.85219	-3.42282	
483	218.773	88.2258	343.058	-1.83692	-7.94129	-3.45133	
484	209.454	93.4323	313.555	-1.89946	-7.97218	-3.46797	
485	189.129	100.678	267.179	-1.98281	-7.90911	-3.42633	
486	178.729	86.8295	233.725	-2.0413	-7.82469	-3.46101	
487	172.066	63.476	245.072	-2.0906	-7.83845	-3.49539	
488	140.757	52.4279	249.187	-2.0798	-7.87524	-3.45014	
489	98.6252	42.2275	196.291	-2.02543	-7.89295	-3.5012	
490	72.4965	26.4255	136.017	-1.90887	-7.91511	-3.56102	
491	73.9147	19.8442	98.2107	-1.77847	-7.89255	-3.48085	
492	72.567	25.6504	65.971	-1.81624	-7.88459	-3.46183	
493	40.0269	34.9045	61.7775	-1.93401	-7.93611	-3.52072	
494	20.1506	33.2155	94.1823	-1.95949	-7.98069	-3.48701	
495	21.1365	16.3158	107.942	-1.94009	-8.02175	-3.45954	
496	-2.7291	11.3014	71.6013	-1.925	-8.06989	-3.51362	
497	-23.4241	21.3539	34.1647	-1.91045	-8.08624	-3.53716	
498	-2.55362	10.0065	19.1962	-1.90197	-8.06387	-3.49139	
499	19.7385	-13.2904	-17.7249	-1.93042	-8.05492	-3.45808	
500	10.1117	-11.7663	-61.8137	-2.00084	-8.09774	-3.51285	
501	-2.47825	-6.09174	-38.855	-1.98251	-8.09988	-3.57517	
502	-3.47701	-21.4872	5.45448	-1.8736	-8.01767	-3.52431	
503	-11.8043	-28.0874	-0.414526	-1.87236	-8.00449	-3.4568	
504	-16.3092	-20.8706	-6.22208	-1.95088	-8.09639	-3.50306	
505	-19.2331	-32.0624	17.9181	-1.92603	-8.15802	-3.54535	
506	-32.2411	-39.0201	27.9012	-1.86834	-8.18522	-3.49202	
507	-21.1252	-23.9071	2.06254	-1.96004	-8.22659	-3.47631	
508	10.4421	-36.8593	12.0534	-2.04493	-8.2287	-3.53078	
509	25.778	-66.9258	59.9665	-1.9488	-8.22533	-3.52064	
510	34.4923	-56.5019	58.8302	-1.89633	-8.30325	-3.45345	
511	47.8407	-42.188	42.6719	-1.92288	-8.3396	-3.48164	
512	58.3109	-54.7302	45.4801	-1.83522	-8.26997	-3.54636	
513	72.1047	-47.0432	54.6739	-1.77463	-8.26279	-3.49561	
514	92.3067	-29.5614	74.8336	-1.89917	-8.29349	-3.47343	
515	113.226	-38.5525	126.074	-2.00116	-8.27699	-3.56172	
516	126.567	-35.6177	209.315	-1.95212	-8.33961	-3.55375	
517	122.188	-18.8251	223.384	-1.96511	-8.42602	-3.44832	
518	132.026	-37.9808	182.826	-2.05178	-8.39686	-3.47326	
519	177.576	-52.6039	187.646	-2.04347	-8.3817	-3.54785	
520	211.283	-24.4411	213.739	-2.02265	-8.44441	-3.48023	
521	220.133	-26.7293	262.41	-2.03186	-8.4602	-3.47152	
522	228.917	-66.039	338.932	-1.98666	-8.47149	-3.56563	
523	247.571	-58.6409	377.964	-1.9263	-8.57125	-3.52356	
524	285.594	-21.1665	369.391	-1.92621	-8.61059	-3.45895	
525	321.29	-15.7651	396.41	-1.93487	-8.53342	-3.52626	
526	344.676	-17.8191	467.452	-1.94476	-8.52702	-3.58279	
527	374.772	-1.28632	478.51	-2.06969	-8.58556	-3.51522	
528	394.662	0.555681	475.269	-2.16777	-8.57759	-3.46604	
529	397.216	-14.3288	527.329	-2.09728	-8.58141	-3.57579	
530	411.363	-6.58913	548.131	-2.05946	-8.66006	-3.62572	
531	444.827	9.49979	565.095	-2.05985	-8.69457	-3.497	
532	480.874	6.69901	634.116	-1.98889	-8.67097	-3.48173	
533	503.834	13.9741	672.136	-1.98013	-8.72078	-3.59695	
534	516.799	33.3834	656.839	-2.04713	-8.78143	-3.60288	
535	536.155	44.4056	670.398	-2.09103	-8.72876	-3.58154	
536	558.53	56.6677	746.214	-2.16036	-8.70327	-3.57909	
537	576.63	53.8427	803.15	-2.27127	-8.80092	-3.5541	
538	600.144	36.2661	823.227	-2.28046	-8.88491	-3.61039	
539	623.07	44.2817	850.507	-2.17148	-8.87934	-3.64561	
540	636.441	58.5838	835.725	-2.11914	-8.84275	-3.60391	
541	657.597	52.8236	808.871	-2.12866	-8.8295	-3.62624	
542	680.887	61.6276	850.242	-2.14039	-8.84295	-3.65565	
543	679.92	79.829	904.822	-2.19139	-8.87536	-3.65064	
544	676.493	74.8806	938.08	-2.19323	-8.91207	-3.68164	
545	697.08	83.1071	978.219	-2.12092	-8.94935	-3.69763	
546	712.983	115.348	992.237	-2.13321	-8.99795	-3.67182	
547	708.392	115.94	962.734	-2.23628	-8.98499	-3.68212	
548	717.284	104.05	950.287	-2.30623	-8.93637	-3.74145	
549	742.769	127.168	982.01	-2.33053	-9.03087	-3.74926	
550	750.711	136.002	994.454	-2.3349	-9.1448	-3.70085	
551	743.185	106.451	961.909	-2.30329	-9.07646	-3.7251	
552	744.464	100.417	966.584	-2.23412	-8.99521	-3.80271	
553	751.55	127.908	1008.22	-2.17003	-9.00312	-3.82906	
554	739.798	147.001	1004.82	-2.20616	-9.03088	-3.80029	
555	722.207	152.743	1001.34	-2.32262	-9.08439	-3.79523	
556	722.936	151.521	1023.74	-2.36636	-9.13374	-3.83947	
557	715.534	142.059	998.755	-2.36523	-9.16371	-3.84243	
558	702.573	138.227	962.173	-2.41428	-9.16888	-3.85104	
559	708.201	143.69	978.984	-2.40441	-9.16526	-3.88838	
560	710.455	144.891	983.271	-2.29045	-9.19857	-3.86096	
561	694.819	140.511	921.451	-2.24463	-9.18442	-3.86897	
562	665.858	136.669	882.004	-2.31381	-9.17145	-3.93364	
563	641.449	142.564	898.424	-2.3112	-9.24709	-3.94684	
564	639.325	162.566	878.861	-2.23623	-9.23106	-3.95436	
565	632.533	171.398	853.364	-2.2945	-9.18383	-3.96736	
566	611.813	155.509	867.671	-2.40454	-9.28999	-3.95247	
567	601.151	150.655	843.604	-2.38344	-9.33308	-3.98516	
568	576.679	168.73	790.097	-2.36004	-9.23429	-4.03723	
569	536.44	164.505	753.105	-2.44105	-9.21595	-3.99903	
570	528.283	134.257	708.838	-2.46841	-9.26996	-3.97502	
571	522.664	129.899	684.585	-2.3989	-9.28117	-4.04597	
572	476.355	139.897	697.733	-2.37724	-9.30334	-4.0808	
573	432.467	121.039	686.878	-2.30325	-9.3742	-4.05622	
574	419.165	112.316	632.445	-2.15185	-9.37864	-4.06529	
575	409.396	137.725	574.32	-2.23422	-9.31023	-4.0959	
576	386.514	145.718	549.567	-2.43078	-9.37745	-4.08334	
577	369.324	130.673	537.247	-2.46014	-9.52824	-4.05113	
578	368.504	121.156	503.268	-2.46277	-9.47853	-4.09875	
579	347.428	111.03	477.311	-2.43055	-9.34813	-4.17931	
580	299.576	94.4126	443.725	-2.29378	-9.37036	-4.12528	
581	273.874	79.8205	369.948	-2.25464	-9.38095	-4.08366	
582	259.397	82.2741	328.014	-2.33305	-9.33874	-4.1969	
583	220.306	97.7645	346.106	-2.32115	-9.417	-4.20131	
584	188.981	99.2891	317.705	-2.26699	-9.47627	-4.12329	
585	174.1	85.919	251.769	-2.33794	-9.4276	-4.16187	
586	151.497	72.7158	275.438	-2.37162	-9.47249	-4.17924	
587	131.703	63.2199	296.051	-2.29893	-9.58154	-4.16056	
588	119.314	62.1499	210.34	-2.33834	-9.59806	-4.16309	
589	111.256	64.8816	148.425	-2.42285	-9.57353	-4.15368	
590	99.6766	53.7235	133.403	-2.39459	-9.56347	-4.1643	
591	83.0978	27.7525	89.974	-2.34087	-9.53384	-4.2037	
592	74.6179	9.00635	82.4381	-2.28245	-9.49993	-4.25556	
593	51.2241	16.3862	121.94	-2.2123	-9.53401	-4.2364	
594	21.9633	32.8635	105.843	-2.21536	-9.61031	-4.15848	
595	24.3018	22.8881	44.7472	-2.26879	-9.62464	-4.17149	
596	17.8421	6.50801	18.0184	-2.30048	-9.61357	-4.23588	
597	-9.85619	19.4438	17.1201	-2.3276	-9.63606	-4.22299	
598	-3.08304	22.3023	14.7876	-2.38634	-9.63166	-4.17203	
599	15.409	-11.1417	11.9856	-2.4164	-9.64706	-4.17988	
600	-10.3502	-31.5653	3.70717	-2.35526	-9.72642	-4.21104	
601	-40.9015	-24.3814	4.59563	-2.29055	-9.73039	-4.22396	
602	-27.882	-27.0891	19.1968	-2.22646	-9.69566	-4.23564	
603	-5.53528	-34.1229	7.61472	-2.11271	-9.7361	-4.20952	
604	-4.55976	-19.5362	-39.7682	-2.15077	-9.71582	-4.17666	
605	-7.63331	-13.8822	-39.0351	-2.34679	-9.68724	-4.2031	
606	-10.1003	-34.618	23.6534	-2.37187	-9.82012	-4.24529	
607	-15.5713	-30.884	23.9461	-2.28137	-9.90336	-4.21847	
608	-3.69891	-6.79979	1.23671	-2.33508	-9.84714	-4.14454	
609	24.9555	-29.6813	38.0788	-2.4002	-9.872	-4.15114	
610	42.9657	-73.8257	50.0396	-2.32412	-9.92762	-4.22418	
611	55.8774	-62.5921	28.2489	-2.27931	-9.88022	-4.25148	
612	74.3027	-27.3779	23.2871	-2.35808	-9.8469	-4.22664	
613	81.9533	-42.2206	72.3964	-2.34659	-9.87526	-4.1985	
614	81.6879	-74.3004	134.959	-2.22081	-9.86764	-4.19687	
615	91.873	-58.8018	149.383	-2.21912	-9.85463	-4.1997	
616	113.159	-30.9932	192.817	-2.3181	-9.9589	-4.21795	
617	126.715	-37.1634	225.723	-2.32941	-10.0751	-4.23783	
618	130.207	-39.3283	182.33	-2.29889	-10.0192	-4.18312	
619	153.579	-25.9434	171.894	-2.39834	-9.98197	-4.13726	
620	195.134	-39.405	241.877	-2.48902	-10.1337	-4.19619	
621	222.149	-54.3859	319.672	-2.35559	-10.2222	-4.25011	
622	242.846	-37.3151	338.623	-2.21872	-10.1549	-4.20748	
623	280.619	-25.0165	322.154	-2.25324	-10.132	-4.18408	
624	311.212	-22.8979	320.874	-2.31353	-10.1509	-4.24351	
625	320.942	-9.37878	360.196	-2.36436	-10.1188	-4.24943	
626	344.106	2.11487	424.563	-2.47041	-10.1005	-4.20513	
627	375.697	3.95118	467.382	-2.55777	-10.1356	-4.22313	
628	388.149	-5.17956	521.703	-2.52882	-10.1972	-4.25558	
629	392.568	-22.2919	582.883	-2.46311	-10.255	-4.25414	
630	400.359	-22.3521	583.329	-2.42899	-10.2478	-4.24547	
631	425.727	-2.84752	576.216	-2.38056	-10.2375	-4.23546	
632	472.508	11.5802	612.226	-2.38116	-10.3212	-4.23035	
633	503.829	11.4583	644.458	-2.46864	-10.392	-4.22835	
634	510.904	6.52126	668.31	-2.47948	-10.4006	-4.258	
635	527.388	16.2672	713.085	-2.38009	-10.4238	-4.32198	
636	566.514	44.1148	772.148	-2.34229	-10.4267	-4.31384	
637	603.403	67.6961	798.817	-2.42114	-10.4125	-4.25441	
638	612.195	74.7256	788.252	-2.54662	-10.432	-4.26955	
639	624.889	67.3735	802.621	-2.63531	-10.4494	-4.33206	
640	657.381	55.7869	817.097	-2.65603	-10.4438	-4.364	
641	656.061	65.5807	812.621	-2.61404	-10.4095	-4.3489	
642	645.372	85.4314	851.016	-2.54644	-10.4115	-4.33017	
643	677.801	72.5212	909.82	-2.55316	-10.5079	-4.35485	
644	693.858	58.6732	943.433	-2.56206	-10.5768	-4.38055	
645	678.452	91.5803	960.552	-2.51207	-10.5841	-4.37636	
646	698.733	119.607	969.548	-2.56851	-10.5902	-4.36045	
647	736.51	103.463	977.29	-2.693	-10.5728	-4.38104	
648	729.446	91.8564	997.625	-2.70359	-10.5883	-4.43066	
649	712.093	103.522	1016.1	-2.65705	-10.6722	-4.4261	
650	737.705	105.007	1014.09	-2.62956	-10.7388	-4.45141	
651	750.957	103.159	989.52	-2.56352	-10.7285	-4.4873	
652	736.767	121.819	950.101	-2.50785	-10.6386	-4.44233	
653	759.066	138.482	954.248	-2.55321	-10.5917	-4.48418	
654	774.389	140.428	985.908	-2.64002	-10.6732	-4.54754	
655	731.417	154.986	1000.34	-2.70188	-10.7169	-4.50826	
656	698.841	173.553	1028.12	-2.73526	-10.6907	-4.50016	
657	716.208	155.433	1012.71	-2.71804	-10.7612	-4.53669	
658	716.945	128.323	953.49	-2.68432	-10.819	-4.59066	
659	682.056	150.714	942.299	-2.72426	-10.7571	-4.60351	
660	690.883	180.841	944.44	-2.79259	-10.7845	-4.54308	
661	722.396	154.572	924.787	-2.80079	-10.8794	-4.54889	
662	684.275	118.664	913.161	-2.8015	-10.8272	-4.62345	
663	633.481	125.385	919.065	-2.76709	-10.7587	-4.66582	
664	641.595	140.119	926.492	-2.6167	-10.8167	-4.66298	
665	633.326	141.377	896.658	-2.5249	-10.8709	-4.64204	
666	587.104	153.831	835.012	-2.62201	-10.8695	-4.658	
667	578.966	165.742	793.052	-2.74419	-10.9	-4.70362	
668	587.757	151.845	783.867	-2.77796	-10.9446	-4.71802	
669	557.559	143.748	762.082	-2.77717	-10.8984	-4.70105	
670	528.654	156.181	744.316	-2.77239	-10.8273	-4.72253	
671	517.669	148.773	763.958	-2.72356	-10.8796	-4.74881	
672	472.791	130.692	698.061	-2.66524	-10.9817	-4.69594	
673	426.454	138.269	568.979	-2.67625	-11.0092	-4.73259	
674	428.082	150.457	549.483	-2.71405	-10.9919	-4.84275	
675	428.981	144.132	575.014	-2.7342	-10.9687	-4.78472	
676	410.558	129.83	576.179	-2.76823	-10.9651	-4.74211	
677	384.763	120.444	574.424	-2.81469	-10.999	-4.83648	
678	344.668	115.57	535.991	-2.8105	-11.0105	-4.84886	
679	310.563	110.15	487.958	-2.74171	-10.9918	-4.7817	
680	292.173	103.406	430.609	-2.71521	-11.0022	-4.78716	
681	273.223	85.4598	355.558	-2.76347	-11.0233	-4.85344	
682	240.688	69.0609	338.228	-2.77167	-11.0403	-4.86326	
683	212.744	76.6727	360.844	-2.68755	-11.0806	-4.84498	
684	206.841	78.2642	347.07	-2.58587	-11.1198	-4.88306	
685	190.608	68.0004	294.038	-2.5642	-11.1222	-4.89159	
686	154.895	77.7382	245.433	-2.6075	-11.1055	-4.81877	
687	141.714	84.2442	232.403	-2.65819	-11.1031	-4.83155	
688	146.781	71.9147	201.234	-2.74108	-11.1249	-4.94503	
689	118.822	70.334	150.335	-2.7762	-11.1567	-4.88805	
690	79.8674	71.2174	134.58	-2.748	-11.1679	-4.79871	
691	67.5409	42.0097	110.702	-2.78227	-11.166	-4.93704	
692	47.0855	9.11559	82.3808	-2.75329	-11.1726	-4.98035	
693	38.0603	17.7963	80.4854	-2.62627	-11.1905	-4.8424	
694	65.3677	34.4583	83.4638	-2.59975	-11.2363	-4.86212	
695	54.0365	23.9099	64.9382	-2.68748	-11.2276	-4.95219	
696	-1.82832	11.1698	17.3051	-2.77276	-11.1404	-4.90039	
697	-20.6697	-3.42484	29.619	-2.7147	-11.1691	-4.88442	
698	-11.5969	-19.1604	84.9335	-2.61409	-11.2949	-4.94633	
699	-25.1594	-14.5949	64.106	-2.67903	-11.3306	-4.8945	
700	-29.2584	-11.4735	0.629821	-2.70515	-11.3581	-4.82883	
701	-5.38628	-23.1382	-43.1504	-2.58674	-11.4275	-4.89787	
702	-3.81459	-24.0876	-54.7857	-2.60507	-11.3964	-4.97296	
703	-18.5304	-18.6956	-31.1846	-2.70664	-11.3106	-4.91912	
704	5.58542	-28.9732	4.33797	-2.62016	-11.3206	-4.8565	
705	34.5471	-32.7999	17.0077	-2.54684	-11.3747	-4.93166	
706	1.9916	-13.927	-2.7059	-2.67008	-11.3729	-4.95046	
707	-31.4454	-18.0811	1.96422	-2.68181	-11.3816	-4.86774	
708	0.606327	-39.981	24.0396	-2.57554	-11.4218	-4.92196	
709	23.4582	-18.0596	-2.53111	-2.71459	-11.3823	-4.95865	
710	7.94877	-7.58052	16.8767	-2.92248	-11.4092	-4.85116	
711	23.5259	-65.1612	97.5702	-2.82597	-11.6327	-4.84991	
712	54.4178	-84.1173	73.5863	-2.67266	-11.694	-4.92565	
713	64.0661	-38.436	49.3138	-2.6911	-11.5173	-4.89662	
714	91.7274	-49.7812	139.669	-2.61122	-11.5021	-4.87364	
715	129.969	-87.5736	150.693	-2.51157	-11.5979	-4.92711	
716	137.901	-48.5443	111.156	-2.66879	-11.5831	-4.9362	
717	134.885	-12.6638	186.369	-2.77495	-11.5765	-4.91588	
718	144.46	-46.955	257.53	-2.66731	-11.5946	-4.90861	
719	170.675	-57.8622	248.881	-2.66219	-11.5967	-4.89385	
720	196.091	-21.7057	247.76	-2.75424	-11.6639	-4.91463	
721	203.36	-24.7154	269.625	-2.73754	-11.7383	-4.90754	
722	229.792	-50.6461	285.169	-2.69062	-11.7704	-4.88772	
723	273.634	-20.457	294.029	-2.7175	-11.8053	-4.91609	
724	293.531	10.8265	324.516	-2.77365	-11.7822	-4.89618	
725	311	-26.2679	387.98	-2.81461	-11.7222	-4.91374	
726	339.232	-42.0228	465.645	-2.77701	-11.7558	-4.97159	
727	365.185	3.02833	536.508	-2.68335	-11.8401	-4.9191	
728	393.761	12.1832	540.63	-2.72028	-11.871	-4.91154	
729	406.506	-8.15651	493.113	-2.88899	-11.8573	-4.97061	
730	409.415	-0.455677	520.486	-2.9495	-11.8373	-4.93559	
731	441.913	2.86187	588.063	-2.88773	-11.8431	-4.92947	
732	476.697	-1.59871	603.773	-2.8995	-11.9084	-4.96876	
733	493.013	1.5516	664.783	-2.87722	-12.0357	-4.9387	
734	524.309	-0.899235	745.306	-2.69967	-12.1001	-4.94561	
735	547.409	11.0406	705.302	-2.63555	-11.9917	-5.00664	
736	554.875	39.3839	687.71	-2.7533	-11.9102	-5.00987	
737	596.123	61.5937	791.495	-2.83809	-11.9939	-4.98797	
738	627.45	73.7449	825.491	-2.90198	-12.034	-4.98875	
739	606.338	69.4457	794.395	-3.00319	-12.0165	-5.00542	
740	609.373	60.7665	843.574	-3.02953	-12.087	-5.0496	
741	646.235	64.1934	890.802	-2.92804	-12.1308	-5.06629	
742	655.831	76.7936	869.93	-2.8436	-12.12	-5.01343	
743	670.784	90.7854	854.576	-2.92112	-12.1664	-5.00387	
744	711.537	87.2416	886.256	-3.03325	-12.1929	-5.08825	
745	717.815	80.2361	936.421	-2.98979	-12.1876	-5.09898	
746	700.646	97.5455	962.175	-2.92047	-12.2155	-5.04541	
747	717.853	104.728	983.47	-2.97084	-12.1835	-5.12504	
748	738.7	95.366	1012.33	-2.99638	-12.1558	-5.17774	
749	731.398	113.877	1014.28	-2.99603	-12.2699	-5.07683	
750	738.717	126.403	999.693	-3.08128	-12.3324	-5.10505	
751	754.996	104.68	992.779	-3.09662	-12.2463	-5.2487	
752	736.502	110.956	978.753	-3.03427	-12.2347	-5.20035	
753	725.239	134.576	973.196	-3.01988	-12.2868	-5.0963	
754	747.33	115.912	1005.82	-2.94156	-12.2573	-5.20957	
755	737.615	111.47	1025.79	-2.86731	-12.2974	-5.28805	
756	701.172	159.831	1013.34	-2.9255	-12.4465	-5.17221	
757	704.476	180.64	987.194	-2.98599	-12.4546	-5.1989	
758	715.005	161.258	932.115	-3.06505	-12.3521	-5.32367	
759	698.149	163.176	920.828	-3.20813	-12.3949	-5.25308	
760	707.521	170.186	968.435	-3.263	-12.5071	-5.21747	
761	726.238	157.412	965.665	-3.1949	-12.4642	-5.34497	
762	691.954	145.587	915.013	-3.13304	-12.3791	-5.35691	
763	647.65	132.237	888.319	-3.08423	-12.435	-5.29299	
764	643.552	127.125	873.571	-2.9959	-12.4484	-5.35293	
765	640.166	145.766	831.059	-3.02471	-12.3199	-5.41156	
766	601.404	154.956	826.365	-3.15322	-12.3551	-5.37323	
767	563.686	149.42	864.525	-3.12357	-12.5579	-5.36051	
768	548.305	148.756	837.354	-3.05213	-12.576	-5.39665	
769	524.422	136.052	798.706	-3.10581	-12.4898	-5.40878	
770	505.792	126.519	799.699	-3.08579	-12.5686	-5.41244	
771	514.726	150.469	735.135	-3.01211	-12.6615	-5.435	
772	508.098	169.631	612.572	-3.11888	-12.6214	-5.41896	
773	470.821	141.961	572.298	-3.19494	-12.5946	-5.3987	
774	442.97	105.926	597.991	-3.03597	-12.5937	-5.49639	
775	422.853	118.596	577.029	-2.94766	-12.5421	-5.55954	
776	397.443	151.093	554.355	-3.0483	-12.5251	-5.48916	
777	383.339	150.953	544.28	-3.12505	-12.5729	-5.50202	
778	355.964	137.859	504.756	-3.14731	-12.6335	-5.54185	
779	302.836	129.862	457.623	-3.23688	-12.6582	-5.4974	
780	275.895	105.208	425.282	-3.31038	-12.5997	-5.51263	
781	279.517	77.97	427.678	-3.18822	-12.5788	-5.55509	
782	257.904	75.5103	386.035	-3.09623	-12.6628	-5.53588	
783	209.459	70.4415	326.435	-3.12835	-12.7105	-5.51336	
784	183.57	49.3501	342.218	-2.97424	-12.7372	-5.55996	
785	171.586	52.2655	300.493	-2.82715	-12.7686	-5.59574	
786	146.983	77.4835	218.836	-2.96639	-12.7407	-5.52911	
787	145.302	80.8138	225.501	-3.08145	-12.7561	-5.54592	
788	154.509	64.9276	224.976	-3.04156	-12.7942	-5.63131	
789	131.104	64.117	188.12	-3.07186	-12.7815	-5.59774	
790	103.515	68.7202	170.924	-3.1265	-12.8087	-5.57798	
791	81.607	51.9029	115.497	-3.06974	-12.7758	-5.59339	
792	60.2746	34.3552	33.4659	-3.04138	-12.6644	-5.57865	
793	52.0265	34.0238	20.7626	-3.11378	-12.71	-5.6178	
794	31.6995	31.0213	50.3607	-3.15653	-12.8423	-5.64505	
795	1.38279	18.2248	58.1668	-3.11308	-12.8741	-5.59299	
796	-8.95894	4.25252	62.1645	-3.02689	-12.8567	-5.55281	
797	-7.4851	-4.70767	75.4659	-2.96251	-12.849	-5.60828	
798	-3.50943	-3.2632	63.1838	-2.99176	-12.8915	-5.65434	
799	1.61294	-2.86928	26.744	-3.1027	-12.964	-5.57634	
800	-5.91538	-14.3405	7.62514	-3.16653	-12.9745	-5.54616	
801	-21.1116	-21.008	-11.1022	-3.1298	-12.9611	-5.60561	
802	-22.8903	-27.5385	-26.5744	-3.07025	-12.9573	-5.60542	
803	-11.9618	-57.2885	-3.84782	-2.97484	-12.9445	-5.62987	
804	-1.07341	-68.2202	7.73969	-2.81934	-12.9723	-5.67139	
805	2.66168	-22.7395	-22.8506	-2.79857	-13.0253	-5.60173	
806	1.82628	9.02919	-41.3557	-2.97323	-13.042	-5.55949	
807	3.11367	-11.8584	-17.08	-3.09417	-13.0312	-5.61566	
808	8.39394	-20.6861	19.6475	-3.10806	-13.0201	-5.63285	
809	17.9175	-13.9358	47.6263	-3.13971	-13.0173	-5.59778	
810	33.214	-36.2128	62.3882	-3.17308	-13.0326	-5.5955	
811	43.8041	-53.3175	59.0985	-3.15324	-13.1092	-5.619	
812	32.0631	-43.8674	55.3903	-3.07592	-13.2124	-5.58878	
813	35.8678	-50.4503	66.3387	-3.02434	-13.2085	-5.56037	
814	83.7708	-68.7291	90.1451	-3.04348	-13.1584	-5.61271	
815	119.769	-61.0084	115.855	-3.06889	-13.1973	-5.62446	
816	131.374	-46.8297	169.494	-3.0696	-13.2228	-5.58089	
817	144.475	-52.7148	231.06	-3.03725	-13.2256	-5.60234	
818	150.391	-51.5868	225.763	-3.01259	-13.2855	-5.63241	
819	168.54	-34.9206	222.262	-3.03933	-13.2743	-5.61727	
820	204.834	-33.7183	271.8	-3.06056	-13.2464	-5.6013	
821	229.637	-36.8066	295.285	-3.08998	-13.3157	-5.59364	
822	250.002	-24.6291	282.38	-3.18499	-13.318	-5.62063	
823	265.52	-26.579	302.877	-3.18468	-13.3114	-5.65388	
824	261.908	-35.5995	359.017	-3.03284	-13.4009	-5.60306	
825	282.637	-17.3689	375.083	-3.00713	-13.4225	-5.55084	
826	339.448	-0.778952	397.551	-3.10631	-13.4296	-5.61609	
827	375.048	-6.05082	478.668	-3.13524	-13.5088	-5.66767	
828	395.903	0.467097	523.249	-3.18916	-13.5328	-5.64912	
829	426.919	20.3072	533.235	-3.2861	-13.4524	-5.65089	
830	442.401	18.0159	578.838	-3.33282	-13.3543	-5.62737	
831	444.057	-7.93159	629.486	-3.30404	-13.4262	-5.62767	
832	452.448	-22.2872	637.455	-3.20047	-13.5723	-5.67078	
833	479.553	-9.99304	634.126	-3.15857	-13.5583	-5.66238	
834	511.172	10.7346	668.719	-3.15472	-13.6128	-5.67204	
835	525.966	26.3279	688.693	-3.09786	-13.7263	-5.68806	
836	553.688	34.4093	697.589	-3.13473	-13.6281	-5.67686	
837	593.977	41.5903	787.516	-3.21657	-13.618	-5.67826	
838	618.471	61.1966	867.824	-3.23397	-13.7549	-5.66347	
839	642.371	75.8489	843.334	-3.28722	-13.7064	-5.69419	
840	659.512	66.6981	822.975	-3.33474	-13.6337	-5.75839	
841	653.856	66.1353	848.555	-3.31921	-13.6682	-5.77535	
842	641.777	86.8316	856.463	-3.31671	-13.6772	-5.78013	
843	654.473	89.8674	859.425	-3.33491	-13.7036	-5.76827	
844	696.277	77.4686	899.752	-3.36503	-13.7681	-5.73354	
845	714.996	81.7162	948.503	-3.38001	-13.8419	-5.72988	
846	703.83	90.7264	967	-3.29505	-13.8602	-5.80303	
847	709.178	100.537	981.438	-3.22752	-13.795	-5.85004	
848	725.136	122.6	993.138	-3.34332	-13.827	-5.78461	
849	731.064	126.215	990.008	-3.47457	-13.9093	-5.7756	
850	736.305	110.515	1003.27	-3.48994	-13.8916	-5.85844	
851	737.2	111.986	1024.35	-3.47831	-13.9333	-5.88237	
852	733.841	110.211	1023.22	-3.42337	-13.9823	-5.86087	
853	755.231	97.8591	1004.24	-3.30281	-13.8781	-5.90409	
854	774.469	120.686	976.607	-3.22938	-13.8504	-5.96289	
855	745.292	159.036	944.804	-3.2979	-13.9513	-5.90936	
856	712.963	156.336	939.034	-3.42669	-13.9675	-5.85336	
857	712.296	141.319	975.093	-3.48052	-13.9524	-5.93755	
858	703.631	159.951	1014.74	-3.46039	-13.9774	-6.01745	
859	683.546	174.228	1014.77	-3.44529	-14.0188	-5.95348	
860	697.883	156.026	979.68	-3.48035	-14.0878	-5.94047	
861	713.926	149.569	943.521	-3.50391	-14.0886	-6.06797	
862	670.986	160.021	891.627	-3.51202	-14.0509	-6.04838	
863	635.431	145.748	846.285	-3.53678	-14.0657	-5.93388	
864	655.623	129.362	854.12	-3.5088	-14.0281	-6.01853	
865	649.703	144.941	875.859	-3.45353	-13.9992	-6.13091	
866	592.654	154.11	882.236	-3.40619	-14.0943	-6.0871	
867	561.579	140.437	851.54	-3.36895	-14.1677	-6.04905	
868	568.004	141.509	799.621	-3.39963	-14.167	-6.09704	
869	547.162	158.538	771.368	-3.47637	-14.1701	-6.13758	
870	510.488	157.762	739.008	-3.52218	-14.166	-6.11876	
871	514.649	140.604	698.466	-3.52848	-14.1734	-6.10922	
872	524.841	139.676	672.535	-3.56491	-14.1886	-6.15307	
873	482.397	140.704	642.434	-3.55425	-14.1592	-6.15275	
874	422.338	115.531	603.528	-3.40492	-14.1521	-6.14566	
875	401.466	107.102	579.019	-3.32179	-14.1843	-6.23726	
876	387.367	139.145	553.095	-3.3882	-14.1929	-6.2448	
877	356.133	153.562	524.264	-3.45092	-14.227	-6.13477	
878	346.25	126.659	506.186	-3.50244	-14.2577	-6.17301	
879	329.157	110.808	466.157	-3.57297	-14.2201	-6.29307	
880	279.959	117.318	453.628	-3.58731	-14.2408	-6.25829	
881	254.008	96.553	460.007	-3.50185	-14.333	-6.17448	
882	247.458	69.1654	370.45	-3.42065	-14.3396	-6.20059	
883	229.39	87.7419	271.708	-3.46491	-14.3247	-6.25183	
884	218.076	99.3587	272.759	-3.50772	-14.38	-6.25073	
885	198.898	58.622	286.318	-3.42423	-14.355	-6.2642	
886	162.926	38.2442	253.1	-3.36987	-14.2652	-6.30668	
887	144.591	70.3154	231.868	-3.39596	-14.2922	-6.30038	
888	142.048	78.514	241.076	-3.38891	-14.3714	-6.28044	
889	126.464	51.4892	208.754	-3.39211	-14.3868	-6.31025	
890	83.4986	55.9638	133.621	-3.46195	-14.3599	-6.29173	
891	46.5974	66.0273	97.824	-3.53737	-14.3415	-6.24651	
892	50.6427	28.709	101.802	-3.54785	-14.3781	-6.28843	
893	46.7478	2.05132	81.8505	-3.473	-14.4291	-6.31417	
894	17.2775	20.7125	59.7009	-3.3874	-14.4828	-6.28782	
895	9.75843	25.6864	74.5409	-3.34338	-14.5589	-6.29373	
896	13.3276	2.91742	61.4953	-3.30729	-14.5387	-6.29272	
897	4.93881	-2.38084	4.58378	-3.3114	-14.4649	-6.28834	
898	4.44789	19.0111	-19.9781	-3.4133	-14.5031	-6.31798	
899	15.1942	22.6514	3.08989	-3.53538	-14.5558	-6.31942	
900	10.3613	-11.6991	28.3285	-3.55565	-14.5384	-6.29622	
901	-12.6037	-34.1969	19.1706	-3.49789	-14.5157	-6.31646	
902	-19.5279	-22.9151	-8.01668	-3.44419	-14.5159	-6.34175	
903	-13.0373	-23.435	-16.647	-3.37505	-14.5637	-6.31267	
904	-21.8225	-45.4783	-17.1732	-3.31957	-14.5858	-6.28028	
905	-22.3346	-45.6736	-11.5572	-3.36189	-14.5642	-6.30717	
906	-3.5795	-23.8107	-6.58569	-3.42319	-14.6444	-6.33681	
907	-5.20889	-30.1077	-6.90563	-3.39873	-14.7278	-6.29296	
908	-10.4995	-50.5225	35.8726	-3.35589	-14.6685	-6.26683	
909	11.1394	-35.6026	73.8152	-3.36346	-14.657	-6.31488	
910	29.1878	-23.1213	64.5847	-3.38446	-14.7812	-6.3084	
911	45.708	-41.6903	54.4874	-3.45362	-14.8438	-6.26164	
912	69.19	-40.2258	36.7656	-3.5508	-14.7805	-6.28118	
913	79.6776	-24.8888	51.5603	-3.51587	-14.739	-6.3261	
914	96.0341	-51.531	88.9431	-3.42199	-14.7774	-6.34466	
915	116.392	-81.3099	106.815	-3.40274	-14.7658	-6.32309	
916	121.026	-50.8824	159.525	-3.37909	-14.7196	-6.29555	
917	131.247	-18.7389	194.569	-3.36515	-14.8088	-6.30752	
918	147.502	-38.0908	188.96	-3.44077	-14.9146	-6.3284	
919	156.012	-44.2991	229.301	-3.52876	-14.8986	-6.31549	
920	177.581	-21.753	295.368	-3.53711	-14.9028	-6.26897	
921	221.467	-31.1305	315.48	-3.53899	-14.9283	-6.27069	
922	255.223	-57.0982	307.415	-3.56272	-14.9511	-6.31486	
923	261.68	-50.9121	348.716	-3.4639	-15.0618	-6.30842	
924	268.365	-30.0485	382.627	-3.35021	-15.0927	-6.3115	
925	302.78	-25.1988	348.137	-3.41888	-14.9752	-6.32784	
926	358.272	-21.468	384.83	-3.47599	-14.9706	-6.31436	
927	391.554	-2.17116	483.964	-3.45703	-15.0831	-6.3534	
928	384.936	11.2967	506.763	-3.53886	-15.1039	-6.38589	
929	387.914	3.87754	527.984	-3.59354	-15.0702	-6.3063	
930	431.062	-0.517717	587.142	-3.53462	-15.0982	-6.2812	
931	470.451	17.5242	601.508	-3.57069	-15.1163	-6.40299	
932	470.639	32.1849	597.382	-3.70117	-15.0945	-6.40783	
933	479.936	19.3759	629.353	-3.70273	-15.1608	-6.30309	
934	518.754	6.36659	679.98	-3.60884	-15.2405	-6.35632	
935	531.676	14.044	716.996	-3.59575	-15.2084	-6.41335	
936	535.336	24.1666	750.995	-3.56091	-15.2314	-6.35921	
937	572.217	29.7523	786.584	-3.45609	-15.3102	-6.37666	
938	612.32	41.7588	809.575	-3.51151	-15.3069	-6.41052	
939	632.96	65.0035	834.896	-3.66739	-15.3569	-6.38578	
940	639.76	82.3458	835.445	-3.70961	-15.4182	-6.41066	
941	650.762	72.5299	825.836	-3.73631	-15.324	-6.44732	
942	679.088	64.5955	875.23	-3.77088	-15.268	-6.45967	
943	701.58	79.7212	930.039	-3.71861	-15.3442	-6.48239	
944	705.063	78.5133	937.205	-3.62843	-15.3629	-6.46918	
945	701.941	72.3858	925.544	-3.59617	-15.3424	-6.48729	
946	696.769	103.355	926.998	-3.66932	-15.3991	-6.53081	
947	696.841	128.07	946.329	-3.70975	-15.4383	-6.51484	
948	705.945	112.677	953.889	-3.68876	-15.4256	-6.49841	
949	721.513	109.059	986.364	-3.78939	-15.4939	-6.46741	
950	740.863	134.731	1043.58	-3.90107	-15.6009	-6.48502	
951	740.846	134.12	1048.07	-3.83009	-15.6146	-6.57634	
952	731.416	106.406	1013.6	-3.73033	-15.5901	-6.58925	
953	753.107	107.633	975.788	-3.76657	-15.5447	-6.59783	
954	771.579	134.012	956.984	-3.82595	-15.4617	-6.63884	
955	752.866	146.163	967.904	-3.81138	-15.501	-6.59633	
956	736.723	132.948	986.086	-3.76143	-15.6233	-6.59356	
957	721.065	119.207	1005.57	-3.6969	-15.5885	-6.71244	
958	690.848	138.31	1005.54	-3.673	-15.5131	-6.72471	
959	689.398	167.837	977.169	-3.74128	-15.5901	-6.61586	
960	704.518	173.501	936.086	-3.87618	-15.676	-6.63804	
961	680.53	169.163	916.477	-3.98845	-15.7067	-6.70932	
962	644.741	160.746	937.134	-3.97895	-15.7678	-6.68883	
963	648.234	140.78	920.825	-3.88113	-15.7407	-6.70529	
964	665.011	130.506	864.575	-3.78687	-15.6222	-6.7821	
965	647.067	144.289	859.7	-3.74243	-15.6774	-6.79314	
966	617.815	153.859	855.453	-3.74172	-15.7776	-6.75467	
967	602.072	148.405	790.319	-3.76387	-15.648	-6.80332	
968	557.16	159.319	765.364	-3.86079	-15.6154	-6.81576	
969	509.202	169.72	797.187	-3.94945	-15.8193	-6.74026	
970	513.188	145.885	766.431	-3.90857	-15.8269	-6.82444	
971	508.978	133.103	710.763	-3.8837	-15.7441	-6.92183	
972	478.53	143.189	694.237	-3.90239	-15.9047	-6.81278	
973	480.889	129.461	637.472	-3.85003	-15.9427	-6.77102	
974	475.092	120.632	586.992	-3.81959	-15.7214	-6.91	
975	415.962	132.432	587.959	-3.84577	-15.7035	-6.93865	
976	379.621	117.243	548.429	-3.83507	-15.8409	-6.86196	
977	378.036	103.734	525.262	-3.78174	-15.8081	-6.89936	
978	337.089	125.036	543.103	-3.7558	-15.8024	-6.92898	
979	289.846	127.607	486.537	-3.81032	-15.9227	-6.90576	
980	281.638	107.107	396.258	-3.87799	-15.9113	-6.95576	
981	272.297	107.422	383.256	-3.87026	-15.8583	-6.97265	
982	249.544	108.414	406.491	-3.86038	-15.9605	-6.89186	
983	240.586	92.9477	351.246	-3.9348	-15.9845	-6.8857	
984	226.055	83.1641	273.35	-3.95349	-15.8886	-6.9837	
985	173.476	68.7836	283.21	-3.8098	-15.961	-6.97752	
986	140.898	43.8904	270.11	-3.66593	-16.0287	-6.93598	
987	153.343	47.3637	173.843	-3.65726	-15.8962	-7.01331	
988	142.83	79.4988	153.24	-3.76595	-15.9057	-7.01271	
989	115.453	82.9788	206.713	-3.90246	-16.0714	-6.95336	
990	95.5076	51.569	191.055	-3.95692	-16.0476	-7.01993	
991	64.4497	35.5382	154.13	-3.91158	-15.9498	-7.025	
992	51.9114	33.2399	135.662	-3.83394	-15.9776	-6.92956	
993	61.7215	12.7277	86.6041	-3.78909	-16.0191	-6.97777	
994	36.4098	-0.268769	46.5929	-3.75907	-16.0644	-7.05495	
995	-8.23903	15.174	18.0682	-3.71047	-16.1461	-6.98053	
996	-7.62644	14.6312	-4.12868	-3.71495	-16.14	-6.95631	
997	9.65561	-7.43089	22.6933	-3.76388	-16.0712	-7.05186	
998	-3.92009	1.27253	63.0942	-3.76164	-16.0999	-7.03305	
999	-3.89172	23.4936	46.4055	-3.77796	-16.1852	-6.93283	
1000	17.3805	7.59099	12.5789	-3.82479	-16.1965	-7.0025	
1001	-5.8429	-15.2303	19.3599	-3.81588	-16.177	-7.07869	
1002	-36.3384	-14.206	-25.6121	-3.82554	-16.1787	-6.96947	
1003	-11.6605	-23.1361	-92.5307	-3.84667	-16.1552	-6.97134	
1004	0.766989	-37.1418	-42.3941	-3.83343	-16.1716	-7.0879	
1005	-17.3023	-35.4494	25.7016	-3.82102	-16.2605	-7.01843	
1006	-3.46213	-42.8152	12.9257	-3.74592	-16.2788	-6.93671	
1007	5.95597	-47.4767	-0.773343	-3.69144	-16.2411	-7.0136	
1008	-15.0741	-34.5649	42.6814	-3.75311	-16.2835	-7.03271	
1009	1.44862	-36.8381	71.1114	-3.77744	-16.3534	-6.96281	
1010	48.7374	-40.6348	21.0522	-3.78324	-16.3578	-7.00608	
1011	60.2623	-31.775	18.9666	-3.87687	-16.3416	-7.05873	
1012	53.8287	-46.9351	111.838	-3.91106	-16.3769	-6.96432	
1013	67.6845	-65.0334	134.258	-3.81904	-16.4087	-6.97237	
1014	79.7538	-55.4999	79.9393	-3.71506	-16.3545	-7.0656	
1015	91.3762	-49.8651	93.4382	-3.68203	-16.3399	-6.9948	
1016	124.483	-45.1389	145.862	-3.74492	-16.457	-6.9635	
1017	140.43	-25.591	154.564	-3.80285	-16.537	-7.02466	
1018	135.267	-23.8081	173.137	-3.83018	-16.5119	-7.00925	
1019	156.736	-37.9327	242.698	-3.893	-16.5094	-7.0106	
1020	193.496	-30.3545	310.276	-3.88066	-16.5515	-7.01517	
1021	236.436	-18.4121	300.961	-3.83306	-16.5755	-6.9608	
1022	285.24	-33.2608	270.507	-3.90667	-16.5875	-6.99204	
1023	290.357	-44.2791	318.103	-3.96798	-16.6064	-7.07722	
1024	265.677	-29.528	359.88	-3.93052	-16.593	-7.02024	
1025	289.639	-27.0185	372.006	-3.89397	-16.5346	-6.95484	
1026	341.375	-44.4276	438.729	-3.85594	-16.5442	-7.05119	
1027	354.776	-36.0293	515.291	-3.80366	-16.6909	-7.09909	
1028	364.219	-3.27014	544.755	-3.79806	-16.7972	-7.01475	
1029	403.228	7.68908	540.342	-3.83826	-16.7284	-7.01062	
1030	430.176	2.97306	550.113	-3.88364	-16.6851	-7.08565	
1031	443.871	18.4692	588.407	-3.94546	-16.7723	-7.04108	
1032	479.47	33.9767	605.579	-4.02719	-16.7876	-6.96059	
1033	507.916	14.9749	631.51	-4.03881	-16.7885	-7.03946	
1034	504.765	1.70969	696.647	-3.96106	-16.9211	-7.11434	
1035	526.379	32.0069	720.856	-3.92518	-16.9251	-7.066	
1036	574.22	54.3425	705.805	-3.90974	-16.7881	-7.09458	
1037	590.626	45.0067	722.514	-3.89527	-16.8302	-7.14354	
1038	617.253	51.2313	761.894	-4.03569	-16.9538	-7.07787	
1039	662.552	72.0361	826.152	-4.16184	-16.9283	-7.10623	
1040	644.557	70.5718	893.537	-4.09956	-16.8332	-7.1902	
1041	617.402	54.238	898.087	-4.0993	-16.8372	-7.11933	
1042	656.137	50.1499	891.354	-4.13115	-16.9455	-7.09771	
1043	678.213	70.0718	912.083	-4.00755	-16.9871	-7.20493	
1044	652.483	90.7308	917.201	-3.98318	-16.9982	-7.14599	
1045	672.922	75.3	933.641	-4.10826	-17.1222	-7.0774	
1046	725.681	64.4969	962.478	-4.07927	-17.1736	-7.25122	
1047	715.849	103.644	974.664	-3.96358	-17.0873	-7.26546	
1048	715.62	124.557	988.314	-3.96803	-17.0705	-7.12805	
1049	781.473	109.34	982.457	-4.0278	-17.097	-7.23149	
1050	787.658	135.975	966.643	-4.10174	-17.0887	-7.30529	
1051	725.082	168.686	978.5	-4.22282	-17.1166	-7.20215	
1052	714.185	135.088	992.877	-4.28412	-17.1495	-7.23815	
1053	743.076	108.364	988.589	-4.2094	-17.1454	-7.39602	
1054	739.196	145.305	969.898	-4.18087	-17.1555	-7.35005	
1055	736.323	157.307	976.371	-4.26259	-17.1736	-7.19836	
1056	753.431	114.459	1011.67	-4.20506	-17.1789	-7.33466	
1057	727.201	115.908	999.021	-4.08474	-17.1707	-7.47146	
1058	685.533	158.454	968.949	-4.16973	-17.1672	-7.29548	
1059	691.717	152.463	998.203	-4.22073	-17.2189	-7.28989	
1060	694.986	133.72	1007.7	-4.12832	-17.2837	-7.47852	
1061	660.58	153.056	957.364	-4.20276	-17.3367	-7.37729	
1062	643.144	151.246	932.626	-4.29841	-17.3959	-7.27499	
1063	661.505	121.081	914.067	-4.15177	-17.3811	-7.48024	
1064	662.392	135.076	852.108	-4.05241	-17.3391	-7.52509	
1065	638.027	175.17	803.248	-4.16995	-17.3429	-7.36598	
1066	638.41	173.085	803.676	-4.24205	-17.3167	-7.48404	
1067	635.389	157.556	820.575	-4.20357	-17.3177	-7.61892	
1068	578.815	163.206	798.138	-4.22041	-17.3254	-7.46024	
1069	520.94	156.354	760.211	-4.24545	-17.225	-7.44926	
1070	507.232	144.588	763.314	-4.21494	-17.2325	-7.61519	
1071	501.902	156.681	733.746	-4.24016	-17.4113	-7.57888	
1072	468.846	164.046	655.261	-4.30712	-17.4762	-7.48599	
1073	425.847	141.545	624.39	-4.36011	-17.4659	-7.52894	
1074	411.467	109.525	631.556	-4.38519	-17.529	-7.54143	
1075	415.529	97.9178	620.796	-4.27906	-17.5263	-7.51399	
1076	406.667	103.153	577.664	-4.10702	-17.4641	-7.58769	
1077	393.266	100.968	533.696	-4.05168	-17.4719	-7.64834	
1078	376.628	105.474	508.416	-4.1045	-17.4737	-7.62049	
1079	333.731	124.454	461.949	-4.14644	-17.4592	-7.62127	
1080	285.531	119.847	416.529	-4.16114	-17.4759	-7.6674	
1081	264.075	99.2582	392.489	-4.24558	-17.4481	-7.67796	
1082	250.514	101.092	378.227	-4.29671	-17.4493	-7.63493	
1083	226.41	108.07	362.813	-4.19954	-17.5335	-7.64303	
1084	195.576	95.2461	288.99	-4.1815	-17.5747	-7.66893	
1085	167.047	77.5889	227.661	-4.26543	-17.5978	-7.61859	
1086	152.672	71.0521	229.924	-4.21156	-17.6254	-7.62873	
1087	146.82	69.4685	208.008	-4.14355	-17.5996	-7.69803	
1088	134.842	66.2542	195.068	-4.23273	-17.5844	-7.68311	
1089	113.423	60.7878	210.586	-4.27021	-17.614	-7.66717	
1090	96.0417	44.7798	203.503	-4.16834	-17.6503	-7.70216	
1091	82.5672	24.0085	158.119	-4.14587	-17.6285	-7.70176	
1092	54.3807	20.3681	90.2226	-4.21052	-17.5693	-7.70502	
1093	37.1359	23.5895	71.0684	-4.22001	-17.6297	-7.71703	
1094	40.538	15.292	68.0803	-4.23308	-17.7388	-7.67829	
1095	17.1843	10.465	41.0102	-4.22132	-17.7412	-7.67919	
1096	-6.94461	1.80121	46.01	-4.08763	-17.7301	-7.71541	
1097	13.3236	-18.2819	41.9772	-3.99955	-17.7205	-7.71303	
1098	16.0997	-5.33683	3.00547	-4.04117	-17.6835	-7.71417	
1099	-17.8469	23.0047	-4.00973	-4.0791	-17.735	-7.69193	
1100	-15.5773	7.67688	5.86263	-4.14001	-17.8261	-7.68784	
1101	3.17216	-2.71203	-2.60937	-4.25169	-17.8315	-7.74431	
1102	-19.0944	14.7097	-5.93283	-4.27899	-17.7895	-7.71668	
1103	-31.1064	-14.1665	-12.452	-4.23063	-17.7519	-7.67006	
1104	-8.37683	-55.7955	-22.5184	-4.20647	-17.7787	-7.71854	
1105	-5.74876	-35.3192	-14.2795	-4.18007	-17.8954	-7.71086	
1106	-12.5134	-19.5218	-2.99346	-4.13684	-17.9535	-7.67857	
1107	1.54917	-52.7194	-1.83143	-4.15049	-17.8985	-7.71496	
1108	11.5309	-56.8839	5.7741	-4.1932	-17.8749	-7.71537	
1109	14.4125	-29.0859	38.4752	-4.1496	-17.9189	-7.70627	
1110	27.135	-48.1732	80.3617	-4.07559	-17.9605	-7.70718	
1111	49.5223	-72.2426	86.8303	-4.12239	-17.9744	-7.70104	
1112	62.3543	-35.3146	67.8064	-4.24074	-17.9868	-7.70621	
1113	61.9525	-21.6753	94.8639	-4.2328	-18.0253	-7.6637	
1114	83.2258	-68.8652	117.462	-4.14042	-18.0292	-7.68532	
1115	111.33	-71.5387	87.6574	-4.15526	-17.9973	-7.77775	
1116	117.567	-21.5331	120.047	-4.18893	-18.0216	-7.74773	
1117	130.032	-19.9627	197.059	-4.12414	-18.0903	-7.66297	
1118	147.801	-54.4749	210.717	-4.09205	-18.1343	-7.65151	
1119	161.777	-43.5383	198.6	-4.1607	-18.1218	-7.69748	
1120	194.816	-13.625	239.773	-4.20353	-18.1493	-7.74897	
1121	233.14	-16.021	295.335	-4.24412	-18.2435	-7.73974	
1122	250.751	-22.6262	300.428	-4.38003	-18.1895	-7.66785	
1123	264.549	-21.9729	333.417	-4.42316	-18.1255	-7.65447	
1124	285.549	-35.1549	403.84	-4.31176	-18.2872	-7.74737	
1125	305.412	-41.7382	418.272	-4.23298	-18.3234	-7.77052	
1126	341.798	-32.8445	415.898	-4.19913	-18.184	-7.68902	
1127	382.948	-34.0906	456.301	-4.17118	-18.2268	-7.71434	
1128	384.631	-27.2584	501.172	-4.20576	-18.3188	-7.79774	
1129	384.795	-0.0125318	523.186	-4.2829	-18.3075	-7.75866	
1130	417.988	9.53077	555.198	-4.28842	-18.3284	-7.71833	
1131	435.875	9.20714	617.333	-4.25893	-18.3986	-7.73237	
1132	453.243	22.8588	672.381	-4.29707	-18.4349	-7.70876	
1133	506.279	23.0963	677.987	-4.32867	-18.4432	-7.72662	
1134	545.303	20.2053	668.093	-4.32633	-18.5262	-7.81094	
1135	549.232	42.3771	669.908	-4.35284	-18.5263	-7.81554	
1136	562.68	50.2528	674.884	-4.3892	-18.364	-7.74696	
1137	589.822	36.9676	730.157	-4.40061	-18.4049	-7.77946	
1138	598.197	46.9338	797.251	-4.38675	-18.5512	-7.83614	
1139	609.895	62.4528	832.654	-4.35511	-18.5105	-7.81191	
1140	639.233	60.1703	881.16	-4.34662	-18.5592	-7.8475	
1141	651.723	69.1382	883.898	-4.41922	-18.6446	-7.86857	
1142	664.602	88.1297	862.335	-4.51895	-18.521	-7.80496	
1143	689.967	84.5146	915.975	-4.55388	-18.5082	-7.82123	
1144	687.786	65.2276	962.874	-4.52767	-18.6675	-7.8865	
1145	671.79	65.4168	945.768	-4.47709	-18.6853	-7.87396	
1146	692.747	82.7985	941.017	-4.42084	-18.6466	-7.84726	
1147	729.762	85.9489	962.143	-4.34073	-18.7408	-7.91376	
1148	730.799	88.1923	959.593	-4.28608	-18.8158	-7.96297	
1149	735.368	120.303	955.281	-4.35357	-18.7075	-7.92581	
1150	773.484	147.965	992.595	-4.49009	-18.6193	-7.93601	
1151	770.901	139.408	1034.96	-4.57663	-18.7315	-7.96928	
1152	723.339	139.068	1030.69	-4.59273	-18.7747	-7.94977	
1153	714.313	152.509	1002.53	-4.57884	-18.6917	-7.96486	
1154	734.22	134.863	975.271	-4.56688	-18.7749	-8.05061	
1155	725.695	125.04	938.259	-4.57079	-18.8812	-8.05735	
1156	721.509	151.176	954.684	-4.56337	-18.8378	-7.98715	
1157	734.879	149.96	993.114	-4.57285	-18.8447	-8.01278	
1158	720.475	123.887	963.141	-4.60513	-18.859	-8.07465	
1159	703.242	131.7	979.205	-4.53877	-18.8285	-8.08199	
1160	701.211	157.365	1026.07	-4.48677	-18.8912	-8.05759	
1161	688.741	157.517	970.149	-4.57602	-18.9066	-8.0672	
1162	673.337	140.84	914.504	-4.62631	-18.86	-8.13205	
1163	654.891	139.927	914.845	-4.58877	-18.9344	-8.15912	
1164	627.503	152.233	876.827	-4.57258	-18.9701	-8.17442	
1165	610.033	151.309	825.406	-4.60585	-18.8885	-8.17246	
1166	612.548	141.195	835.319	-4.59146	-18.9228	-8.1322	
1167	612.67	143.563	844.871	-4.50236	-19.0516	-8.17166	
1168	583.755	151.646	785.739	-4.48255	-19.0134	-8.2373	
1169	534.948	155.048	729.478	-4.50675	-18.8957	-8.21317	
1170	505.675	168.296	723.206	-4.5343	-18.9675	-8.17257	
1171	504.387	178.916	709.866	-4.63443	-19.0524	-8.20678	
1172	489.945	157.113	682.055	-4.73672	-19.0235	-8.28691	
1173	452.585	130.047	671.091	-4.76722	-19.1041	-8.29939	
1174	435.467	127.574	649.58	-4.69913	-19.1327	-8.23665	
1175	442.164	125.827	589.65	-4.60861	-18.9628	-8.27418	
1176	406.719	112.896	524.892	-4.59736	-18.9618	-8.34202	
1177	345.472	100.382	495	-4.55807	-19.1415	-8.26093	
1178	342.558	93.8202	480.96	-4.5187	-19.1434	-8.26194	
1179	334.872	101.011	479.347	-4.57494	-19.0511	-8.38138	
1180	269.685	108.828	485.374	-4.56034	-19.1155	-8.33978	
1181	250.052	97.4352	444.139	-4.48079	-19.1662	-8.28035	
1182	276.795	91.8008	387.528	-4.51642	-19.0656	-8.39755	
1183	242.54	109.591	357.285	-4.59412	-19.1057	-8.42986	
1184	173.935	108.585	300.321	-4.61792	-19.2678	-8.27125	
1185	165.363	71.7392	233.529	-4.63956	-19.2282	-8.26711	
1186	179.395	55.8503	216.698	-4.61632	-19.1759	-8.43322	
1187	149.885	73.6078	201.527	-4.51251	-19.2664	-8.41516	
1188	125.449	63.9792	164.528	-4.4423	-19.2514	-8.30842	
1189	129.16	42.6083	162.248	-4.4875	-19.1917	-8.38384	
1190	107.274	67.5083	164.804	-4.61261	-19.2442	-8.45701	
1191	70.0481	80.2426	131.151	-4.68619	-19.2465	-8.36832	
1192	67.1212	29.643	120.066	-4.64679	-19.1612	-8.37711	
1193	63.3437	0.0171748	137.665	-4.62661	-19.1739	-8.49427	
1194	19.5565	25.3584	114.819	-4.65621	-19.2809	-8.42605	
1195	-13.0513	16.3249	65.7121	-4.57764	-19.3177	-8.32368	
1196	-19.594	-33.6397	26.744	-4.43761	-19.343	-8.37981	
1197	-19.8301	-34.3474	-11.3719	-4.40739	-19.4417	-8.42147	
1198	1.28788	6.31921	-24.7462	-4.4387	-19.4414	-8.40126	
1199	8.66719	9.97558	2.29555	-4.45405	-19.3702	-8.33441	
