0	0	0	0	0	0	0	
1	0	0	0	0	0	0	
2	0	1.41742e-10	0	-3.03244e-13	5.41615e-31	8.91257e-16	
3	1.18606e-25	4.36727e-09	-3.41512e-27	-9.47719e-12	-6.29213e-27	2.83522e-14	
4	3.43936e-23	6.55873e-08	3.12601e-20	-1.44412e-10	-1.15289e-24	4.40758e-13	
5	3.54504e-21	6.39519e-07	3.28279e-18	-1.42917e-09	-6.11977e-23	4.46198e-12	
6	1.58566e-19	4.54989e-06	1.3386e-16	-1.03228e-08	-1.68912e-21	3.30712e-11	
7	3.99213e-18	2.51639e-05	3.08809e-15	-5.79763e-08	-2.99806e-20	1.91299e-10	
8	6.59343e-17	0.00011255	4.73938e-14	-2.63381e-07	-3.81692e-19	8.99004e-10	
9	7.837e-16	0.00041815	5.29556e-13	-9.94026e-07	-3.72364e-18	3.52828e-09	
10	7.12029e-15	0.00131535	4.56129e-12	-3.1766e-06	-2.90898e-17	1.17991e-08	
11	5.15585e-14	0.00355355	3.15002e-11	-8.71795e-06	-1.87793e-16	3.41434e-08	
12	3.06754e-13	0.00833649	1.79478e-10	-2.07715e-05	-1.02566e-15	8.65622e-08	
13	1.53473e-12	0.0171355	8.62243e-10	-4.33419e-05	-4.82711e-15	1.94308e-07	
14	6.57615e-12	0.0311042	3.55341e-09	-7.9799e-05	-1.98681e-14	3.89888e-07	
15	2.44967e-11	0.0502458	1.27404e-08	-0.000130582	-7.24038e-14	7.05828e-07	
16	8.03426e-11	0.0728569	4.02214e-08	-0.000191444	-2.36091e-13	1.16394e-06	
17	2.346e-10	0.0958266	1.13003e-07	-0.000253959	-6.95251e-13	1.76649e-06	
18	6.16131e-10	0.115811	2.85335e-07	-0.000308681	-1.86463e-12	2.4947e-06	
19	1.46941e-09	0.130472	6.53638e-07	-0.000348888	-4.58989e-12	3.31509e-06	
20	3.21189e-09	0.138731	1.37108e-06	-0.000371778	-1.04455e-11	4.18741e-06	
21	6.4929e-09	0.1399	2.65782e-06	-0.000376106	-2.21293e-11	5.06708e-06	
22	1.22448e-08	0.132757	4.80414e-06	-0.000359051	-4.39294e-11	5.90184e-06	
23	2.1719e-08	0.115744	8.16546e-06	-0.00031616	-8.22135e-11	6.62962e-06	
24	3.64981e-08	0.0881271	1.31473e-05	-0.000244734	-1.45873e-10	7.18375e-06	
25	5.84734e-08	0.0507386	2.01755e-05	-0.000146664	-2.46627e-10	7.50279e-06	
26	8.97668e-08	0.00540411	2.96471e-05	-2.72521e-05	-3.99093e-10	7.53679e-06	
27	1.3259e-07	-0.0461091	4.18616e-05	0.000108287	-6.20484e-10	7.24693e-06	
28	1.89038e-07	-0.102215	5.6943e-05	0.000255974	-9.29853e-10	6.60437e-06	
29	2.60838e-07	-0.160666	7.47613e-05	0.000410574	-1.3468e-09	5.59443e-06	
30	3.49055e-07	-0.218121	9.48589e-05	0.000563461	-1.88965e-09	4.22348e-06	
31	4.53769e-07	-0.270904	0.000116383	0.000704328	-2.57306e-09	2.52106e-06	
32	5.73746e-07	-0.31597	0.000138037	0.000824627	-3.40532e-09	5.35953e-07	
33	7.06142e-07	-0.350863	0.000158075	0.000918171	-4.3854e-09	-1.66754e-06	
34	8.46299e-07	-0.373031	0.000174347	0.000978773	-5.5e-09	-4.00893e-06	
35	9.87653e-07	-0.379839	0.000184399	0.000999311	-6.72107e-09	-6.39099e-06	
36	1.12177e-06	-0.369452	0.000185606	0.000974225	-8.00396e-09	-8.70476e-06	
37	1.23854e-06	-0.34137	0.000175361	0.000901941	-9.28675e-09	-1.08379e-05	
38	1.32657e-06	-0.295962	0.000151307	0.000783886	-1.04908e-08	-1.26802e-05	
39	1.37376e-06	-0.233921	0.000111616	0.000622155	-1.15231e-08	-1.41256e-05	
40	1.3681e-06	-0.156598	5.52494e-05	0.000419819	-1.22802e-08	-1.5076e-05	
41	1.29847e-06	-0.0666235	-1.78118e-05	0.000183264	-1.26539e-08	-1.54501e-05	
42	1.15563e-06	0.0322889	-0.000106373	-7.75163e-05	-1.25386e-08	-1.51893e-05	
43	9.33225e-07	0.136114	-0.000207877	-0.000351397	-1.18395e-08	-1.42607e-05	
44	6.2872e-07	0.240759	-0.000318354	-0.000627679	-1.04819e-08	-1.2657e-05	
45	2.44196e-07	0.34166	-0.000432505	-0.000894857	-8.42014e-09	-1.04e-05	
46	-2.13093e-07	0.433749	-0.000543909	-0.00113961	-5.64593e-09	-7.54373e-06	
47	-7.30407e-07	0.512179	-0.000645308	-0.00134858	-2.19532e-09	-4.17356e-06	
48	-1.28953e-06	0.572901	-0.000728983	-0.00151083	1.84685e-09	-4.01341e-07	
49	-1.86719e-06	0.612494	-0.000787255	-0.00161767	6.34524e-09	3.63825e-06	
50	-2.43592e-06	0.627934	-0.000813055	-0.00166133	1.11159e-08	7.78991e-06	
51	-2.96529e-06	0.617031	-0.00080048	-0.00163556	1.59317e-08	1.18827e-05	
52	-3.42338e-06	0.579027	-0.000745281	-0.00153788	2.05319e-08	1.57391e-05	
53	-3.77861e-06	0.51453	-0.000645322	-0.00137001	2.46351e-08	1.91831e-05	
54	-4.00178e-06	0.425072	-0.00050097	-0.00113631	2.79549e-08	2.20464e-05	
55	-4.0681e-06	0.313132	-0.000315328	-0.000843068	3.02184e-08	2.41745e-05	
56	-3.95914e-06	0.182526	-9.42294e-05	-0.000499815	3.11851e-08	2.54357e-05	
57	-3.6645e-06	0.0383322	0.000153921	-0.000119932	3.06665e-08	2.57289e-05	
58	-3.18321e-06	-0.113722	0.000418424	0.00028108	2.85431e-08	2.49892e-05	
59	-2.52465e-06	-0.267612	0.000686726	0.000687318	2.47795e-08	2.31904e-05	
60	-1.70883e-06	-0.416885	0.000945088	0.00108217	1.94346e-08	2.03484e-05	
61	-7.65946e-07	-0.554738	0.00117936	0.00144779	1.26668e-08	1.6525e-05	
62	2.64659e-07	-0.674647	0.00137577	0.00176651	4.73315e-09	1.1827e-05	
63	1.33608e-06	-0.770906	0.00152159	0.00202303	-4.01865e-09	6.40208e-06	
64	2.39612e-06	-0.83863	0.00160602	0.00220471	-1.3164e-08	4.34854e-07	
65	3.39014e-06	-0.873714	0.00162089	0.00230084	-2.22218e-08	-5.8576e-06	
66	4.26407e-06	-0.873269	0.00156119	0.00230338	-3.06796e-08	-1.22328e-05	
67	4.96748e-06	-0.836089	0.00142542	0.00220876	-3.80226e-08	-1.84333e-05	
68	5.45657e-06	-0.762606	0.00121575	0.00201819	-4.37645e-08	-2.41977e-05	
69	5.69712e-06	-0.65461	0.000938163	0.00173658	-4.74784e-08	-2.92697e-05	
70	5.66676e-06	-0.515338	0.000602296	0.00137215	-4.88249e-08	-3.34087e-05	
71	5.35653e-06	-0.349758	0.000220938	0.000937557	-4.75772e-08	-3.64021e-05	
72	4.77173e-06	-0.164459	-0.000190503	0.000450145	-4.36393e-08	-3.80782e-05	
73	3.93209e-06	0.0327417	-0.000614554	-6.92748e-05	-3.70576e-08	-3.83161e-05	
74	2.87109e-06	0.232963	-0.00103239	-0.000597434	-2.80236e-08	-3.70549e-05	
75	1.63436e-06	0.426353	-0.00142478	-0.00110864	-1.68692e-08	-3.43029e-05	
76	2.77311e-07	0.602847	-0.00177301	-0.00157606	-4.05317e-09	-3.01409e-05	
77	-1.13747e-06	0.753614	-0.00205962	-0.00197564	9.85988e-09	-2.47176e-05	
78	-2.54321e-06	0.87223	-0.0022691	-0.00228998	2.42261e-08	-1.82355e-05	
79	-3.87238e-06	0.95477	-0.00238877	-0.00250903	3.83536e-08	-1.09371e-05	
80	-5.06015e-06	0.999059	-0.00240953	-0.00262755	5.15368e-08	-3.09399e-06	
81	-6.04747e-06	1.00383	-0.00232626	-0.00264244	6.3091e-08	4.99869e-06	
82	-6.78374e-06	0.968455	-0.00213804	-0.00255194	7.23865e-08	1.30276e-05	
83	-7.22931e-06	0.893414	-0.00184852	-0.00235699	7.88802e-08	2.06701e-05	
84	-7.35763e-06	0.781302	-0.00146607	-0.00206387	8.21428e-08	2.76101e-05	
85	-7.15643e-06	0.637202	-0.00100355	-0.00168568	8.18817e-08	3.35574e-05	
86	-6.62822e-06	0.467804	-0.000477787	-0.00124044	7.79578e-08	3.82615e-05	
87	-5.79038e-06	0.280012	9.08909e-05	-0.000746984	7.0396e-08	4.15175e-05	
88	-4.67477e-06	0.0806435	0.000679167	-0.000223088	5.93878e-08	4.31698e-05	
89	-3.32655e-06	-0.122698	0.00126169	0.000312125	4.52885e-08	4.31219e-05	
90	-1.80203e-06	-0.321253	0.00181237	0.000835926	2.86054e-08	4.1347e-05	
91	-1.66326e-07	-0.506271	0.00230545	0.00132449	9.98019e-09	3.78923e-05	
92	1.50913e-06	-0.670412	0.0027165	0.00175779	-9.83643e-09	3.28722e-05	
93	3.14972e-06	-0.807721	0.00302364	0.0021206	-3.00152e-08	2.64618e-05	
94	4.68128e-06	-0.912745	0.00320894	0.0023994	-4.96842e-08	1.88945e-05	
95	6.03371e-06	-0.980618	0.00325955	0.00258115	-6.79678e-08	1.04579e-05	
96	7.14397e-06	-1.00825	0.0031682	0.00265673	-8.40279e-08	1.48114e-06	
97	7.95907e-06	-0.994958	0.00293382	0.00262407	-9.71036e-08	-7.68286e-06	
98	8.43904e-06	-0.941693	0.0025621	0.00248641	-1.06549e-07	-1.66712e-05	
99	8.55916e-06	-0.850362	0.00206564	0.00224908	-1.11866e-07	-2.51216e-05	
100	8.31103e-06	-0.724198	0.00146324	0.00191984	-1.12729e-07	-3.26858e-05	
101	7.70281e-06	-0.568403	0.000779107	0.00151174	-1.09004e-07	-3.90475e-05	
102	6.75929e-06	-0.389736	4.21368e-05	0.0010429	-1.00753e-07	-4.39379e-05	
103	5.52095e-06	-0.195483	-0.000715202	0.000533073	-8.82341e-08	-4.71451e-05	
104	4.04181e-06	0.00686285	-0.00145866	1.69914e-06	-7.18899e-08	-4.85201e-05	
105	2.38651e-06	0.209234	-0.0021541	-0.000530663	-5.23263e-08	-4.79858e-05	
106	6.27585e-07	0.403111	-0.0027688	-0.00104158	-3.02858e-08	-4.55436e-05	
107	-1.15762e-06	0.580425	-0.00327294	-0.00150923	-6.61612e-09	-4.12734e-05	
108	-2.89073e-06	0.734209	-0.00364128	-0.00191513	1.77658e-08	-3.53287e-05	
109	-4.4963e-06	0.858459	-0.00385485	-0.00224393	4.19098e-08	-2.79308e-05	
110	-5.90487e-06	0.947983	-0.00390159	-0.00248215	6.48689e-08	-1.93634e-05	
111	-7.05558e-06	0.998895	-0.00377671	-0.00261908	8.57344e-08	-9.96158e-06	
112	-7.89897e-06	1.0092	-0.00348323	-0.00264906	1.03668e-07	-9.71781e-08	
113	-8.39945e-06	0.978723	-0.0030322	-0.00257181	1.17932e-07	9.83747e-06	
114	-8.53655e-06	0.908674	-0.00244205	-0.00239076	1.27916e-07	1.94436e-05	
115	-8.30515e-06	0.801667	-0.00173733	-0.00211248	1.3316e-07	2.83311e-05	
116	-7.71575e-06	0.662004	-0.000947749	-0.00174781	1.3337e-07	3.61355e-05	
117	-6.79433e-06	0.49554	-0.00010732	-0.00131214	1.28439e-07	4.25352e-05	
118	-5.58103e-06	0.309096	0.000747396	-0.000823666	1.18448e-07	4.72637e-05	
119	-4.12761e-06	0.110069	0.00157938	-0.000301764	1.03674e-07	5.01196e-05	
120	-2.4952e-06	-0.0935742	0.00235263	0.000232999	8.4583e-08	5.09764e-05	
121	-7.52062e-07	-0.293448	0.00303324	0.000758674	6.18162e-08	4.97892e-05	
122	1.02952e-06	-0.481326	0.00359099	0.00125335	3.61715e-08	4.65971e-05	
123	2.77706e-06	-0.649684	0.0040011	0.00169711	8.57382e-09	4.15215e-05	
124	4.421e-06	-0.791824	0.00424526	0.00207254	-1.99594e-08	3.47605e-05	
125	5.89686e-06	-0.901922	0.00431175	0.00236442	-4.83587e-08	2.65832e-05	
126	7.1478e-06	-0.975377	0.00419602	0.0025604	-7.55455e-08	1.73188e-05	
127	8.12729e-06	-1.00924	0.00390146	0.00265241	-1.00476e-07	7.34262e-06	
128	8.80062e-06	-1.00227	0.00343923	0.00263721	-1.22185e-07	-2.94009e-06	
129	9.1451e-06	-0.954738	0.00282721	0.0025156	-1.39821e-07	-1.31101e-05	
130	9.15019e-06	-0.868455	0.0020893	0.0022921	-1.52681e-07	-2.27506e-05	
131	8.81809e-06	-0.746895	0.00125509	0.00197552	-1.60235e-07	-3.14656e-05	
132	8.1632e-06	-0.595099	0.00035874	0.001579	-1.62145e-07	-3.8897e-05	
133	7.2105e-06	-0.419262	-0.000563024	0.00111891	-1.58272e-07	-4.47393e-05	
134	5.99408e-06	-0.226412	-0.00147248	0.000613663	-1.48684e-07	-4.87516e-05	
135	4.55664e-06	-0.0243125	-0.00233181	8.3373e-05	-1.33647e-07	-5.07676e-05	
136	2.94832e-06	0.178759	-0.00310445	-0.000450294	-1.13619e-07	-5.0704e-05	
137	1.22444e-06	0.3745	-0.00375734	-0.000965358	-8.92335e-08	-4.85635e-05	
138	-5.56349e-07	0.555045	-0.00426253	-0.00144105	-6.12842e-08	-4.44337e-05	
139	-2.33296e-06	0.713153	-0.00459767	-0.00185845	-3.06977e-08	-3.84835e-05	
140	-4.04318e-06	0.842361	-0.00474679	-0.00220062	1.49134e-09	-3.09569e-05	
141	-5.62629e-06	0.93735	-0.00470173	-0.00245334	3.41725e-08	-2.21627e-05	
142	-7.02551e-06	0.994306	-0.0044629	-0.00260633	6.61948e-08	-1.2461e-05	
143	-8.18922e-06	1.01101	-0.00403862	-0.00265373	9.64056e-08	-2.24777e-06	
144	-9.07242e-06	0.986758	-0.00344446	-0.0025937	1.23692e-07	8.06042e-06	
145	-9.63944e-06	0.922454	-0.00270341	-0.00242836	1.47022e-07	1.80436e-05	
146	-9.86619e-06	0.82071	-0.00184536	-0.00216429	1.65488e-07	2.72958e-05	
147	-9.74071e-06	0.685736	-0.000905153	-0.00181245	1.78343e-07	3.54424e-05	
148	-9.26337e-06	0.523011	7.9335e-05	-0.00138727	1.85036e-07	4.21544e-05	
149	-8.44794e-06	0.339049	0.00106809	-0.000905753	1.85235e-07	4.71611e-05	
150	-7.32208e-06	0.141289	0.00202011	-0.000387205	1.78847e-07	5.02617e-05	
151	-5.92571e-06	-0.0621777	0.0028958	0.000147164	1.6602e-07	5.13329e-05	
152	-4.30875e-06	-0.263074	0.00365931	0.000675468	1.47146e-07	5.03343e-05	
153	-2.52994e-06	-0.453328	0.00427933	0.00117645	1.22842e-07	4.73084e-05	
154	-6.55479e-07	-0.625268	0.0047297	0.00163004	9.39287e-08	4.23793e-05	
155	1.24427e-06	-0.771861	0.0049912	0.00201775	6.14043e-08	3.5748e-05	
156	3.09839e-06	-0.887121	0.00505306	0.00232361	2.64045e-08	2.76839e-05	
157	4.8375e-06	-0.96643	0.00491273	0.00253528	-9.8345e-09	1.85136e-05	
158	6.39524e-06	-1.00663	0.00457512	0.00264444	-4.60191e-08	8.60753e-06	
159	7.71146e-06	-1.00604	0.00405303	0.00264664	-8.08411e-08	-1.63431e-06	
160	8.73553e-06	-0.964626	0.00336745	0.00254151	-1.13022e-07	-1.17982e-05	
161	9.42768e-06	-0.884109	0.0025461	0.00233331	-1.41357e-07	-2.14739e-05	
162	9.75945e-06	-0.767811	0.00162129	0.00203072	-1.64757e-07	-3.02714e-05	
163	9.71542e-06	-0.620417	0.000629227	0.00164605	-1.82288e-07	-3.78357e-05	
164	9.2953e-06	-0.447837	-0.000390476	0.00119463	-1.93212e-07	-4.38611e-05	
165	8.51371e-06	-0.257085	-0.00139688	0.000694685	-1.97017e-07	-4.81041e-05	
166	7.39857e-06	-0.0559588	-0.00235042	0.0001667	-1.93448e-07	-5.03934e-05	
167	5.99074e-06	0.147401	-0.00321401	-0.000367827	-1.82525e-07	-5.06364e-05	
168	4.34403e-06	0.344816	-0.00395331	-0.000887448	-1.64548e-07	-4.8823e-05	
169	2.52282e-06	0.528282	-0.00453846	-0.00137123	-1.40103e-07	-4.50264e-05	
170	5.98176e-07	0.690297	-0.00494648	-0.00179938	-1.10041e-07	-3.94006e-05	
171	-1.35484e-06	0.824287	-0.00516176	-0.00215439	-7.54519e-08	-3.21739e-05	
172	-3.25874e-06	0.924883	-0.00517534	-0.00242205	-3.76216e-08	-2.36398e-05	
173	-5.03711e-06	0.988019	-0.00498558	-0.00259167	2.01615e-09	-1.41449e-05	
174	-6.61945e-06	1.01108	-0.00459953	-0.00265624	4.19414e-08	-4.07561e-06	
175	-7.94403e-06	0.993097	-0.0040324	-0.00261295	8.06118e-08	6.1579e-06	
176	-8.95885e-06	0.934867	-0.00330559	-0.00246368	1.16528e-07	1.61388e-05	
177	-9.62365e-06	0.838773	-0.00244601	-0.00221467	1.48294e-07	2.54605e-05	
178	-9.91316e-06	0.708656	-0.00148653	-0.00187593	1.74678e-07	3.37427e-05	
179	-9.81789e-06	0.549758	-0.000464651	-0.00146097	1.94654e-07	4.06475e-05	
180	-9.34258e-06	0.368569	0.000580438	-0.000986689	2.07441e-07	4.58932e-05	
181	-8.50547e-06	0.17247	0.00160931	-0.000472513	2.12527e-07	4.92661e-05	
182	-7.33917e-06	-0.0306326	0.00258224	6.07603e-05	2.09683e-07	5.06289e-05	
183	-5.88944e-06	-0.232547	0.00346057	0.000591726	1.98966e-07	4.99261e-05	
184	-4.21156e-06	-0.425049	0.0042098	0.00109884	1.80709e-07	4.71867e-05	
185	-2.36782e-06	-0.600291	0.00480104	0.00156135	1.55511e-07	4.25235e-05	
186	-4.27065e-07	-0.751201	0.00521051	0.0019605	1.2421e-07	3.61273e-05	
187	1.53716e-06	-0.871708	0.00542013	0.00228031	8.78614e-08	2.82594e-05	
188	3.45104e-06	-0.956901	0.00541996	0.00250784	4.77037e-08	1.92413e-05	
189	5.2437e-06	-1.00328	0.00520902	0.00263369	5.1226e-09	9.44158e-06	
190	6.8478e-06	-1.00897	0.0047937	0.00265268	-3.83891e-08	-7.3977e-07	
191	8.20115e-06	-0.973809	0.00418715	0.00256426	-8.1276e-08	-1.08875e-05	
192	9.25096e-06	-0.899197	0.00341055	0.00237205	-1.21968e-07	-2.05881e-05	
193	9.9567e-06	-0.788108	0.00249313	0.00208368	-1.58935e-07	-2.94458e-05	
194	1.02899e-05	-0.645052	0.00146935	0.00171073	-1.90736e-07	-3.70996e-05	
195	1.02346e-05	-0.475881	0.000377045	0.0012685	-2.16081e-07	-4.3238e-05	
196	9.78933e-06	-0.287446	-0.00074228	0.000774993	-2.33876e-07	-4.76112e-05	
197	8.96943e-06	-0.0873344	-0.00184409	0.000250066	-2.4328e-07	-5.00413e-05	
198	7.80406e-06	0.116345	-0.00288426	-0.000285132	-2.4374e-07	-5.04291e-05	
199	6.33425e-06	0.315285	-0.00382176	-0.000808776	-2.35028e-07	-4.87594e-05	
200	4.61311e-06	0.501415	-0.00461861	-0.00129951	-2.1726e-07	-4.51004e-05	
201	2.70534e-06	0.66724	-0.00524035	-0.00173758	-1.90902e-07	-3.96016e-05	
202	6.83022e-07	0.806047	-0.00565925	-0.00210536	-1.56765e-07	-3.24869e-05	
203	-1.37863e-06	0.912164	-0.00585672	-0.00238785	-1.15985e-07	-2.4047e-05	
204	-3.40238e-06	0.98127	-0.00582263	-0.00257346	-6.99837e-08	-1.46265e-05	
205	-5.31009e-06	1.01061	-0.00555452	-0.00265473	-2.04223e-08	-4.60995e-06	
206	-7.02728e-06	0.999008	-0.00505951	-0.00262855	3.08558e-08	5.59343e-06	
207	-8.48773e-06	0.946897	-0.00435567	-0.0024959	8.1894e-08	1.55665e-05	
208	-9.63436e-06	0.85636	-0.00346987	-0.00226199	1.30696e-07	2.49009e-05	
209	-1.04194e-05	0.731105	-0.00243517	-0.00193636	1.75305e-07	3.32147e-05	
210	-1.08079e-05	0.576237	-0.00129115	-0.00153236	2.13877e-07	4.01671e-05	
211	-1.07813e-05	0.397996	-8.40318e-05	-0.00106636	2.44765e-07	4.5473e-05	
212	-1.03367e-05	0.203576	0.00113663	-0.000557048	2.66585e-07	4.89141e-05	
213	-9.4857e-06	0.000889506	0.00232188	-2.51068e-05	2.7828e-07	5.03485e-05	
214	-8.25497e-06	-0.201813	0.00342394	0.000507739	2.79177e-07	4.97169e-05	
215	-6.68833e-06	-0.396344	0.00439636	0.00101989	2.6902e-07	4.70442e-05	
216	-4.84402e-06	-0.574851	0.00519723	0.00149075	2.47996e-07	4.2439e-05	
217	-2.7903e-06	-0.730074	0.00579308	0.00190125	2.16738e-07	3.60893e-05	
218	-6.04066e-07	-0.855681	0.00615912	0.00223459	1.76313e-07	2.8255e-05	
219	1.62954e-06	-0.946598	0.0062781	0.00247721	1.28182e-07	1.9257e-05	
220	3.82142e-06	-0.999179	0.0061422	0.00261946	7.41522e-08	9.46363e-06	
221	5.88477e-06	-1.01127	0.00575573	0.00265559	1.63072e-08	-7.23703e-07	
222	7.73784e-06	-0.982349	0.0051339	0.00258401	-4.30787e-08	-1.08872e-05	
223	9.30459e-06	-0.91359	0.00429988	0.00240755	-1.01631e-07	-2.06101e-05	
224	1.05185e-05	-0.807821	0.00328476	0.00213352	-1.56973e-07	-2.94938e-05	
225	1.13284e-05	-0.669321	0.00212882	0.00177309	-2.06826e-07	-3.71741e-05	
226	1.16997e-05	-0.503663	0.000879128	0.00134074	-2.49102e-07	-4.3336e-05	
227	1.16136e-05	-0.317565	-0.000414893	0.000853914	-2.81994e-07	-4.77268e-05	
228	1.10675e-05	-0.118611	-0.00170281	0.000332472	-3.04048e-07	-5.01665e-05	
229	1.0079e-05	0.0851349	-0.00293248	-0.000202355	-3.14227e-07	-5.05552e-05	
230	8.68449e-06	0.285454	-0.00405264	-0.000729002	-3.11955e-07	-4.88767e-05	
231	6.93508e-06	0.474228	-0.0050177	-0.00122623	-2.97143e-07	-4.51995e-05	
232	4.89468e-06	0.643767	-0.00578914	-0.00167378	-2.70198e-07	-3.96739e-05	
233	2.64069e-06	0.787189	-0.00633435	-0.00205342	-2.32013e-07	-3.2526e-05	
234	2.61305e-07	0.89872	-0.0066281	-0.00234983	-1.83939e-07	-2.40476e-05	
235	-2.15094e-06	0.973846	-0.00665653	-0.00255113	-1.27739e-07	-1.45852e-05	
236	-4.50305e-06	1.00949	-0.00641774	-0.0026491	-6.5527e-08	-4.52507e-06	
237	-6.70198e-06	1.00418	-0.00591903	-0.00263963	3.09621e-10	5.72189e-06	
238	-8.65781e-06	0.95818	-0.00517668	-0.00252318	6.71959e-08	1.57376e-05	
239	-1.02904e-05	0.873363	-0.00421834	-0.0023046	1.32469e-07	2.51137e-05	
240	-1.15337e-05	0.753135	-0.00308237	-0.0019927	1.9348e-07	3.34679e-05	
241	-1.23348e-05	0.602349	-0.00181339	-0.0016	2.47705e-07	4.04596e-05	
242	-1.26562e-05	0.427149	-0.000460162	-0.00114243	2.92846e-07	4.58041e-05	
243	-1.24798e-05	0.234657	0.000923336	-0.000638693	3.26934e-07	4.9284e-05	
244	-1.18097e-05	0.032649	0.00227945	-0.000109169	3.48416e-07	5.07581e-05	
245	-1.0669e-05	-0.170712	0.0035522	0.000424817	3.56231e-07	5.01666e-05	
246	-9.09745e-06	-0.367155	0.00469047	0.000941611	3.49863e-07	4.75341e-05	
247	-7.15368e-06	-0.548692	0.00564709	0.00142014	3.29373e-07	4.29686e-05	
248	-4.91414e-06	-0.707986	0.00637996	0.001841	2.95412e-07	3.66565e-05	
249	-2.46724e-06	-0.838607	0.00685691	0.00218727	2.49199e-07	2.88552e-05	
250	9.18265e-08	-0.93524	0.00705824	0.00244494	1.9248e-07	1.98827e-05	
251	2.66204e-06	-0.993938	0.00697476	0.00260343	1.27459e-07	1.01046e-05	
252	5.13871e-06	-1.01234	0.00660689	0.00265629	5.67131e-08	-8.10286e-08	
253	7.42056e-06	-0.989725	0.00596764	0.00260151	-1.69168e-08	-1.02599e-05	
254	9.41608e-06	-0.927	0.00508369	0.00244135	-9.04433e-08	-2.00182e-05	
255	1.10445e-05	-0.826675	0.00399136	0.00218217	-1.60859e-07	-2.89595e-05	
256	1.2237e-05	-0.692827	0.00273344	0.00183443	-2.25263e-07	-3.67207e-05	
257	1.29422e-05	-0.530914	0.0013602	0.00141234	-2.80986e-07	-4.29874e-05	
258	1.31308e-05	-0.347492	-7.08711e-05	0.000933073	-3.25703e-07	-4.75061e-05	
259	1.27944e-05	-0.149962	-0.00150027	0.000415935	-3.57534e-07	-5.00943e-05	
260	1.19435e-05	0.053664	-0.00287098	-0.000118178	-3.75121e-07	-5.06484e-05	
261	1.06095e-05	0.255098	-0.00412822	-0.000647514	-3.7769e-07	-4.91472e-05	
262	8.84609e-06	0.446177	-0.00521951	-0.00115054	-3.6508e-07	-4.56536e-05	
263	6.72521e-06	0.619188	-0.00609937	-0.00160698	-3.37755e-07	-4.03108e-05	
264	4.33115e-06	0.767121	-0.00673359	-0.0019984	-2.96781e-07	-3.3337e-05	
265	1.75908e-06	0.883945	-0.00709803	-0.00230886	-2.43785e-07	-2.50166e-05	
266	-8.85696e-07	0.964923	-0.00717707	-0.00252568	-1.80887e-07	-1.56883e-05	
267	-3.49389e-06	1.0068	-0.0069665	-0.00264015	-1.10613e-07	-5.73141e-06	
268	-5.96005e-06	1.0079	-0.00647633	-0.00264775	-3.57939e-08	4.44987e-06	
269	-8.18526e-06	0.968126	-0.00572801	-0.00254808	4.05511e-08	1.44423e-05	
270	-1.00779e-05	0.889096	-0.00475073	-0.00234508	1.15337e-07	2.38405e-05	
271	-1.15589e-05	0.774042	-0.00358231	-0.00204705	1.85539e-07	3.22637e-05	
272	-1.25685e-05	0.627638	-0.00227058	-0.00166617	2.48312e-07	3.93712e-05	
273	-1.30674e-05	0.45579	-0.000869508	-0.00121783	3.01109e-07	4.48754e-05	
274	-1.30351e-05	0.26545	0.000566007	-0.000720075	3.41781e-07	4.85539e-05	
275	-1.24712e-05	0.0643614	0.00198051	-0.000193127	3.68668e-07	5.02585e-05	
276	-1.13996e-05	-0.139309	0.00331695	0.00034155	3.80661e-07	4.99214e-05	
277	-9.8664e-06	-0.337331	0.00452057	0.000862321	3.77253e-07	4.7557e-05	
278	-7.93409e-06	-0.521696	0.00554432	0.0013482	3.58555e-07	4.32621e-05	
279	-5.67973e-06	-0.684908	0.00634925	0.00177947	3.25298e-07	3.72118e-05	
280	-3.19544e-06	-0.820331	0.00690263	0.00213855	2.78798e-07	2.96522e-05	
281	-5.84377e-07	-0.922499	0.00718052	0.0024109	2.2091e-07	2.08906e-05	
282	2.04734e-06	-0.987291	0.00717223	0.00258559	1.53951e-07	1.12828e-05	
283	4.59501e-06	-1.01206	0.00687967	0.00265556	8.06088e-08	1.21883e-06	
284	6.95556e-06	-0.995786	0.0063137	0.00261784	3.83431e-09	-8.89256e-06	
285	9.03148e-06	-0.93914	0.00549469	0.00247397	-7.32768e-08	-1.86409e-05	
286	1.07387e-05	-0.844445	0.00445534	0.00222988	-1.47609e-07	-2.76307e-05	
287	1.20103e-05	-0.715524	0.0032387	0.00189549	-2.16152e-07	-3.54971e-05	
288	1.27958e-05	-0.557579	0.00189279	0.00148423	-2.76123e-07	-4.19208e-05	
289	1.30614e-05	-0.377024	0.000469216	0.00101275	-3.25081e-07	-4.66411e-05	
290	1.27964e-05	-0.181205	-0.000975172	0.000500263	-3.61025e-07	-4.94665e-05	
291	1.20137e-05	0.0219507	-0.00238086	-3.24282e-05	-3.82475e-07	-5.02827e-05	
292	1.07462e-05	0.224236	-0.00369183	-0.000563837	-3.88536e-07	-4.90566e-05	
293	9.04331e-06	0.417442	-0.00485773	-0.00107247	-3.78934e-07	-4.58381e-05	
294	6.97355e-06	0.593711	-0.0058321	-0.00153762	-3.54027e-07	-4.07582e-05	
295	4.6229e-06	0.745903	-0.00657414	-0.00194037	-3.14791e-07	-3.40235e-05	
296	2.08771e-06	0.867878	-0.00705418	-0.00226451	-2.62781e-07	-2.59077e-05	
297	-5.31175e-07	0.954688	-0.00725513	-0.00249694	-2.0007e-07	-1.67407e-05	
298	-3.12883e-06	1.00279	-0.00716937	-0.00262817	-1.29159e-07	-6.8951e-06	
299	-5.59832e-06	1.01023	-0.00679851	-0.00265282	-5.28809e-08	3.22887e-06	
300	-7.83858e-06	0.976733	-0.0061571	-0.00256995	2.5715e-08	1.32197e-05	
301	-9.76097e-06	0.903667	-0.00527268	-0.00238301	1.03488e-07	2.26713e-05	
302	-1.12894e-05	0.793962	-0.00418092	-0.00209949	1.7733e-07	3.11995e-05	
303	-1.23606e-05	0.652064	-0.00292326	-0.00173082	2.44287e-07	3.84573e-05	
304	-1.293e-05	0.48375	-0.00154893	-0.001292	3.01678e-07	4.41496e-05	
305	-1.29764e-05	0.295849	-0.000114077	-0.0008009	3.47198e-07	4.80448e-05	
306	-1.24996e-05	0.0959524	0.00132407	-0.000277364	3.7901e-07	4.99843e-05	
307	-1.15174e-05	-0.107845	0.00271076	0.000257475	3.95811e-07	4.98889e-05	
308	-1.00675e-05	-0.307257	0.00399231	0.000781891	3.96888e-07	4.77621e-05	
309	-8.20965e-06	-0.494192	0.00511666	0.00127454	3.82145e-07	4.369e-05	
310	-6.02073e-06	-0.661095	0.00603887	0.0017155	3.52105e-07	3.7838e-05	
311	-3.58757e-06	-0.801214	0.00672451	0.002087	3.07896e-07	3.04436e-05	
312	-1.00625e-06	-0.908845	0.00714759	0.00237394	2.51206e-07	2.18074e-05	
313	1.61778e-06	-0.979614	0.00728969	0.00256461	1.84224e-07	1.22805e-05	
314	4.1763e-06	-1.01067	0.00714389	0.00265132	1.09558e-07	2.25053e-06	
315	6.56687e-06	-1.00078	0.00671714	0.00263064	3.01329e-08	-7.87435e-06	
316	8.69493e-06	-0.950316	0.00602677	0.0025034	-5.09171e-08	-1.76819e-05	
317	1.04732e-05	-0.861309	0.00509766	0.00227466	-1.30373e-07	-2.67725e-05	
318	1.18273e-05	-0.737388	0.00396435	0.00195371	-2.05058e-07	-3.47753e-05	
319	1.27029e-05	-0.583594	0.00267209	0.00155366	-2.71962e-07	-4.13639e-05	
320	1.30669e-05	-0.406144	0.00127223	0.00109071	-3.28366e-07	-4.62692e-05	
321	1.29038e-05	-0.212212	-0.000182224	0.000583545	-3.71951e-07	-4.92905e-05	
322	1.22175e-05	-0.0096763	-0.0016359	5.27062e-05	-4.00896e-07	-5.03035e-05	
323	1.10362e-05	0.193233	-0.00303049	-0.000480193	-4.13954e-07	-4.92661e-05	
324	9.40991e-06	0.388305	-0.00430962	-0.000993545	-4.10507e-07	-4.62196e-05	
325	7.40371e-06	0.567653	-0.00542385	-0.00146664	-3.90592e-07	-4.12871e-05	
326	5.09536e-06	0.723994	-0.00633013	-0.00188032	-3.54903e-07	-3.46686e-05	
327	2.57746e-06	0.85097	-0.00699064	-0.00221773	-3.04767e-07	-2.66333e-05	
328	-4.65802e-08	0.943443	-0.00737659	-0.00246517	-2.42093e-07	-1.75081e-05	
329	-2.67211e-06	0.997688	-0.0074724	-0.0026127	-1.69293e-07	-7.66457e-06	
330	-5.19735e-06	1.0115	-0.00727435	-0.00265439	-8.91918e-08	2.49663e-06	
331	-7.52194e-06	0.984288	-0.00678767	-0.00258845	-4.91512e-09	1.25614e-05	
332	-9.5505e-06	0.917171	-0.00602831	-0.00241751	8.02328e-08	2.21194e-05	
333	-1.12018e-05	0.812891	-0.00502567	-0.0021486	1.62899e-07	3.07811e-05	
334	-1.24128e-05	0.67567	-0.00381979	-0.00179266	2.39812e-07	3.81935e-05	
335	-1.3135e-05	0.511047	-0.00245651	-0.00136404	3.07906e-07	4.40545e-05	
336	-1.33359e-05	0.325699	-0.000987327	-0.00088006	3.64441e-07	4.81247e-05	
337	-1.30053e-05	0.127163	0.000529286	-0.000360411	4.07109e-07	5.02384e-05	
338	-1.21574e-05	-0.0765135	0.0020315	0.000173788	4.34126e-07	5.03095e-05	
339	-1.0825e-05	-0.277098	0.00345999	0.000700954	4.44301e-07	4.8335e-05	
340	-9.05587e-06	-0.46646	0.00475917	0.00119978	4.37086e-07	4.43952e-05	
341	-6.91731e-06	-0.6369	0.00587597	0.00164999	4.12607e-07	3.86504e-05	
342	-4.49542e-06	-0.781507	0.00676298	0.00203326	3.71659e-07	3.13348e-05	
343	-1.88639e-06	-0.894444	0.00738389	0.00233413	3.1569e-07	2.27462e-05	
344	8.09775e-07	-0.971135	0.00771425	0.00254046	2.46747e-07	1.32341e-05	
345	3.48745e-06	-1.00845	0.00773905	0.00264385	1.6741e-07	3.18557e-06	
346	6.03669e-06	-1.00487	0.007454	0.00264003	8.06987e-08	-6.99042e-06	
347	8.35313e-06	-0.960568	0.00686922	0.00252921	-1.00415e-08	-1.688e-05	
348	1.03455e-05	-0.877342	0.00600861	0.00231595	-1.01267e-07	-2.60812e-05	
349	1.1934e-05	-0.758547	0.00490546	0.00200887	-1.89369e-07	-3.42201e-05	
350	1.305e-05	-0.60899	0.00360129	0.00162032	-2.7082e-07	-4.09658e-05	
351	1.36441e-05	-0.434754	0.00214776	0.00116611	-3.42318e-07	-4.60444e-05	
352	1.36928e-05	-0.242913	0.000604537	0.00066471	-4.00922e-07	-4.925e-05	
353	1.31941e-05	-0.0412234	-0.000966459	0.000136425	-4.44177e-07	-5.04527e-05	
354	1.21635e-05	0.16215	-0.00250382	-0.000397414	-4.7022e-07	-4.96039e-05	
355	1.06385e-05	0.358946	-0.00394574	-0.000915147	-4.77868e-07	-4.67384e-05	
356	8.68192e-06	0.541173	-0.00523219	-0.00139571	-4.66672e-07	-4.19731e-05	
357	6.3746e-06	0.701465	-0.00631065	-0.00181964	-4.36942e-07	-3.55019e-05	
358	3.80683e-06	0.833336	-0.00713889	-0.00216983	-3.89744e-07	-2.7588e-05	
359	1.07953e-06	0.931425	-0.00768343	-0.0024321	-3.26859e-07	-1.85528e-05	
360	-1.69456e-06	0.991743	-0.00792017	-0.00259571	-2.50719e-07	-8.7635e-06	
361	-4.4001e-06	1.01186	-0.00783859	-0.00265406	-1.64305e-07	1.38205e-06	
362	-6.92967e-06	0.990976	-0.00744309	-0.00260486	-7.10243e-08	1.14721e-05	
363	-9.18384e-06	0.929925	-0.00674972	-0.0024501	2.54204e-08	2.10971e-05	
364	-1.10692e-05	0.831164	-0.00578448	-0.00219599	1.21187e-07	2.98662e-05	
365	-1.25062e-05	0.698711	-0.00458525	-0.00185282	2.12453e-07	3.74234e-05	
366	-1.34391e-05	0.53795	-0.00320148	-0.00143457	2.95567e-07	4.34624e-05	
367	-1.38337e-05	0.355388	-0.00168932	-0.000958227	3.67201e-07	4.77383e-05	
368	-1.36727e-05	0.158406	-0.000107982	-0.000443008	4.24476e-07	5.00777e-05	
369	-1.29593e-05	-0.0450005	0.00147989	9.02166e-05	4.65089e-07	5.03858e-05	
370	-1.17246e-05	-0.24657	0.00300922	0.000619761	4.87397e-07	4.86504e-05	
371	-1.00224e-05	-0.43814	0.00441775	0.00112414	4.90482e-07	4.49424e-05	
372	-7.92016e-06	-0.611963	0.00565017	0.00158297	4.74188e-07	3.94124e-05	
373	-5.49887e-06	-0.760989	0.00665783	0.0019777	4.39127e-07	3.22847e-05	
374	-2.85761e-06	-0.879158	0.00739892	0.00229226	3.86657e-07	2.38488e-05	
375	-1.06605e-07	-0.961686	0.00784253	0.00251387	3.18821e-07	1.44471e-05	
376	2.64481e-06	-1.00525	0.00797175	0.00263361	2.38274e-07	4.46096e-06	
377	5.29029e-06	-1.00807	0.00778213	0.00264667	1.48175e-07	-5.70491e-06	
378	7.72273e-06	-0.970025	0.00727992	0.00255246	5.20682e-08	-1.56383e-05	
379	9.84059e-06	-0.892655	0.00648394	0.00235477	-4.62603e-08	-2.49364e-05	
380	1.15601e-05	-0.779116	0.00542683	0.00206166	-1.4293e-07	-3.32226e-05	
381	1.28167e-05	-0.634008	0.00415195	0.00168506	-2.34113e-07	-4.01618e-05	
382	1.35599e-05	-0.463196	0.00270943	0.00124019	-3.16191e-07	-4.54728e-05	
383	1.37556e-05	-0.273602	0.00115604	0.00074503	-3.85892e-07	-4.89409e-05	
384	1.3397e-05	-0.0729291	-0.000444943	0.000219693	-4.40432e-07	-5.0426e-05	
385	1.25032e-05	0.130686	-0.00202787	-0.000314475	-4.77613e-07	-4.98689e-05	
386	1.111e-05	0.329008	-0.00352963	-0.000835869	-4.95921e-07	-4.72927e-05	
387	9.26917e-06	0.514002	-0.00489072	-0.00132341	-4.94589e-07	-4.2802e-05	
388	7.05505e-06	0.678153	-0.00605541	-0.00175731	-4.73633e-07	-3.65793e-05	
389	4.56138e-06	0.814801	-0.00697535	-0.00211992	-4.33846e-07	-2.88774e-05	
390	1.88876e-06	0.918426	-0.0076138	-0.00239659	-3.76776e-07	-2.00085e-05	
391	-8.59701e-07	0.984833	-0.00794611	-0.00257616	-3.04669e-07	-1.03318e-05	
392	-3.5736e-06	1.01131	-0.00795835	-0.00265132	-2.20376e-07	-2.39185e-07	
393	-6.13903e-06	0.996789	-0.0076489	-0.00261899	-1.27243e-07	9.86038e-06	
394	-8.45214e-06	0.941863	-0.00703083	-0.00248049	-2.8972e-08	1.95582e-05	
395	-1.04245e-05	0.848771	-0.00613065	-0.0022415	7.05228e-08	2.84621e-05	
396	-1.19778e-05	0.721271	-0.00498475	-0.00191169	1.67273e-07	3.62119e-05	
397	-1.3045e-05	0.564522	-0.00363866	-0.00150437	2.57419e-07	4.24942e-05	
398	-1.35829e-05	0.384892	-0.00214742	-0.00103607	3.37371e-07	4.70551e-05	
399	-1.35751e-05	0.189672	-0.000572828	-0.000525824	4.03946e-07	4.97108e-05	
