0	2.87181e-07	0.00892148	6.24713e-05	0.000260261	2.18598e-09	-1.56952e-05	
1	3.99185e-07	0.209713	5.34376e-05	-0.000279066	-1.08505e-09	-1.50528e-05	
2	4.92468e-07	0.401882	4.30144e-05	-0.000807466	-4.33429e-09	-1.38052e-05	
3	5.62859e-07	0.577626	3.16346e-05	-0.00130357	-7.43965e-09	-1.20039e-05	
4	6.07065e-07	0.729806	1.97844e-05	-0.00174734	-1.02836e-08	-9.72294e-06	
5	6.22799e-07	0.852234	7.9763e-06	-0.00212081	-1.27578e-08	-7.05591e-06	
6	6.0886e-07	0.939927	-3.29844e-06	-0.00240888	-1.47672e-08	-4.11222e-06	
7	5.65182e-07	0.989316	-1.36161e-05	-0.0025999	-1.62337e-08	-1.0126e-06	
8	4.92855e-07	0.998388	-2.26443e-05	-0.00268616	-1.70996e-08	2.11579e-06	
9	3.94107e-07	0.966778	-3.01379e-05	-0.00266421	-1.73296e-08	5.14456e-06	
10	2.72246e-07	0.89579	-3.59201e-05	-0.00253499	-1.69124e-08	7.94932e-06	
11	1.31545e-07	0.788389	-3.98722e-05	-0.00230391	-1.58615e-08	1.0415e-05	
12	-2.29095e-08	0.649158	-4.19451e-05	-0.0019807	-1.42146e-08	1.24408e-05	
13	-1.85405e-07	0.484282	-4.21871e-05	-0.00157935	-1.20324e-08	1.39456e-05	
14	-3.49803e-07	0.301582	-4.07664e-05	-0.00111808	-9.39635e-09	1.48727e-05	
15	-5.0973e-07	0.110602	-3.79697e-05	-0.000619479	-6.40577e-09	1.51958e-05	
16	-6.58776e-07	-0.0772714	-3.41703e-05	-0.000110775	-3.17391e-09	1.49245e-05	
17	-7.90677e-07	-0.248848	-2.97823e-05	0.000376018	1.76253e-10	1.41099e-05	
18	-8.99509e-07	-0.389561	-2.52247e-05	0.000804559	3.51679e-09	1.28493e-05	
19	-9.79875e-07	-0.484657	-2.0908e-05	0.00113604	6.71973e-09	1.12868e-05	
20	-1.02707e-06	-0.52137	-1.72394e-05	0.00133325	9.66204e-09	9.60677e-06	
21	-1.03722e-06	-0.492058	-1.46263e-05	0.0013673	1.22305e-08	8.01818e-06	
22	-1.00737e-06	-0.39769	-1.34582e-05	0.00122637	1.4326e-08	6.72732e-06	
23	-9.35526e-07	-0.25053	-1.40635e-05	0.000924302	1.58678e-08	5.90231e-06	
24	-8.20701e-07	-0.0745012	-1.66576e-05	0.000505876	1.67964e-08	5.63652e-06	
25	-6.62905e-07	0.0980344	-2.13049e-05	4.45685e-05	1.70762e-08	5.92191e-06	
26	-4.6316e-07	0.233285	-2.79107e-05	-0.0003695	1.66968e-08	6.64459e-06	
27	-2.23495e-07	0.305432	-3.62357e-05	-0.000650821	1.56735e-08	7.60979e-06	
28	5.30747e-08	0.305396	-4.59136e-05	-0.000743781	1.4047e-08	8.59444e-06	
29	3.62588e-07	0.245248	-5.64537e-05	-0.000643182	1.18815e-08	9.41357e-06	
30	7.00184e-07	0.155422	-6.72249e-05	-0.000400453	9.26238e-09	9.97789e-06	
31	1.06014e-06	0.0744613	-7.74367e-05	-0.000109769	6.29273e-09	1.03191e-05	
32	1.43588e-06	0.034422	-8.6143e-05	0.000124092	3.0894e-09	1.05695e-05	
33	1.81995e-06	0.0476697	-9.22798e-05	0.000225549	-2.21802e-10	1.08994e-05	
34	2.204e-06	0.101158	-9.47313e-05	0.000179432	-3.51112e-09	1.14375e-05	
35	2.5787e-06	0.161589	-9.24013e-05	3.86524e-05	-6.65008e-09	1.22067e-05	
36	2.93376e-06	0.190046	-8.42695e-05	-9.77374e-05	-9.5167e-09	1.31061e-05	
37	3.25795e-06	0.159873	-6.94272e-05	-0.000128661	-1.20004e-08	1.39497e-05	
38	3.53911e-06	0.0693747	-4.71082e-05	1.76488e-06	-1.40066e-08	1.45441e-05	
39	3.76425e-06	-0.0571437	-1.67347e-05	0.000276411	-1.54605e-08	1.47703e-05	
40	3.91968e-06	-0.18097	2.20082e-05	0.000611368	-1.63102e-08	1.46291e-05	
41	3.99122e-06	-0.267673	6.9079e-05	0.00089463	-1.6529e-08	1.4227e-05	
42	3.96449e-06	-0.303378	0.000123994	0.0010388	-1.61165e-08	1.37121e-05	
43	3.82539e-06	-0.300058	0.000185771	0.00102114	-1.50985e-08	1.31924e-05	
44	3.5607e-06	-0.286995	0.000252914	0.000889998	-1.35263e-08	1.26822e-05	
45	3.15875e-06	-0.293049	0.000323429	0.000733872	-1.14745e-08	1.21029e-05	
46	2.61034e-06	-0.329612	0.000394849	0.000629886	-9.03789e-09	1.13393e-05	
47	1.90965e-06	-0.383816	0.000464263	0.000599952	-6.3277e-09	1.03157e-05	
48	1.05519e-06	-0.425837	0.000528355	0.000599187	-3.46703e-09	9.05057e-06	
49	5.0904e-08	-0.426014	0.000583466	0.000543186	-5.85698e-10	7.65649e-06	
50	-1.09285e-06	-0.371822	0.000625719	0.000358538	2.18518e-09	6.28756e-06	
51	-2.35833e-06	-0.274794	0.000651184	2.74704e-05	4.71866e-09	5.06467e-06	
52	-3.71968e-06	-0.163467	0.000656094	-0.000399271	6.89738e-09	4.02314e-06	
53	-5.14239e-06	-0.0667823	0.00063707	-0.000828567	8.61857e-09	3.1126e-06	
54	-6.58322e-06	0.00197266	0.000591345	-0.00117434	9.79852e-09	2.2472e-06	
55	-7.99047e-06	0.0510317	0.000516972	-0.00140072	1.03763e-08	1.37426e-06	
56	-9.30485e-06	0.102528	0.000413035	-0.00153345	1.03166e-08	5.18619e-07	
57	-1.04608e-05	0.176436	0.000279845	-0.00163365	9.61142e-09	-2.23661e-07	
58	-1.13887e-05	0.276273	0.000119123	-0.00175099	8.28069e-09	-7.37015e-07	
59	-1.20169e-05	0.385484	-6.58536e-05	-0.00188591	6.37183e-09	-9.49798e-07	
60	-1.22759e-05	0.476599	-0.000270191	-0.00198447	3.958e-09	-8.69373e-07	
61	-1.2101e-05	0.527163	-0.000487402	-0.00196874	1.13533e-09	-5.67582e-07	
62	-1.14373e-05	0.532254	-0.000709533	-0.0017834	-1.98084e-09	-1.27356e-07	
63	-1.02435e-05	0.50577	-0.000927391	-0.00142902	-5.26059e-09	4.14273e-07	
64	-8.49623e-06	0.470021	-0.00113085	-0.000961703	-8.56471e-09	1.08997e-06	
65	-6.1943e-06	0.44063	-0.00130923	-0.000459966	-1.17505e-08	1.97813e-06	
66	-3.36194e-06	0.416648	-0.0014518	1.90766e-05	-1.46779e-08	3.14749e-06	
67	-5.15955e-08	0.382132	-0.00154831	0.000466175	-1.72151e-08	4.60681e-06	
68	3.65457e-06	0.317853	-0.00158961	0.000912688	-1.92447e-08	6.29127e-06	
69	7.6445e-06	0.215169	-0.00156826	0.0013956	-2.06687e-08	8.09293e-06	
70	1.17778e-05	0.0828854	-0.00147915	0.00191877	-2.14128e-08	9.9131e-06	
71	1.58891e-05	-0.0572774	-0.00131998	0.00243646	-2.14303e-08	1.17013e-05	
72	1.97932e-05	-0.183342	-0.00109172	0.00286999	-2.07041e-08	1.34549e-05	
73	2.32918e-05	-0.285316	-0.000798841	0.00314659	-1.92482e-08	1.5182e-05	
74	2.61825e-05	-0.368947	-0.000449457	0.00323483	-1.71072e-08	1.68525e-05	
75	2.82685e-05	-0.448804	-5.52532e-05	0.00315418	-1.43555e-08	1.83734e-05	
76	2.93693e-05	-0.535673	0.000368801	0.0029534	-1.10937e-08	1.9604e-05	
77	2.93325e-05	-0.626971	0.00080498	0.00267363	-7.44557e-09	2.04024e-05	
78	2.80447e-05	-0.706609	0.00123355	0.00232137	-3.55238e-09	2.06741e-05	
79	2.54418e-05	-0.754238	0.00163372	0.00186944	4.32511e-10	2.03913e-05	
80	2.1518e-05	-0.757449	0.00198467	0.00128452	4.35006e-09	1.95748e-05	
81	1.63316e-05	-0.718668	0.00226668	0.0005618	8.04225e-09	1.82545e-05	
82	1.00088e-05	-0.652297	0.00246227	-0.000257204	1.13588e-08	1.64379e-05	
83	2.74387e-06	-0.574394	0.00255729	-0.0010958	1.41634e-08	1.41112e-05	
84	-5.20521e-06	-0.49217	0.0025419	-0.00187473	1.63401e-08	1.12717e-05	
85	-1.35239e-05	-0.400534	0.00241141	-0.00254443	1.77974e-08	7.96963e-06	
86	-2.18526e-05	-0.287817	0.00216682	-0.00309594	1.84733e-08	4.3308e-06	
87	-2.9802e-05	-0.146419	0.00181508	-0.00354474	1.83366e-08	5.43127e-07	
88	-3.69707e-05	0.019183	0.00136889	-0.00390045	1.73893e-08	-3.18378e-06	
89	-4.29659e-05	0.192697	0.0008462	-0.00414451	1.56656e-08	-6.66036e-06	
90	-4.7424e-05	0.354293	0.00026941	-0.00423208	1.32303e-08	-9.73483e-06	
91	-5.00319e-05	0.491116	-0.000335748	-0.00411696	1.01763e-08	-1.22795e-05	
92	-5.05468e-05	0.602796	-0.000941478	-0.00378217	6.6197e-09	-1.41612e-05	
93	-4.88132e-05	0.69832	-0.00151936	-0.00325503	2.69513e-09	-1.52225e-05	
94	-4.47763e-05	0.786668	-0.00204188	-0.00259633	-1.45051e-09	-1.52926e-05	
95	-3.8491e-05	0.867899	-0.00248399	-0.00187096	-5.66426e-09	-1.4226e-05	
96	-3.01255e-05	0.930896	-0.00282456	-0.00111995	-9.79353e-09	-1.19476e-05	
97	-1.99587e-05	0.959235	-0.0030475	-0.000352252	-1.36922e-08	-8.47763e-06	
98	-8.37191e-06	0.940997	-0.00314263	0.000439496	-1.72263e-08	-3.92438e-06	
99	4.16596e-06	0.8757	-0.00310603	0.00125165	-2.0279e-08	1.54786e-06	
100	1.71174e-05	0.773759	-0.00294018	0.00205077	-2.27541e-08	7.75125e-06	
101	2.99005e-05	0.64915	-0.00265358	0.00277698	-2.45794e-08	1.44868e-05	
102	4.1915e-05	0.510696	-0.00226025	0.00336724	-2.57081e-08	2.15323e-05	
103	5.25716e-05	0.358102	-0.00177892	0.00378246	-2.61194e-08	2.862e-05	
104	6.13202e-05	0.18534	-0.0012319	0.00402011	-2.58176e-08	3.54277e-05	
105	6.7678e-05	-0.0113065	-0.000643843	0.00410432	-2.48312e-08	4.15973e-05	
106	7.12544e-05	-0.22649	-4.03388e-05	0.00406163	-2.32099e-08	4.67754e-05	
107	7.17732e-05	-0.44519	0.000553421	0.0038999	-2.10224e-08	5.06577e-05	
108	6.90883e-05	-0.648682	0.00111381	0.0036052	-1.83527e-08	5.30141e-05	
109	6.31953e-05	-0.822811	0.00161966	0.00315823	-1.52965e-08	5.36883e-05	
110	5.42353e-05	-0.962824	0.00205294	0.00255779	-1.19584e-08	5.25805e-05	
111	4.24935e-05	-1.07158	0.0023992	0.00183406	-8.44779e-09	4.96353e-05	
112	2.83911e-05	-1.15281	0.00264792	0.00104203	-4.87575e-09	4.48474e-05	
113	1.24713e-05	-1.20449	0.00279278	0.000239625	-1.35193e-09	3.82873e-05	
114	-4.62078e-06	-1.21728	0.00283163	-0.000534264	2.01837e-09	3.01276e-05	
115	-2.21621e-05	-1.17924	0.00276643	-0.00126682	5.13693e-09	2.06524e-05	
116	-3.93809e-05	-1.08325	0.00260279	-0.00195963	7.91516e-09	1.02395e-05	
117	-5.54893e-05	-0.932114	0.00234956	-0.00260764	1.02764e-08	-6.7665e-07	
118	-6.97164e-05	-0.73759	0.0020183	-0.00318496	1.21585e-08	-1.16417e-05	
119	-8.1344e-05	-0.514308	0.0016229	-0.00364786	1.35152e-08	-2.22031e-05	
120	-8.97402e-05	-0.273	0.00117918	-0.00395339	1.43189e-08	-3.19121e-05	
121	-9.4392e-05	-0.0178399	0.00070454	-0.00408017	1.45609e-08	-4.03203e-05	
122	-9.49344e-05	0.250393	0.00021737	-0.00403689	1.42534e-08	-4.69875e-05	
123	-9.1175e-05	0.527912	-0.000263673	-0.0038529	1.34285e-08	-5.15101e-05	
124	-8.3112e-05	0.803189	-0.00072053	-0.00355793	1.21383e-08	-5.35649e-05	
125	-7.09446e-05	1.05754	-0.00113659	-0.00316568	1.04531e-08	-5.29491e-05	
126	-5.50746e-05	1.27087	-0.00149741	-0.00267278	8.45881e-09	-4.96008e-05	
127	-3.60975e-05	1.42862	-0.00179121	-0.00207302	6.25354e-09	-4.35946e-05	
128	-1.47835e-05	1.52541	-0.00200936	-0.00137598	3.94346e-09	-3.51212e-05	
129	7.95182e-06	1.56296	-0.00214669	-0.000615953	1.63773e-09	-2.44692e-05	
130	3.10851e-05	1.54443	-0.00220184	0.000155758	-5.56784e-10	-1.20198e-05	
131	5.3532e-05	1.46949	-0.00217739	0.000889951	-2.54085e-09	1.74888e-06	
132	7.41996e-05	1.33393	-0.0020797	0.00155671	-4.22788e-09	1.62613e-05	
133	9.20421e-05	1.13405	-0.00191829	0.00214895	-5.54828e-09	3.08629e-05	
134	0.000106117	0.872661	-0.00170491	0.00267063	-6.45277e-09	4.48614e-05	
135	0.00011564	0.562221	-0.00145238	0.00311886	-6.91454e-09	5.7581e-05	
136	0.000120027	0.222606	-0.00117356	0.00347333	-6.93007e-09	6.84116e-05	
137	0.000118939	-0.124964	-0.000880565	0.00370101	-6.51854e-09	7.68393e-05	
138	0.000112296	-0.463841	-0.00058414	0.00377265	-5.71998e-09	8.2457e-05	
139	0.000100298	-0.783847	-0.000293333	0.00367916	-4.59216e-09	8.49667e-05	
140	8.34099e-05	-1.07834	-1.5165e-05	0.00343625	-3.2067e-09	8.41873e-05	
141	6.23495e-05	-1.33913	0.000245534	0.0030742	-1.6445e-09	8.00731e-05	
142	3.8049e-05	-1.55351	0.000486061	0.00262048	8.88943e-12	7.27365e-05	
143	1.16107e-05	-1.70578	0.000705393	0.00208775	1.66782e-09	6.24593e-05	
144	-1.57496e-05	-1.78263	0.000903397	0.00147582	3.25068e-09	4.96812e-05	
145	-4.2764e-05	-1.77847	0.00107987	0.00078547	4.68345e-09	3.49658e-05	
146	-6.81765e-05	-1.69718	0.00123376	3.37078e-05	5.90259e-09	1.89558e-05	
147	-9.08045e-05	-1.54898	0.00136274	-0.000741233	6.85724e-09	2.33412e-06	
148	-0.000109596	-1.34492	0.00146332	-0.00148908	7.5108e-09	-1.42016e-05	
149	-0.000123679	-1.09276	0.00153124	-0.00216474	7.84179e-09	-2.99528e-05	
150	-0.000132397	-0.797143	0.00156198	-0.00274161	7.84425e-09	-4.42354e-05	
151	-0.000135341	-0.46351	0.00155124	-0.00321226	7.52762e-09	-5.64075e-05	
152	-0.000132363	-0.102613	0.00149534	-0.00357693	6.91624e-09	-6.5909e-05	
153	-0.000123577	0.26807	0.00139172	-0.00382915	6.04851e-09	-7.2304e-05	
154	-0.000109356	0.627326	0.00123964	-0.00394967	4.97563e-09	-7.53098e-05	
155	-9.03068e-05	0.955736	0.00104086	-0.00391348	3.75992e-09	-7.48054e-05	
156	-6.72444e-05	1.24005	0.000800156	-0.00370489	2.47243e-09	-7.08211e-05	
157	-4.11568e-05	1.4736	0.000525343	-0.00332986	1.19e-09	-6.35227e-05	
158	-1.31621e-05	1.65289	0.000226739	-0.00281654	-8.41716e-12	-5.32008e-05	
159	1.55367e-05	1.77321	-8.38121e-05	-0.00220368	-1.04593e-09	-4.02698e-05	
160	4.37011e-05	1.82674	-0.000393959	-0.00152512	-1.85219e-09	-2.52675e-05	
161	7.01077e-05	1.80484	-0.000691609	-0.000801305	-2.36782e-09	-8.8436e-06	
162	9.35998e-05	1.70276	-0.000965338	-4.30632e-05	-2.54866e-09	8.27079e-06	
163	0.000113137	1.52356	-0.00120459	0.000735817	-2.36923e-09	2.53088e-05	
164	0.000127842	1.27834	-0.00139992	0.00150747	-1.82529e-09	4.15164e-05	
165	0.000137039	0.982547	-0.00154338	0.0022291	-9.35158e-10	5.61913e-05	
166	0.00014029	0.651124	-0.00162902	0.00285363	2.60608e-10	6.87054e-05	
167	0.000137412	0.295642	-0.0016532	0.00334478	1.70101e-09	7.85188e-05	
168	0.000128499	-0.0746918	-0.00161447	0.00368614	3.30801e-09	8.5193e-05	
169	0.000113913	-0.449414	-0.00151332	0.00387845	4.99108e-09	8.84138e-05	
170	9.42804e-05	-0.813654	-0.00135173	0.00392788	6.65263e-09	8.80191e-05	
171	7.04622e-05	-1.14823	-0.00113316	0.00383453	8.19372e-09	8.40207e-05	
172	4.35182e-05	-1.43334	-0.000862988	0.00358986	9.51958e-09	7.66109e-05	
173	1.46579e-05	-1.65351	-0.00054915	0.00318514	1.05448e-08	6.6146e-05	
174	-1.48165e-05	-1.80063	-0.000202665	0.00262444	1.11974e-08	5.31159e-05	
175	-4.35717e-05	-1.87326	0.000162444	0.00193267	1.14225e-08	3.81102e-05	
176	-7.03076e-05	-1.87295	0.000529861	0.00115225	1.11845e-08	2.17917e-05	
177	-9.3819e-05	-1.80076	0.000882096	0.000330647	1.04681e-08	4.87679e-06	
178	-0.000113054	-1.65636	0.00120164	-0.000492855	9.27869e-09	-1.18834e-05	
179	-0.000127164	-1.44061	0.00147188	-0.00129233	7.64173e-09	-2.77321e-05	
180	-0.000135544	-1.15937	0.00167787	-0.00204974	5.60154e-09	-4.19472e-05	
181	-0.000137863	-0.825643	0.00180712	-0.0027441	3.21968e-09	-5.38884e-05	
182	-0.000134075	-0.458208	0.00185073	-0.00334438	5.72931e-10	-6.30372e-05	
183	-0.000124418	-0.0773628	0.00180455	-0.0038123	-2.2491e-09	-6.90201e-05	
184	-0.000109399	0.299415	0.00167012	-0.00411373	-5.14693e-09	-7.16145e-05	
185	-8.97658e-05	0.659228	0.00145477	-0.004231	-8.01486e-09	-7.07443e-05	
186	-6.64672e-05	0.992161	0.00117089	-0.00416738	-1.07453e-08	-6.64743e-05	
187	-4.0604e-05	1.28804	0.000834286	-0.00394115	-1.32335e-08	-5.90102e-05	
188	-1.3374e-05	1.53442	0.000462597	-0.00357356	-1.5383e-08	-4.86993e-05	
189	1.39878e-05	1.7176	7.39517e-05	-0.00307961	-1.71104e-08	-3.60228e-05	
190	4.02691e-05	1.82628	-0.000313754	-0.00246801	-1.83505e-08	-2.1573e-05	
191	6.43384e-05	1.85525	-0.000683267	-0.00174967	-1.90598e-08	-6.01488e-06	
192	8.51958e-05	1.80666	-0.00101847	-0.000947777	-1.92193e-08	9.95742e-06	
193	0.000102015	1.68787	-0.00130514	-0.000101308	-1.88359e-08	2.5659e-05	
194	0.000114174	1.50758	-0.00153191	0.000741378	-1.7941e-08	4.04396e-05	
195	0.000121274	1.27294	-0.0016908	0.00153485	-1.65881e-08	5.36987e-05	
196	0.000123144	0.989556	-0.00177724	0.00224662	-1.48483e-08	6.48984e-05	
197	0.000119843	0.664135	-0.00178944	0.00285848	-1.28048e-08	7.35806e-05	
198	0.000111638	0.307522	-0.00172767	0.00335917	-1.05462e-08	7.9392e-05	
199	9.89894e-05	-0.0644122	-0.00159402	0.00373477	-8.16158e-09	8.21067e-05	
200	8.25144e-05	-0.432954	-0.00139277	0.00396468	-5.73454e-09	8.16395e-05	
201	6.29591e-05	-0.780466	-0.00113122	0.00402661	-3.34012e-09	7.80437e-05	
202	4.11617e-05	-1.09347	-0.00082027	0.00390733	-1.04232e-09	7.14955e-05	
203	1.80192e-05	-1.36296	-0.000474202	0.00361134	1.1066e-09	6.2276e-05	
204	-5.5435e-06	-1.58213	-0.000109577	0.00316122	3.06561e-09	5.07578e-05	
205	-2.86038e-05	-1.74355	0.000256295	0.00258922	4.80337e-09	3.73979e-05	
206	-5.02689e-05	-1.83822	0.000606693	0.00192607	6.29624e-09	2.27328e-05	
207	-6.97038e-05	-1.85748	0.000926229	0.00119465	7.52632e-09	7.36545e-06	
208	-8.61584e-05	-1.79657	0.00120112	0.000412349	8.48e-09	-8.06108e-06	
209	-9.89939e-05	-1.6574	0.00141949	-0.000400481	9.14739e-09	-2.28988e-05	
210	-0.000107707	-1.44852	0.00157202	-0.0012133	9.52271e-09	-3.65317e-05	
211	-0.00011195	-1.18243	0.001653	-0.00198548	9.60518e-09	-4.84041e-05	
212	-0.000111552	-0.872033	0.0016612	-0.0026744	9.40026e-09	-5.80377e-05	
213	-0.000106524	-0.528641	0.00159983	-0.00324634	8.92046e-09	-6.50415e-05	
214	-9.70734e-05	-0.162709	0.00147559	-0.00368274	8.18557e-09	-6.91214e-05	
215	-8.35929e-05	0.213784	0.00129701	-0.00397794	7.22215e-09	-7.00952e-05	
216	-6.66532e-05	0.585478	0.00107292	-0.00413072	6.06214e-09	-6.79098e-05	
217	-4.6977e-05	0.934173	0.000811888	-0.00413645	4.74097e-09	-6.2653e-05	
218	-2.54065e-05	1.2418	0.000522615	-0.0039859	3.29528e-09	-5.4552e-05	
219	-2.86224e-06	1.49401	0.0002147	-0.00367183	1.76064e-09	-4.39568e-05	
220	1.97009e-05	1.6822	-0.00010089	-0.00319847	1.69667e-10	-3.13146e-05	
221	4.1338e-05	1.80264	-0.000412176	-0.00258675	-1.44921e-09	-1.71426e-05	
222	6.11561e-05	1.8539	-0.000707114	-0.00187136	-3.0718e-09	-2.00874e-06	
223	7.83508e-05	1.83439	-0.000974487	-0.00109142	-4.67726e-09	1.34827e-05	
224	9.22385e-05	1.74221	-0.00120419	-0.000281157	-6.24619e-09	2.87053e-05	
225	0.000102281	1.57725	-0.00138688	0.000533259	-7.75851e-09	4.30316e-05	
226	0.000108102	1.34402	-0.00151367	0.00132947	-9.19154e-09	5.5863e-05	
227	0.000109501	1.05298	-0.00157641	0.0020814	-1.05189e-08	6.66632e-05	
228	0.000106448	0.719297	-0.00156906	0.00275523	-1.17104e-08	7.49869e-05	
229	9.90875e-05	0.35967	-0.0014894	0.00331268	-1.27333e-08	8.04973e-05	
230	8.77262e-05	-0.010686	-0.00134034	0.00372032	-1.35541e-08	8.29721e-05	
231	7.28223e-05	-0.37901	-0.00112997	0.00395847	-1.41415e-08	8.23046e-05	
232	5.49708e-05	-0.733706	-0.000870254	0.00402411	-1.44687e-08	7.85057e-05	
233	3.48853e-05	-1.0622	-0.000575233	0.00392602	-1.45165e-08	7.17094e-05	
234	1.33733e-05	-1.35002	-0.000259597	0.0036761	-1.42754e-08	6.21776e-05	
235	-8.69416e-06	-1.5822	6.18296e-05	0.00328352	-1.37464e-08	5.02966e-05	
236	-3.04174e-05	-1.74637	0.000373962	0.0027556	-1.29415e-08	3.65601e-05	
237	-5.09069e-05	-1.83552	0.000661521	0.00210449	-1.18824e-08	2.15404e-05	
238	-6.93216e-05	-1.84865	0.000909942	0.001354	-1.05986e-08	5.85433e-06	
239	-8.49053e-05	-1.78905	0.00110709	0.000540814	-9.12496e-09	-9.86627e-06	
240	-9.70187e-05	-1.6615	0.00124497	-0.000291513	-7.49971e-09	-2.4997e-05	
241	-0.000105167	-1.47048	0.00132049	-0.00110216	-5.76272e-09	-3.89368e-05	
242	-0.000109019	-1.22061	0.00133481	-0.00186004	-3.95469e-09	-5.1125e-05	
243	-0.000108424	-0.918794	0.00129179	-0.00254394	-2.11698e-09	-6.10624e-05	
244	-0.000103411	-0.576147	0.00119655	-0.00313672	-2.91783e-10	-6.83372e-05	
245	-9.4188e-05	-0.208195	0.00105498	-0.00361866	1.47742e-09	-7.26486e-05	
246	-8.11254e-05	0.16726	0.000874273	-0.00396571	3.14555e-09	-7.38221e-05	
247	-6.47405e-05	0.533228	0.000663541	-0.00415429	4.66572e-09	-7.18119e-05	
248	-4.56754e-05	0.875673	0.00043375	-0.0041697	5.98953e-09	-6.66948e-05	
249	-2.46748e-05	1.18352	0.000196411	-0.00401194	7.06789e-09	-5.86614e-05	
250	-2.56261e-06	1.44693	-3.82981e-05	-0.00369503	7.8527e-09	-4.80108e-05	
251	1.97837e-05	1.65562	-0.000262861	-0.00324032	8.29927e-09	-3.51469e-05	
252	4.14629e-05	1.79877	-0.000472312	-0.00266881	8.36946e-09	-2.05729e-05	
253	6.15841e-05	1.867	-0.000662766	-0.00199787	8.03502e-09	-4.87625e-06	
254	7.93028e-05	1.85521	-0.000829609	-0.0012444	7.28073e-09	1.1298e-05	
255	9.38587e-05	1.76435	-0.000966608	-0.000431435	6.10698e-09	2.72822e-05	
256	0.000104611	1.60097	-0.00106654	0.000407374	4.5316e-09	4.24215e-05	
257	0.000111071	1.37485	-0.00112288	0.00122961	2.59072e-09	5.61027e-05	
258	0.000112927	1.0964	-0.00113136	0.00199174	3.38682e-10	6.77745e-05	
259	0.000110068	0.775576	-0.00109056	0.00265787	-2.15315e-09	7.6964e-05	
260	0.000102592	0.42267	-0.00100126	0.00320424	-4.7989e-09	8.32924e-05	
261	9.08059e-05	0.050127	-0.000865701	0.00361712	-7.50193e-09	8.64943e-05	
262	7.52141e-05	-0.326488	-0.000687558	0.00388675	-1.01597e-08	8.64352e-05	
263	5.6489e-05	-0.689463	-0.000473001	0.00400246	-1.26691e-08	8.31231e-05	
264	3.54369e-05	-1.02156	-0.000232121	0.0039533	-1.49319e-08	7.6707e-05	
265	1.29546e-05	-1.30873	2.0659e-05	0.00373365	-1.68595e-08	6.7464e-05	
266	-1.00127e-05	-1.54124	0.000268044	0.00334981	-1.8376e-08	5.57789e-05	
267	-3.25139e-05	-1.71286	0.000492922	0.00282229	-1.94211e-08	4.21238e-05	
268	-5.36302e-05	-1.8188	0.000681604	0.00218179	-1.99505e-08	2.70425e-05	
269	-7.25106e-05	-1.85448	0.000825673	0.00146131	-1.99365e-08	1.11355e-05	
270	-8.84044e-05	-1.81592	0.00092172	0.000689623	-1.93676e-08	-4.95614e-06	
271	-0.000100689	-1.70179	0.000969564	-0.000109752	-1.82472e-08	-2.05752e-05	
272	-0.000108891	-1.51553	0.000970425	-0.000914193	-1.65935e-08	-3.50796e-05	
273	-0.000112705	-1.26591	0.000926211	-0.00169619	-1.4439e-08	-4.78762e-05	
274	-0.000111994	-0.965647	0.000840057	-0.00242128	-1.18308e-08	-5.8448e-05	
275	-0.000106802	-0.628794	0.000717146	-0.00305195	-8.83193e-09	-6.63739e-05	
276	-9.73422e-05	-0.268703	0.000564636	-0.00355537	-5.52254e-09	-7.13391e-05	
277	-8.39981e-05	0.102307	0.000390335	-0.00390998	-2.00022e-09	-7.31419e-05	
278	-6.7308e-05	0.471733	0.000200905	-0.00410678	1.62091e-09	-7.17016e-05	
279	-4.79476e-05	0.825449	1.01913e-06	-0.00414521	5.21351e-09	-6.70677e-05	
280	-2.67039e-05	1.14758	-0.000205688	-0.0040272	8.6428e-09	-5.94251e-05	
281	-4.44123e-06	1.42219	-0.000414288	-0.0037542	1.17741e-08	-4.90912e-05	
282	1.79358e-05	1.63597	-0.000616447	-0.0033296	1.44818e-08	-3.65004e-05	
283	3.95206e-05	1.78031	-0.00080013	-0.00276439	1.66576e-08	-2.21795e-05	
284	5.94407e-05	1.85147	-0.000951655	-0.00208165	1.82182e-08	-6.71924e-06	
285	7.6892e-05	1.84918	-0.00105903	-0.00131572	1.9111e-08	9.25145e-06	
286	9.11702e-05	1.77471	-0.00111467	-0.000506196	1.9316e-08	2.5087e-05	
287	0.000101701	1.63005	-0.00111618	0.000309816	1.88464e-08	4.01451e-05	
288	0.000108064	1.41874	-0.00106497	0.00110226	1.77451e-08	5.38094e-05	
289	0.000110017	1.14763	-0.000964297	0.0018471	1.60794e-08	6.55166e-05	
290	0.000107503	0.82794	-0.000818201	0.00252142	1.39352e-08	7.47865e-05	
291	0.000100653	0.47477	-0.000631953	0.00309922	1.14101e-08	8.1247e-05	
292	8.9776e-05	0.104857	-0.000413356	0.00355172	8.60856e-09	8.46504e-05	
293	7.53444e-05	-0.265931	-0.000173323	0.0038527	5.63877e-09	8.48777e-05	
294	5.79704e-05	-0.623975	7.52554e-05	0.00398546	2.61019e-09	8.19356e-05	
295	3.83807e-05	-0.957536	0.000319947	0.00394664	-3.67535e-10	7.59508e-05	
296	1.73858e-05	-1.25531	0.000550978	0.00374469	-3.18607e-09	6.71656e-05	
297	-4.15507e-06	-1.50537	0.000761628	0.00339421	-5.74092e-09	5.59339e-05	
298	-2.53716e-05	-1.69567	0.000946549	0.00291055	-7.93524e-09	4.27126e-05	
299	-4.54195e-05	-1.81592	0.00109928	0.00230849	-9.68468e-09	2.80459e-05	
300	-6.35137e-05	-1.85992	0.00121101	0.00160547	-1.09228e-08	1.25398e-05	
301	-7.89555e-05	-1.82657	0.00127175	0.000826336	-1.16059e-08	-3.16753e-06	
302	-9.11529e-05	-1.71929	0.00127355	5.27056e-06	-1.17173e-08	-1.84346e-05	
303	-9.96374e-05	-1.54412	0.0012137	-0.000817447	-1.12686e-08	-3.26406e-05	
304	-0.000104079	-1.30813	0.00109598	-0.00160232	-1.03001e-08	-4.52051e-05	
305	-0.000104299	-1.01917	0.00092914	-0.00231693	-8.87678e-09	-5.5606e-05	
306	-0.000100284	-0.686858	0.000723915	-0.00293798	-7.08375e-09	-6.34018e-05	
307	-9.21917e-05	-0.323928	0.000490428	-0.0034482	-5.01913e-09	-6.82547e-05	
308	-8.03478e-05	0.0536146	0.000237616	-0.00383147	-2.78733e-09	-6.99527e-05	
309	-6.52366e-05	0.427937	-2.55712e-05	-0.00407018	-4.93023e-10	-6.84243e-05	
310	-4.74818e-05	0.781879	-0.000288737	-0.00414747	1.763e-09	-6.37404e-05	
311	-2.78209e-05	1.10107	-0.000540058	-0.00405306	3.88623e-09	-5.61056e-05	
312	-7.07557e-06	1.37457	-0.000768126	-0.00378858	5.78961e-09	-4.58428e-05	
313	1.38838e-05	1.59387	-0.000964385	-0.00336873	7.39444e-09	-3.33769e-05	
314	3.41765e-05	1.75153	-0.00112423	-0.0028174	8.63188e-09	-1.92194e-05	
315	5.2954e-05	1.84055	-0.00124572	-0.00216151	9.4455e-09	-3.95184e-06	
316	6.94411e-05	1.85522	-0.00132675	-0.00142674	9.79487e-09	1.17943e-05	
317	8.29714e-05	1.79305	-0.00136272	-0.000637575	9.65939e-09	2.73647e-05	
318	9.30139e-05	1.65619	-0.00134674	0.000179148	9.04174e-09	4.21137e-05	
319	9.91882e-05	1.45156	-0.00127265	0.000991055	7.97e-09	5.54351e-05	
320	0.000101272	1.18938	-0.00113899	0.00176071	6.49785e-09	6.67877e-05	
321	9.92011e-05	0.881148	-0.000951442	0.0024505	4.70235e-09	7.57135e-05	
322	9.30728e-05	0.538487	-0.000722054	0.00302917	2.67936e-09	8.185e-05	
323	8.31402e-05	0.173237	-0.000465851	0.00347596	5.36974e-10	8.49417e-05	
324	6.98089e-05	-0.20144	-0.000196962	0.00377999	-1.6122e-09	8.48523e-05	
325	5.36234e-05	-0.570305	7.33694e-05	0.00393576	-3.65855e-09	8.1577e-05	
326	3.52481e-05	-0.916599	0.000336185	0.00393867	-5.50176e-09	7.52489e-05	
327	1.54401e-05	-1.22397	0.000582841	0.00378402	-7.0549e-09	6.61362e-05	
328	-4.98162e-06	-1.47878	0.000803836	0.00347045	-8.24642e-09	5.4628e-05	
329	-2.51686e-05	-1.67148	0.000989701	0.00300524	-9.02056e-09	4.12116e-05	
330	-4.42775e-05	-1.79643	0.00113337	0.00240747	-9.3373e-09	2.64471e-05	
331	-6.15053e-05	-1.85055	0.001232	0.00170655	-9.17284e-09	1.09434e-05	
332	-7.61264e-05	-1.83203	0.00128648	0.000936862	-8.52104e-09	-4.66322e-06	
333	-8.75283e-05	-1.74028	0.00129863	0.000131902	-7.39571e-09	-1.97318e-05	
334	-9.52426e-05	-1.57695	0.00126794	-0.000678432	-5.83279e-09	-3.36411e-05	
335	-9.89654e-05	-1.34753	0.00119057	-0.00146646	-3.89155e-09	-4.58189e-05	
336	-9.85669e-05	-1.06188	0.00106154	-0.00220339	-1.65397e-09	-5.57698e-05	
337	-9.4089e-05	-0.733447	0.000879198	-0.00285766	7.78465e-10	-6.30993e-05	
338	-8.57367e-05	-0.377212	0.000648941	-0.00339726	3.29024e-09	-6.75275e-05	
339	-7.38658e-05	-0.00784155	0.000383769	-0.00379518	5.75944e-09	-6.8896e-05	
340	-5.89689e-05	0.361106	0.000101229	-0.00403467	8.06641e-09	-6.71674e-05	
341	-4.1659e-05	0.71667	-0.000181303	-0.00411084	1.01024e-08	-6.24244e-05	
342	-2.26479e-05	1.04552	-0.00045008	-0.00402779	1.17768e-08	-5.48691e-05	
343	-2.71726e-06	1.3337	-0.00069542	-0.00379356	1.30215e-08	-4.48189e-05	
344	1.73147e-05	1.56764	-0.000909678	-0.00341653	1.37923e-08	-3.26975e-05	
345	3.6629e-05	1.73614	-0.00108507	-0.00290595	1.40674e-08	-1.90161e-05	
346	5.44388e-05	1.83209	-0.00121354	-0.00227576	1.38434e-08	-4.34803e-06	
347	7.00197e-05	1.85293	-0.00128887	-0.00154863	1.31316e-08	1.07009e-05	
348	8.27355e-05	1.79976	-0.00130937	-0.000756614	1.19548e-08	2.55188e-05	
349	9.20633e-05	1.67583	-0.00127862	6.24859e-05	1.03468e-08	3.95104e-05	
350	9.76164e-05	1.48555	-0.00120319	0.000871081	8.35269e-09	5.21162e-05	
351	9.91642e-05	1.23482	-0.00108872	0.0016365	6.03094e-09	6.28307e-05	
352	9.66446e-05	0.932125	-0.000937128	0.00233186	3.45479e-09	7.1223e-05	
353	9.01661e-05	0.589475	-0.000747218	0.00293363	7.12205e-10	7.69577e-05	
354	8.00003e-05	0.222147	-0.000518499	0.00341862	-2.09634e-09	7.98133e-05	
355	6.65661e-05	-0.152936	-0.000255729	0.00376377	-4.86247e-09	7.96917e-05	
356	5.04107e-05	-0.519357	2.90136e-05	0.00394953	-7.47649e-09	7.66198e-05	
357	3.21888e-05	-0.862736	0.000318269	0.00396496	-9.83503e-09	7.07414e-05	
358	1.26401e-05	-1.17095	0.00059391	0.00381098	-1.18487e-08	6.23077e-05	
359	-7.43861e-06	-1.43329	0.00084156	0.00349961	-1.34487e-08	5.16657e-05	
360	-2.72262e-05	-1.63968	0.00105202	0.00304953	-1.45906e-08	3.92476e-05	
361	-4.59153e-05	-1.7807	0.0012194	0.00248111	-1.52555e-08	2.55579e-05	
362	-6.27506e-05	-1.8489	0.00133806	0.00181415	-1.54482e-08	1.11548e-05	
363	-7.70606e-05	-1.84042	0.00140128	0.00106943	-1.51931e-08	-3.3742e-06	
364	-8.82826e-05	-1.75595	0.00140299	0.000272291	-1.45293e-08	-1.74403e-05	
365	-9.59778e-05	-1.6004	0.00134127	-0.000545118	-1.35067e-08	-3.04795e-05	
366	-9.98426e-05	-1.38145	0.0012208	-0.00134543	-1.2183e-08	-4.1975e-05	
367	-9.97178e-05	-1.10818	0.00105192	-0.00209096	-1.06227e-08	-5.14729e-05	
368	-9.55966e-05	-0.790392	0.000846655	-0.00274926	-8.89708e-09	-5.8596e-05	
369	-8.76296e-05	-0.439212	0.00061427	-0.00329588	-7.08398e-09	-6.30571e-05	
370	-7.61225e-05	-0.0679221	0.000359576	-0.00371343	-5.26646e-09	-6.46732e-05	
371	-6.15261e-05	0.307782	8.52032e-05	-0.00398831	-3.53036e-09	-6.33786e-05	
372	-4.4417e-05	0.670835	-0.000203848	-0.00410843	-1.96017e-09	-5.92314e-05	
373	-2.54749e-05	1.00479	-0.000496775	-0.00406414	-6.3384e-10	-5.24111e-05	
374	-5.45646e-06	1.29572	-0.000777323	-0.00385206	3.82874e-10	-4.32075e-05	
375	1.48325e-05	1.53314	-0.00102781	-0.00347904	1.04187e-09	-3.20025e-05	
376	3.45678e-05	1.70951	-0.0012341	-0.00296325	1.31711e-09	-1.9252e-05	
377	5.2943e-05	1.81916	-0.00138815	-0.0023312	1.20725e-09	-5.4679e-06	
378	6.92084e-05	1.85765	-0.00148677	-0.00161252	7.35778e-10	8.79908e-06	
379	8.27092e-05	1.82213	-0.00152804	-0.000835664	-5.1407e-11	2.29777e-05	
380	9.29146e-05	1.7126	-0.00150864	-2.69553e-05	-1.0907e-09	3.64986e-05	
381	9.9437e-05	1.53308	-0.00142459	0.000787133	-2.30685e-09	4.882e-05	
382	0.000102037	1.29182	-0.00127494	0.0015771	-3.61916e-09	5.94522e-05	
383	0.000100623	1.00029	-0.00106555	0.00230992	-4.94694e-09	6.79792e-05	
384	9.52488e-05	0.671503	-0.000809806	0.00295209	-6.21368e-09	7.40729e-05	
385	8.61098e-05	0.318744	-0.000525155	0.00347477	-7.34983e-09	7.75033e-05	
386	7.3545e-05	-0.0446921	-0.000227501	0.00385783	-8.29485e-09	7.81451e-05	
387	5.80305e-05	-0.404953	7.27135e-05	0.00409054	-8.99863e-09	7.59848e-05	
388	4.01678e-05	-0.747138	0.000370178	0.00416901	-9.42289e-09	7.11266e-05	
389	2.06623e-05	-1.05569	0.00066055	0.00409272	-9.54233e-09	6.37933e-05	
390	2.94381e-07	-1.31589	0.000935728	0.00386315	-9.34569e-09	5.43201e-05	
391	-2.01128e-05	-1.51572	0.00118219	0.00348554	-8.83666e-09	4.31385e-05	
392	-3.9727e-05	-1.64723	0.00138375	0.00297239	-8.03453e-09	3.0753e-05	
393	-5.77413e-05	-1.7065	0.0015269	0.00234562	-6.97455e-09	1.77151e-05	
394	-7.34106e-05	-1.69274	0.00160479	0.00163532	-5.70758e-09	4.5992e-06	
395	-8.60881e-05	-1.60704	0.00161751	0.000875166	-4.29849e-09	-8.01921e-06	
396	-9.52602e-05	-1.45208	0.00156865	9.71522e-05	-2.82292e-09	-1.95832e-05	
397	-0.000100572	-1.23268	0.00146144	-0.000671426	-1.36235e-09	-2.95753e-05	
398	-0.00010184	-0.956987	0.0012976	-0.00140739	2.00205e-12	-3.75402e-05	
399	-9.90515e-05	-0.636972	0.00108001	-0.00208881	1.19543e-09	-4.31079e-05	
400	-9.23557e-05	-0.287891	0.000816848	-0.00269281	2.1551e-09	-4.60136e-05	
401	-8.20498e-05	0.0733319	0.000523626	-0.00319623	2.83359e-09	-4.61117e-05	
402	-6.85687e-05	0.429886	0.000220722	-0.00357923	3.20042e-09	-4.33811e-05	
403	-5.24752e-05	0.766144	-7.24471e-05	-0.00382956	3.24188e-09	-3.79268e-05	
404	-3.44476e-05	1.06773	-0.000342982	-0.00394446	2.95966e-09	-2.99767e-05	
405	-1.52585e-05	1.32105	-0.000586014	-0.00392916	2.36911e-09	-1.98774e-05	
406	4.25675e-06	1.51325	-0.000801308	-0.00379306	1.49749e-09	-8.0853e-06	
407	2.32407e-05	1.63302	-0.000987596	-0.00354622	3.82625e-10	4.84769e-06	
408	4.0857e-05	1.67223	-0.00113897	-0.00319875	-9.27951e-10	1.82979e-05	
409	5.63316e-05	1.62743	-0.00124613	-0.00276268	-2.37735e-09	3.16007e-05	
410	6.89883e-05	1.50036	-0.00130165	-0.00225453	-3.8996e-09	4.40855e-05	
411	7.82802e-05	1.29736	-0.00130553	-0.00169574	-5.42028e-09	5.51098e-05	
412	8.3817e-05	1.02796	-0.00126703	-0.00111001	-6.85849e-09	6.40883e-05	
413	8.53875e-05	0.703772	-0.00120157	-0.000518789	-8.1304e-09	7.05188e-05	
414	8.29755e-05	0.338251	-0.00112501	6.21338e-05	-9.15475e-09	7.40043e-05	
415	7.67621e-05	-0.0528824	-0.0010494	0.000622843	-9.85931e-09	7.42747e-05	
416	6.71159e-05	-0.451263	-0.000982705	0.00115621	-1.01872e-08	7.12068e-05	
417	5.45709e-05	-0.836405	-0.000931916	0.00165382	-1.01015e-08	6.48393e-05	
418	3.97988e-05	-1.18738	-0.000905857	0.0021038	-9.58751e-09	5.53788e-05	
419	2.35796e-05	-1.48508	-0.000914525	0.00249185	-8.65172e-09	4.31949e-05	
420	6.77267e-06	-1.71413	-0.000964395	0.00280446	-7.31966e-09	2.88027e-05	
421	-9.71552e-06	-1.86372	-0.00105269	0.0030318	-5.63237e-09	1.28386e-05	
422	-2.49713e-05	-1.92739	-0.00116482	0.00316785	-3.64358e-09	-3.97055e-06	
423	-3.81227e-05	-1.90258	-0.0012773	0.00320805	-1.41782e-09	-2.0842e-05	
424	-4.83941e-05	-1.79044	-0.00136457	0.00314612	9.70395e-10	-3.6975e-05	
425	-5.51598e-05	-1.59647	-0.00140547	0.0029731	3.43689e-09	-5.15945e-05	
426	-5.79864e-05	-1.33123	-0.00138542	0.00267965	5.88852e-09	-6.39975e-05	
427	-5.66618e-05	-1.0105	-0.00129375	0.00226054	8.22477e-09	-7.35992e-05	
428	-5.12078e-05	-0.654107	-0.00111929	0.00171888	1.03409e-08	-7.99724e-05	
429	-4.1882e-05	-0.283731	-0.0008488	0.00106759	1.2133e-08	-8.2876e-05	
430	-2.91689e-05	0.0795047	-0.000470791	0.00032785	1.35039e-08	-8.22679e-05	
431	-1.37614e-05	0.416834	1.70223e-05	-0.000473581	1.43703e-08	-7.83052e-05	
432	3.4724e-06	0.712552	0.000601122	-0.00130604	1.4669e-08	-7.1332e-05	
433	2.15387e-05	0.954014	0.00125086	-0.00213446	1.43613e-08	-6.1858e-05	
434	3.93817e-05	1.13165	0.0019233	-0.00291774	1.34349e-08	-5.05274e-05	
435	5.59552e-05	1.23956	0.00257131	-0.00360872	1.19023e-08	-3.80782e-05	
436	7.02937e-05	1.27645	0.00315018	-0.00415734	9.79846e-09	-2.52923e-05	
437	8.15735e-05	1.24639	0.00362012	-0.00451715	7.17643e-09	-1.29392e-05	
438	8.91628e-05	1.15843	0.00394553	-0.00465265	4.10493e-09	-1.72005e-06	
439	9.26584e-05	1.02503	0.0040948	-0.00454441	6.6711e-10	7.7811e-06	
440	9.19104e-05	0.859786	0.00404381	-0.00419043	-3.03916e-09	1.51337e-05	
441	8.70331e-05	0.675461	0.00378286	-0.00360432	-6.90077e-09	2.00816e-05	
442	7.83964e-05	0.483012	0.00332356	-0.00281245	-1.079e-08	2.255e-05	
443	6.6595e-05	0.291675	0.00270065	-0.0018523	-1.45673e-08	2.26401e-05	
444	5.23947e-05	0.109497	0.00196695	-0.000772189	-1.80864e-08	2.06123e-05	
445	3.66622e-05	-0.0564339	0.0011834	0.000369192	-2.12016e-08	1.68606e-05	
446	2.02896e-05	-0.200365	0.000409094	0.00150563	-2.3775e-08	1.18751e-05	
447	4.12372e-06	-0.318516	-0.000304166	0.00256941	-2.56834e-08	6.19856e-06	
448	-1.10914e-05	-0.409266	-0.000912448	0.00349919	-2.68244e-08	3.79989e-07	
449	-2.47592e-05	-0.472445	-0.00137844	0.00424678	-2.71204e-08	-5.0681e-06	
450	-3.64614e-05	-0.507929	-0.00167265	0.00478033	-2.65206e-08	-9.70196e-06	
451	-4.59768e-05	-0.514356	-0.00177879	0.00508337	-2.50033e-08	-1.31664e-05	
452	-5.32839e-05	-0.488811	-0.00170058	0.00515146	-2.25769e-08	-1.52023e-05	
453	-5.85438e-05	-0.427817	-0.00146522	0.00498884	-1.92821e-08	-1.56461e-05	
454	-6.20626e-05	-0.329187	-0.00111923	0.00460698	-1.51941e-08	-1.44235e-05	
455	-6.42363e-05	-0.193815	-0.00071756	0.00402453	-1.04255e-08	-1.15418e-05	
456	-6.54904e-05	-0.026621	-0.000310332	0.00326713	-5.12764e-09	-7.07975e-06	
457	-6.62273e-05	0.163546	6.63111e-05	0.00236556	5.11032e-10	-1.17693e-06	
458	-6.679e-05	0.364637	0.00039212	0.00135248	6.27067e-09	5.97573e-06	
459	-6.74473e-05	0.56219	0.000658526	0.000259532	1.19115e-08	1.41424e-05	
460	-6.83961e-05	0.739934	0.000862824	-0.000882912	1.71896e-08	2.3043e-05	
461	-6.97744e-05	0.880559	0.00100484	-0.00204273	2.1875e-08	3.23494e-05	
462	-7.16799e-05	0.967185	0.00108682	-0.00318118	2.57695e-08	4.16804e-05	
463	-7.41894e-05	0.985811	0.0011138	-0.00424935	2.87209e-08	5.06018e-05	
464	-7.73762e-05	0.928306	0.00109098	-0.00518849	3.06316e-08	5.86377e-05	
465	-8.13207e-05	0.794938	0.0010175	-0.00593506	3.14623e-08	6.52956e-05	
466	-8.61066e-05	0.595377	0.000879741	-0.00642864	3.12287e-08	7.01034e-05	
467	-9.17981e-05	0.347703	0.00064967	-0.00661999	2.99953e-08	7.26541e-05	
468	-9.83977e-05	0.075771	0.000291389	-0.00647705	2.78651e-08	7.26513e-05	
469	-0.00010579	-0.194132	-0.000225377	-0.00598862	2.49667e-08	6.99504e-05	
470	-0.000113691	-0.436426	-0.000910647	-0.0051666	2.14413e-08	6.45912e-05	
471	-0.000121611	-0.628746	-0.00174497	-0.00404793	1.74279e-08	5.6817e-05	
472	-0.000128857	-0.753941	-0.00267899	-0.00269556	1.30518e-08	4.70776e-05	
473	-0.000134557	-0.80184	-0.00364013	-0.00119682	8.41533e-09	3.60096e-05	
474	-0.000137733	-0.770747	-0.00454194	0.000342975	3.59516e-09	2.43948e-05	
475	-0.000137378	-0.668165	-0.00529195	0.00181192	-1.35437e-09	1.30952e-05	
476	-0.000132563	-0.510058	-0.00579807	0.00310599	-6.39015e-09	2.97347e-06	
477	-0.000122545	-0.318328	-0.0059764	0.00414269	-1.14633e-08	-5.19225e-06	
478	-0.000106877	-0.116936	-0.00576339	0.0048702	-1.64988e-08	-1.07857e-05	
479	-8.55074e-05	0.072214	-0.00513181	0.00527044	-2.13762e-08	-1.34132e-05	
480	-5.88457e-05	0.23241	-0.00410499	0.00535648	-2.59167e-08	-1.29405e-05	
481	-2.7781e-05	0.353533	-0.00276221	0.00516671	-2.98812e-08	-9.50319e-06	
482	6.35847e-06	0.431792	-0.00123037	0.00475751	-3.29849e-08	-3.491e-06	
483	4.19073e-05	0.468468	0.000336759	0.00419531	-3.49257e-08	4.4926e-06	
484	7.70126e-05	0.468415	0.00178501	0.00354796	-3.54265e-08	1.36912e-05	
485	0.000109811	0.438704	0.0029838	0.00287535	-3.4282e-08	2.32709e-05	
486	0.000138607	0.387323	0.00384191	0.00222073	-3.14009e-08	3.24018e-05	
487	0.000162033	0.321753	0.0043145	0.00160544	-2.68348e-08	4.03334e-05	
488	0.000179172	0.247486	0.00440384	0.00102923	-2.07861e-08	4.64549e-05	
489	0.000189628	0.166985	0.00415654	0.000476789	-1.35928e-08	5.03327e-05	
490	0.000193544	0.0797219	0.003657	-7.16653e-05	-5.69172e-09	5.17232e-05	
491	0.000191546	-0.0164429	0.00301509	-0.00062981	2.4326e-09	5.05654e-05	
492	0.000184644	-0.122995	0.00234693	-0.00119831	1.03051e-08	4.69591e-05	
493	0.000174086	-0.238629	0.0017516	-0.00176341	1.75124e-08	4.11359e-05	
494	0.000161199	-0.358296	0.001291	-0.00230002	2.37421e-08	3.34267e-05	
495	0.000147253	-0.473908	0.000980353	-0.00277696	2.88017e-08	2.4229e-05	
496	0.000133356	-0.576303	0.000793453	-0.00316186	3.26167e-08	1.39758e-05	
497	0.000120394	-0.657478	0.000679701	-0.00342496	3.52069e-08	3.10742e-06	
498	0.000109025	-0.712078	0.000584853	-0.00354215	3.66491e-08	-7.95095e-06	
499	9.96884e-05	-0.73772	0.00046683	-0.00349807	3.70341e-08	-1.88036e-05	
500	9.26393e-05	-0.734339	0.000302131	-0.00328911	3.64277e-08	-2.90912e-05	
501	8.79845e-05	-0.703196	8.43364e-05	-0.00292515	3.48461e-08	-3.84912e-05	
502	8.57184e-05	-0.646027	-0.000180179	-0.00242858	3.22508e-08	-4.67158e-05	
503	8.57548e-05	-0.564474	-0.000474982	-0.0018304	2.85648e-08	-5.35081e-05	
504	8.79518e-05	-0.459658	-0.000774311	-0.00116488	2.37089e-08	-5.864e-05	
505	9.21229e-05	-0.331821	-0.00104476	-0.00046535	1.7648e-08	-6.19087e-05	
506	9.80344e-05	-0.180288	-0.00125101	0.000237151	1.04383e-08	-6.31349e-05	
507	0.000105388	-0.00422506	-0.00136533	0.000912261	2.26329e-09	-6.21625e-05	
508	0.000113801	0.195543	-0.00137673	0.00152799	-6.5536e-09	-5.88639e-05	
509	0.000122786	0.413987	-0.00129425	0.00205047	-1.5564e-08	-5.31567e-05	
510	0.000131755	0.639626	-0.00114231	0.00244752	-2.42399e-08	-4.50299e-05	
511	0.000140022	0.853863	-0.000950767	0.00269512	-3.20408e-08	-3.45795e-05	
512	0.000146833	1.03275	-0.000746122	0.00278421	-3.84903e-08	-2.20447e-05	
513	0.000151384	1.15106	-0.00054937	0.00272463	-4.32425e-08	-7.83341e-06	
514	0.00015285	1.18763	-0.000381018	0.00254431	-4.61243e-08	7.46879e-06	
515	0.00015042	1.13027	-0.00026831	0.00228401	-4.71398e-08	2.31158e-05	
516	0.000143338	0.978905	-0.000247573	0.00198942	-4.6437e-08	3.82432e-05	
517	0.00013097	0.746283	-0.0003575	0.0017026	-4.4245e-08	5.19331e-05	
518	0.000112875	0.456228	-0.000625023	0.00145408	-4.08007e-08	6.32966e-05	
519	8.889e-05	0.140061	-0.00105031	0.00125638	-3.62847e-08	7.15637e-05	
520	5.9201e-05	-0.168193	-0.00159798	0.00109958	-3.07884e-08	7.61707e-05	
521	2.43881e-05	-0.437164	-0.00219807	0.00095058	-2.43208e-08	7.683e-05	
522	-1.45559e-05	-0.643301	-0.00275534	0.000758128	-1.68558e-08	7.35706e-05	
523	-5.62463e-05	-0.774866	-0.00316278	0.000464374	-8.40619e-09	6.67394e-05	
524	-9.89677e-05	-0.833624	-0.00331628	2.17699e-05	8.97734e-10	5.69596e-05	
525	-0.000140779	-0.833422	-0.00313026	-0.000589107	1.07514e-08	4.50521e-05	
526	-0.000179661	-0.79567	-0.0025554	-0.00134669	2.06615e-08	3.19352e-05	
527	-0.000213703	-0.742899	-0.00159749	-0.00218567	2.9985e-08	1.85194e-05	
528	-0.000241295	-0.692356	-0.000331943	-0.00300622	3.80175e-08	5.61603e-06	
529	-0.000261306	-0.651714	0.00109485	-0.00369329	4.41113e-08	-6.128e-06	
530	-0.000273207	-0.618173	0.00248426	-0.00414047	4.77944e-08	-1.62621e-05	
531	-0.0002771	-0.580947	0.00362414	-0.00427234	4.88578e-08	-2.45316e-05	
532	-0.000273666	-0.525963	0.00433805	-0.00406003	4.73874e-08	-3.08513e-05	
533	-0.000264032	-0.441042	0.0045295	-0.00352707	4.37308e-08	-3.52602e-05	
534	-0.000249573	-0.320017	0.00420643	-0.00274486	3.84062e-08	-3.787e-05	
535	-0.000231719	-0.164867	0.00347823	-0.00181872	3.19789e-08	-3.88177e-05	
536	-0.000211766	0.0143682	0.00252757	-0.000867088	2.49377e-08	-3.82318e-05	
537	-0.000190747	0.201635	0.00156667	2.49639e-06	1.76064e-08	-3.62192e-05	
538	-0.000169363	0.37838	0.000790055	0.000715095	1.01118e-08	-3.28711e-05	
539	-0.000148002	0.527789	0.000333842	0.0012421	2.41784e-09	-2.82833e-05	
540	-0.000126816	0.638765	0.000248347	0.00160244	-5.58718e-09	-2.25803e-05	
541	-0.000105855	0.708446	0.000488404	0.00185008	-1.39763e-08	-1.59331e-05	
542	-8.52108e-05	0.74227	0.000924401	0.00205154	-2.26775e-08	-8.5636e-06	
543	-6.51403e-05	0.751239	0.00137454	0.0022605	-3.14096e-08	-7.35693e-07	
544	-4.61187e-05	0.747145	0.00165363	0.00249828	-3.96809e-08	7.2623e-06	
545	-2.88202e-05	0.737446	0.00162684	0.00274639	-4.68561e-08	1.51371e-05	
546	-1.40252e-05	0.721831	0.00125171	0.00295311	-5.22758e-08	2.26058e-05	
547	-2.48483e-06	0.691943	0.000593065	0.00305072	-5.53945e-08	2.94045e-05	
548	5.21686e-06	0.634421	-0.000196402	0.00297731	-5.5902e-08	3.5292e-05	
549	8.77056e-06	0.536127	-0.000923849	0.00269598	-5.37898e-08	4.00514e-05	
550	8.19607e-06	0.38957	-0.00141544	0.00220645	-4.93467e-08	4.34931e-05	
551	3.84004e-06	0.196622	-0.00156605	0.0015466	-4.30829e-08	4.54623e-05	
552	-3.67437e-06	-0.0305548	-0.0013638	0.000784434	-3.56056e-08	4.58516e-05	
553	-1.35301e-05	-0.271438	-0.000884641	2.59588e-06	-2.74831e-08	4.46182e-05	
554	-2.48136e-05	-0.501146	-0.000263045	-0.00072057	-1.91359e-08	4.18053e-05	
555	-3.66084e-05	-0.695364	0.000348912	-0.00132878	-1.07858e-08	3.75608e-05	
556	-4.80691e-05	-0.835067	0.000821676	-0.00179937	-2.47719e-09	3.215e-05	
557	-5.84644e-05	-0.910055	0.00107865	-0.0021448	5.84189e-09	2.59522e-05	
558	-6.71847e-05	-0.920553	0.00111191	-0.00240295	1.42034e-08	1.94374e-05	
559	-7.37241e-05	-0.876409	0.000980677	-0.00261898	2.25097e-08	1.31209e-05	
560	-7.76549e-05	-0.793945	0.00079213	-0.00282484	3.04663e-08	7.50299e-06	
561	-7.86181e-05	-0.691217	0.000667584	-0.0030241	3.75832e-08	3.00425e-06	
562	-7.63416e-05	-0.5831	0.00070212	-0.00318768	4.32466e-08	-8.87042e-08	
563	-7.06869e-05	-0.477846	0.000930447	-0.00326219	4.68435e-08	-1.65559e-06	
564	-6.1704e-05	-0.376267	0.00131216	-0.00318752	4.79018e-08	-1.74686e-06	
565	-4.9671e-05	-0.273681	0.00174368	-0.0029171	4.62036e-08	-5.61241e-07	
566	-3.50942e-05	-0.163599	0.00209366	-0.00243391	4.18383e-08	1.59734e-06	
567	-1.86647e-05	-0.0414629	0.00224814	-0.0017577	3.51799e-08	4.37402e-06	
568	-1.17751e-06	0.0930608	0.00214788	-0.000942156	2.67975e-08	7.41912e-06	
569	1.65635e-05	0.235897	0.00180378	-6.42374e-05	1.73289e-08	1.04375e-05	
570	3.38344e-05	0.380029	0.00128726	0.000790911	7.35628e-09	1.32245e-05	
571	5.00577e-05	0.517513	0.00070259	0.00154567	-2.67596e-09	1.56818e-05	
572	6.48364e-05	0.640934	0.000154139	0.00214317	-1.24827e-08	1.78127e-05	
573	7.79559e-05	0.7438	-0.000280001	0.00255566	-2.18966e-08	1.96963e-05	
574	8.93546e-05	0.820133	-0.000562472	0.00278629	-3.07863e-08	2.14468e-05	
575	9.90692e-05	0.86392	-0.000699592	0.00286387	-3.89671e-08	2.31685e-05	
576	0.000107166	0.869096	-0.000735764	0.00283165	-4.61413e-08	2.49155e-05	
577	0.000113676	0.830313	-0.000741588	0.0027333	-5.18897e-08	2.6666e-05	
578	0.000118546	0.744347	-0.000796503	0.00260032	-5.57218e-08	2.83144e-05	
579	0.000121635	0.611729	-0.000967311	0.00244457	-5.71695e-08	2.96817e-05	
580	0.000122743	0.438111	-0.00128688	0.00225797	-5.58945e-08	3.05416e-05	
581	0.00012167	0.234916	-0.00174007	0.00201834	-5.17774e-08	3.06567e-05	
582	0.000118286	0.018818	-0.0022634	0.00169847	-4.4962e-08	2.98205e-05	
583	0.00011259	-0.190262	-0.00276036	0.0012754	-3.58423e-08	2.78986e-05	
584	0.000104752	-0.372658	-0.00312735	0.00073751	-2.5002e-08	2.48607e-05	
585	9.51278e-05	-0.513347	-0.00328079	8.93112e-05	-1.31244e-08	2.07958e-05	
586	8.42579e-05	-0.605935	-0.00317615	-0.000645752	-9.00804e-10	1.59037e-05	
587	7.28449e-05	-0.654603	-0.002815	-0.00142431	1.10416e-08	1.04612e-05	
588	6.17081e-05	-0.672759	-0.00224183	-0.00218496	2.21812e-08	4.76998e-06	
589	5.17061e-05	-0.67827	-0.00153571	-0.00285473	3.21158e-08	-9.00936e-07	
590	4.36308e-05	-0.686626	-0.000799974	-0.00336075	4.0558e-08	-6.36211e-06	
591	3.80873e-05	-0.704523	-0.000149061	-0.00364562	4.73249e-08	-1.15251e-05	
592	3.53918e-05	-0.726462	0.000310448	-0.00368213	5.23273e-08	-1.63925e-05	
593	3.55191e-05	-0.735938	0.000505098	-0.00348209	5.55579e-08	-2.10201e-05	
594	3.81257e-05	-0.710991	0.000420306	-0.00309501	5.70706e-08	-2.54624e-05	
595	4.26483e-05	-0.632184	0.000115323	-0.00259593	5.69466e-08	-2.97175e-05	
596	4.84523e-05	-0.490114	-0.00028374	-0.00206547	5.525e-08	-3.36886e-05	
597	5.49915e-05	-0.28983	-0.000616447	-0.00156825	5.19846e-08	-3.71723e-05	
598	6.19314e-05	-0.0506741	-0.000738265	-0.00113631	4.70725e-08	-3.98796e-05	
599	6.92029e-05	0.198276	-0.000571045	-0.000762724	4.03738e-08	-4.14857e-05	
600	7.69681e-05	0.425645	-0.000134364	-0.000407379	3.17551e-08	-4.1699e-05	
601	8.55062e-05	0.605738	0.00045497	-1.35649e-05	2.11954e-08	-4.03294e-05	
602	9.50435e-05	0.724664	0.00101591	0.000469118	8.89949e-09	-3.73414e-05	
603	0.000105573	0.782839	0.00135769	0.00106205	-4.62378e-09	-3.28726e-05	
604	0.000116714	0.793126	0.00133852	0.00174225	-1.85578e-08	-2.72134e-05	
605	0.000127669	0.775204	0.000910969	0.00244021	-3.18698e-08	-2.07529e-05	
606	0.000137293	0.747994	0.000141243	0.0030536	-4.34873e-08	-1.39065e-05	
607	0.000144286	0.722727	-0.000803363	0.00347405	-5.25159e-08	-7.04834e-06	
608	0.000147453	0.69918	-0.00169736	0.00361952	-5.84327e-08	-4.66335e-07	
609	0.000145957	0.666532	-0.00232079	0.00346106	-6.11894e-08	5.6489e-06	
610	0.000139497	0.608558	-0.00252716	0.00303386	-6.1182e-08	1.1185e-05	
611	0.000128335	0.511082	-0.00229413	0.00242726	-5.90887e-08	1.60709e-05	
612	0.000113185	0.368641	-0.00173704	0.00175642	-5.56239e-08	2.02384e-05	
613	9.4992e-05	0.187631	-0.00107548	0.00112541	-5.12896e-08	2.35974e-05	
614	7.46914e-05	-0.015248	-0.000559684	0.000595505	-4.62163e-08	2.6031e-05	
615	5.30118e-05	-0.218372	-0.00038101	0.000170319	-4.01519e-08	2.74096e-05	
616	3.0392e-05	-0.40193	-0.000600319	-0.000196993	-3.26117e-08	2.76185e-05	
617	7.01784e-06	-0.553137	-0.00112335	-0.000577813	-2.31392e-08	2.65886e-05	
618	-1.70442e-05	-0.667975	-0.00173458	-0.0010338	-1.15843e-08	2.43227e-05	
619	-4.16706e-05	-0.749228	-0.00217711	-0.00158738	1.70574e-09	2.09112e-05	
620	-6.65227e-05	-0.802209	-0.0022473	-0.00220764	1.5859e-08	1.65329e-05	
621	-9.09597e-05	-0.830434	-0.00186739	-0.00281648	2.96367e-08	1.14432e-05	
622	-0.000114051	-0.833198	-0.00110986	-0.00331215	4.17262e-08	5.95016e-06	
623	-0.000134688	-0.805974	-0.000166764	-0.00360178	5.10717e-08	3.86325e-07	
624	-0.000151772	-0.743201	0.00072095	-0.00363122	5.71255e-08	-4.91944e-06	
625	-0.00016441	-0.642063	0.00134667	-0.00340182	5.99323e-08	-9.66481e-06	
626	-0.000172083	-0.505501	0.00160419	-0.00296833	6.00177e-08	-1.35908e-05	
627	-0.00017471	-0.343086	0.00151565	-0.00241867	5.81266e-08	-1.64936e-05	
628	-0.000172614	-0.169217	0.0012143	-0.00184287	5.49109e-08	-1.82342e-05	
629	-0.000166397	0.000824065	0.000889917	-0.00130306	5.06878e-08	-1.87449e-05	
630	-0.000156776	0.155486	0.000716444	-0.000815966	4.53609e-08	-1.80316e-05	
631	-0.000144444	0.290338	0.000786924	-0.000355025	3.85319e-08	-1.61665e-05	
632	-0.000130003	0.408598	0.00107941	0.000128754	2.97569e-08	-1.32697e-05	
633	-0.000113961	0.518208	0.00146733	0.000676132	1.88405e-08	-9.48327e-06	
634	-9.67886e-05	0.626365	0.00177177	0.00129253	6.0467e-09	-4.94547e-06	
635	-7.89823e-05	0.733758	0.00183619	0.00193662	-7.86253e-09	2.226e-07	
636	-6.11023e-05	0.831253	0.00159291	0.00252994	-2.17812e-08	5.91128e-06	
637	-4.37683e-05	0.901019	0.00109267	0.00298368	-3.4547e-08	1.19979e-05	
638	-2.7622e-05	0.922219	0.000483214	0.00323096	-4.52514e-08	1.83141e-05	
639	-1.32766e-05	0.879233	-5.43613e-05	0.00325057	-5.34479e-08	2.46207e-05	
640	-1.27238e-06	0.768948	-0.0003829	0.00307219	-5.91814e-08	3.0605e-05	
641	7.95506e-06	0.603737	-0.000464926	0.00276119	-6.28315e-08	3.59073e-05	
642	1.40952e-05	0.408478	-0.000371556	0.00239016	-6.48402e-08	4.01719e-05	
643	1.69792e-05	0.212528	-0.000241643	0.00200984	-6.54449e-08	4.31073e-05	
644	1.65949e-05	0.0398517	-0.0002116	0.00163163	-6.45311e-08	4.45377e-05	
645	1.30983e-05	-0.0986335	-0.00034925	0.00122876	-6.167e-08	4.4429e-05	
646	6.81576e-06	-0.207338	-0.000621793	0.00075516	-5.6328e-08	4.28818e-05	
647	-1.76709e-06	-0.302033	-0.000910889	0.000173564	-4.8158e-08	4.00937e-05	
648	-1.20318e-05	-0.401364	-0.00106615	-0.000518934	-3.72496e-08	3.63032e-05	
649	-2.32677e-05	-0.517355	-0.000972129	-0.00127884	-2.42246e-08	3.17334e-05	
650	-3.47263e-05	-0.648761	-0.000599882	-0.00202318	-1.01311e-08	2.65536e-05	
651	-4.56867e-05	-0.779848	-2.21619e-05	-0.00265336	3.82933e-09	2.08716e-05	
652	-5.5523e-05	-0.885079	0.000612842	-0.00308726	1.6635e-08	1.47597e-05	
653	-6.37577e-05	-0.937895	0.00113828	-0.0032868	2.77033e-08	8.30319e-06	
654	-7.00823e-05	-0.920264	0.0014337	-0.00326981	3.69701e-08	1.6523e-06	
655	-7.43327e-05	-0.829428	0.0014731	-0.00310059	4.47574e-08	-4.94545e-06	
656	-7.64251e-05	-0.679262	0.00133666	-0.00286215	5.14865e-08	-1.115e-05	
657	-7.628e-05	-0.495711	0.00117938	-0.00262114	5.73609e-08	-1.65734e-05	
658	-7.37742e-05	-0.30797	0.0011666	-0.00240025	6.21578e-08	-2.08509e-05	
659	-6.87514e-05	-0.138789	0.00140059	-0.00217013	6.52239e-08	-2.37148e-05	
660	-6.10961e-05	0.00230334	0.00186864	-0.00186515	6.5686e-08	-2.50432e-05	
661	-5.08432e-05	0.120201	0.00243741	-0.00141678	6.27935e-08	-2.48683e-05	
662	-3.82731e-05	0.229424	0.00289997	-0.000790323	5.62526e-08	-2.33427e-05	
663	-2.3943e-05	0.345473	0.00305915	-8.88346e-06	4.64113e-08	-2.06806e-05	
664	-8.63645e-06	0.476115	0.00281256	0.00084626	3.42149e-08	-1.70965e-05	
665	6.75646e-06	0.616395	0.0022012	0.00165949	2.09423e-08	-1.27651e-05	
666	2.1382e-05	0.749463	0.00139824	0.00231905	7.82948e-09	-7.81221e-06	
667	3.45404e-05	0.852663	0.000640713	0.00275378	-4.27489e-09	-2.33606e-06	
668	4.57437e-05	0.906039	0.000133156	0.00295346	-1.50826e-08	3.55563e-06	
669	5.47069e-05	0.899436	-3.46584e-05	0.00296512	-2.48062e-08	9.70921e-06	
670	6.12919e-05	0.83531	7.96879e-05	0.00286804	-3.38963e-08	1.59049e-05	
671	6.54331e-05	0.726456	0.000301326	0.00273829	-4.26919e-08	2.18603e-05	
672	6.70753e-05	0.590216	0.000416066	0.00261763	-5.11314e-08	2.72575e-05	
673	6.61423e-05	0.442086	0.000261734	0.00249867	-5.86471e-08	3.17854e-05	
674	6.25442e-05	0.291537	-0.00020516	0.00233148	-6.42896e-08	3.5185e-05	
675	5.62209e-05	0.141432	-0.000892795	0.00204799	-6.70324e-08	3.72863e-05	
676	4.72093e-05	-0.00939036	-0.00161101	0.00159414	-6.61358e-08	3.80253e-05	
677	3.57131e-05	-0.162182	-0.00214455	0.000956997	-6.14245e-08	3.74389e-05	
678	2.21497e-05	-0.315113	-0.00233314	0.000176371	-5.33699e-08	3.56417e-05	
679	7.1513e-06	-0.462258	-0.00212874	-0.000663403	-4.29477e-08	3.27928e-05	
680	-8.48722e-06	-0.594896	-0.00161036	-0.00145825	-3.13299e-08	2.90669e-05	
681	-2.39021e-05	-0.704151	-0.00095247	-0.00211619	-1.95356e-08	2.46359e-05	
682	-3.82675e-05	-0.7835	-0.000359479	-0.00258394	-8.17461e-09	1.96654e-05	
683	-5.08815e-05	-0.829951	9.63972e-06	-0.00285838	2.62146e-09	1.4322e-05	
684	-6.12097e-05	-0.843485	9.85544e-05	-0.00297888	1.30684e-08	8.78358e-06	
685	-6.88847e-05	-0.825268	-2.91932e-05	-0.00300457	2.34628e-08	3.24585e-06	
686	-7.36776e-05	-0.775808	-0.000220036	-0.00298628	3.38974e-08	-2.07743e-06	
687	-7.54626e-05	-0.694245	-0.000295887	-0.00294505	4.4076e-08	-6.96017e-06	
688	-7.41904e-05	-0.57941	-0.000128961	-0.00286539	5.33007e-08	-1.11732e-05	
689	-6.98713e-05	-0.432296	0.00030482	-0.0027052	6.06333e-08	-1.44967e-05	
690	-6.2565e-05	-0.258653	0.000915728	-0.00241688	6.51631e-08	-1.67362e-05	
691	-5.23752e-05	-0.0701008	0.0015366	-0.00197023	6.62785e-08	-1.77447e-05	
692	-3.94573e-05	0.117427	0.00198884	-0.00136788	6.38421e-08	-1.74479e-05	
693	-2.40495e-05	0.287774	0.0021494	-0.000648117	5.82123e-08	-1.58655e-05	
694	-6.52751e-06	0.429644	0.00199153	0.000124671	5.01119e-08	-1.31185e-05	
695	1.2537e-05	0.540245	0.00158582	0.000876823	4.04e-08	-9.41516e-06	
696	3.23506e-05	0.625368	0.00106555	0.00154313	2.98341e-08	-5.0152e-06	
697	5.194e-05	0.69533	0.000574403	0.00207988	1.89038e-08	-1.83565e-07	
698	7.02716e-05	0.758314	0.000217793	0.0024703	7.7893e-09	4.84984e-06	
699	8.64192e-05	0.814254	3.39158e-05	0.00272231	-3.55194e-09	9.90789e-06	
700	9.97189e-05	0.852529	-1.00077e-05	0.00286015	-1.52093e-08	1.48548e-05	
701	0.000109847	0.855162	4.43573e-07	0.00291268	-2.71263e-08	1.95617e-05	
702	0.000116786	0.804549	-4.11932e-05	0.00290134	-3.89638e-08	2.38677e-05	
703	0.000120686	0.69232	-0.000225776	0.00283127	-5.00736e-08	2.75559e-05	
704	0.000121695	0.525103	-0.000596319	0.00268858	-5.9597e-08	3.03601e-05	
705	0.00011982	0.324114	-0.00112849	0.00244544	-6.6657e-08	3.20048e-05	
706	0.000114902	0.11834	-0.00173113	0.00207223	-7.05809e-08	3.22645e-05	
707	0.000106705	-0.065854	-0.00227017	0.00155308	-7.1076e-08	3.10228e-05	
708	9.50927e-05	-0.21411	-0.00261148	0.000898828	-6.82949e-08	2.83097e-05	
709	8.02175e-05	-0.328153	-0.00266942	0.000151926	-6.27666e-08	2.42995e-05	
710	6.26377e-05	-0.422686	-0.00244213	-0.000619944	-5.52143e-08	1.92726e-05	
711	4.33087e-05	-0.516469	-0.00201717	-0.00134016	-4.63271e-08	1.35495e-05	
712	2.34348e-05	-0.621617	-0.00154162	-0.00194384	-3.65696e-08	7.42521e-06	
713	4.22716e-06	-0.735964	-0.00116647	-0.00239518	-2.61025e-08	1.12438e-06	
714	-1.33502e-05	-0.842017	-0.00098696	-0.00269458	-1.48477e-08	-5.20175e-06	
715	-2.8749e-05	-0.913079	-0.00100418	-0.00287249	-2.6739e-09	-1.14388e-05	
716	-4.18514e-05	-0.923996	-0.00112473	-0.00297212	1.03735e-08	-1.74487e-05	
717	-5.28205e-05	-0.861894	-0.00119967	-0.00302763	2.38953e-08	-2.30153e-05	
718	-6.18447e-05	-0.732228	-0.00108751	-0.00304659	3.70995e-08	-2.7825e-05	
719	-6.88901e-05	-0.557428	-0.000715926	-0.0030042	4.89313e-08	-3.14983e-05	
720	-7.35798e-05	-0.36859	-0.000117413	-0.00285244	5.83337e-08	-3.36643e-05	
721	-7.52692e-05	-0.193716	0.000576108	-0.00254134	6.4541e-08	-3.40519e-05	
722	-7.33005e-05	-0.0475599	0.00117883	-0.00204437	6.7286e-08	-3.25589e-05	
723	-6.73282e-05	0.0724514	0.00152051	-0.00137711	6.68319e-08	-2.92702e-05	
724	-5.75657e-05	0.182429	0.0015136	-0.0006006	6.38091e-08	-2.44179e-05	
725	-4.48278e-05	0.302053	0.00119096	0.000193771	5.8924e-08	-1.83008e-05	
726	-3.03386e-05	0.442982	0.00069685	0.000912951	5.26662e-08	-1.12008e-05	
727	-1.53778e-05	0.601026	0.000231191	0.00149296	4.51438e-08	-3.33104e-06	
728	-9.23542e-07	0.755776	-3.30009e-05	0.00191837	3.61266e-08	5.16328e-06	
729	1.25543e-05	0.877964	-2.54012e-05	0.00222116	2.52789e-08	1.41569e-05	
730	2.50615e-05	0.941212	0.000186915	0.00245878	1.2478e-08	2.3476e-05	
731	3.68356e-05	0.932744	0.000425007	0.00268067	-1.93349e-09	3.28445e-05	
732	4.80154e-05	0.858194	0.000476897	0.00289886	-1.70851e-08	4.18725e-05	
733	5.83846e-05	0.738433	0.000196902	0.00307689	-3.17492e-08	5.00945e-05	
734	6.73109e-05	0.60015	-0.000419979	0.00314306	-4.46777e-08	5.70439e-05	
735	7.39094e-05	0.464739	-0.00122548	0.0030226	-5.49604e-08	6.23357e-05	
736	7.73541e-05	0.340668	-0.00197665	0.002674	-6.22469e-08	6.57268e-05	
737	7.7199e-05	0.222572	-0.00244094	0.00211228	-6.67343e-08	6.71337e-05	
738	7.35684e-05	0.0969812	-0.00249938	0.00140789	-6.89319e-08	6.66074e-05	
739	6.71375e-05	-0.0484629	-0.00219882	0.000661555	-6.93169e-08	6.42762e-05	
740	5.89138e-05	-0.216887	-0.00172747	-3.34457e-05	-6.8048e-08	6.02863e-05	
741	4.99145e-05	-0.398832	-0.00132509	-0.000624056	-6.48747e-08	5.47617e-05	
742	4.0877e-05	-0.574868	-0.00117022	-0.00111044	-5.9287e-08	4.78006e-05	
743	3.21192e-05	-0.722527	-0.00129807	-0.00153387	-5.08349e-08	3.95076e-05	
744	2.36027e-05	-0.824163	-0.00158726	-0.00194607	-3.9461e-08	3.00439e-05	
745	1.5159e-05	-0.872254	-0.00182049	-0.00237516	-2.56832e-08	1.96712e-05	
746	6.76855e-06	-0.870231	-0.00178923	-0.00280446	-1.05335e-08	8.76552e-06	
747	-1.24418e-06	-0.829044	-0.00139261	-0.00317404	4.72647e-09	-2.20822e-06	
748	-8.19671e-06	-0.761522	-0.000685018	-0.00340404	1.89807e-08	-1.27546e-05	
749	-1.32301e-05	-0.677211	0.00014809	-0.00342858	3.15531e-08	-2.24171e-05	
750	-1.56058e-05	-0.579798	0.000873245	-0.00322443	4.22853e-08	-3.08327e-05	
751	-1.49812e-05	-0.467794	0.00131136	-0.00282128	5.13691e-08	-3.77545e-05	
752	-1.15364e-05	-0.33766	0.00141253	-0.00228922	5.90285e-08	-4.30383e-05	
753	-5.89607e-06	-0.187614	0.0012701	-0.00170965	6.52172e-08	-4.66084e-05	
754	1.11089e-06	-0.0203211	0.00106915	-0.00114351	6.9491e-08	-4.84207e-05	
755	8.73344e-06	0.156559	0.000994597	-0.000611653	7.1126e-08	-4.84429e-05	
756	1.64892e-05	0.331907	0.00114205	-9.61995e-05	6.94248e-08	-4.6658e-05	
757	2.41833e-05	0.493776	0.00147301	0.000438566	6.40585e-08	-4.30866e-05	
758	3.1767e-05	0.631845	0.00183498	0.00101667	5.52703e-08	-3.78141e-05	
759	3.91284e-05	0.738781	0.00203643	0.00162744	4.38352e-08	-3.10115e-05	
760	4.59318e-05	0.810345	0.00194043	0.0022207	3.07944e-08	-2.29398e-05	
761	5.15916e-05	0.844784	0.00153154	0.00272282	1.70975e-08	-1.39398e-05	
762	5.53844e-05	0.842254	0.000923277	0.00306554	3.33099e-09	-4.40778e-06	
763	5.66386e-05	0.804689	0.000302941	0.00321293	-1.03341e-08	5.23557e-06	
764	5.49059e-05	0.73594	-0.000158483	0.00317321	-2.39575e-08	1.45797e-05	
765	5.0043e-05	0.641556	-0.000385546	0.00298956	-3.75156e-08	2.32567e-05	
766	4.21862e-05	0.527736	-0.000426765	0.00271558	-5.06348e-08	3.09651e-05	
767	3.1653e-05	0.399623	-0.000418673	0.00238858	-6.25218e-08	3.74802e-05	
768	1.88342e-05	0.259834	-0.000505644	0.00201493	-7.21411e-08	4.26463e-05	
769	4.12476e-06	0.108402	-0.000758677	0.00157481	-7.85541e-08	4.63554e-05	
770	-1.20874e-05	-0.0552836	-0.00113627	0.00104308	-8.12517e-08	4.85223e-05	
771	-2.93934e-05	-0.229166	-0.00150721	0.000414047	-8.03079e-08	4.90706e-05	
772	-4.73288e-05	-0.405564	-0.0017214	-0.000283838	-7.62787e-08	4.79399e-05	
773	-6.53584e-05	-0.570604	-0.00168902	-0.000991737	-6.98977e-08	4.51146e-05	
774	-8.28912e-05	-0.707117	-0.00142492	-0.00164069	-6.17305e-08	4.06631e-05	
775	-9.93149e-05	-0.800193	-0.00103529	-0.00217734	-5.1969e-08	3.4768e-05	
776	-0.000114033	-0.842912	-0.000655983	-0.00258123	-4.04752e-08	2.77301e-05	
777	-0.000126492	-0.839171	-0.000378325	-0.00286461	-2.70486e-08	1.99379e-05	
778	-0.0001362	-0.801719	-0.000203904	-0.0030555	-1.17737e-08	1.18115e-05	
779	-0.000142738	-0.745896	-5.24678e-05	-0.00317404	4.74823e-09	3.74114e-06	
780	-0.000145779	-0.681979	0.000183298	-0.00321565	2.14175e-08	-3.9586e-06	
781	-0.000145127	-0.610091	0.000568354	-0.00315063	3.69138e-08	-1.106e-05	
782	-0.000140755	-0.520601	0.0010809	-0.00294076	5.01031e-08	-1.73997e-05	
783	-0.000132835	-0.400177	0.00161783	-0.00256366	6.03711e-08	-2.28343e-05	
784	-0.000121738	-0.240687	0.00204664	-0.00203148	6.7714e-08	-2.72001e-05	
785	-0.000107989	-0.0463789	0.00227472	-0.00139316	7.25425e-08	-3.02969e-05	
786	-9.21799e-05	0.164586	0.0022972	-0.000718422	7.53016e-08	-3.19096e-05	
787	-7.4881e-05	0.365442	0.0021969	-7.12136e-05	7.61132e-08	-3.18624e-05	
788	-5.65784e-05	0.530717	0.00209574	0.00051343	7.46362e-08	-3.00827e-05	
789	-3.76844e-05	0.645988	0.00208405	0.00103706	7.02286e-08	-2.66488e-05	
790	-1.86147e-05	0.712679	0.00216636	0.00152567	6.23346e-08	-2.17936e-05	
791	1.06123e-07	0.745418	0.00225427	0.00200407	5.08939e-08	-1.58613e-05	
792	1.77787e-05	0.763159	0.00221217	0.00247051	3.65538e-08	-9.2283e-06	
793	3.35624e-05	0.778412	0.00193301	0.00288568	2.05564e-08	-2.22423e-06	
794	4.66203e-05	0.789981	0.00140401	0.00318317	4.3468e-09	4.91534e-06	
795	5.63237e-05	0.782964	0.000725762	0.00329719	-1.09086e-08	1.2041e-05	
796	6.24201e-05	0.736208	7.12931e-05	0.00319382	-2.46505e-08	1.90333e-05	
797	6.50722e-05	0.633664	-0.000396585	0.0028895	-3.69359e-08	2.57287e-05	
798	6.47361e-05	0.474044	-0.000607634	0.00244611	-4.81291e-08	3.18696e-05	
799	6.19316e-05	0.273841	-0.000621684	0.00194403	-5.84418e-08	3.71108e-05	
