0	0	0	0	0	0	0	
1	0	0	0	0	0	0	
2	0	1.86545e-08	0	-4.0052e-11	-6.4863e-29	1.03137e-13	
3	1.22765e-23	5.34717e-07	4.35955e-25	-1.16559e-09	-6.50016e-25	3.05947e-12	
4	3.542e-21	7.43723e-06	3.67236e-18	-1.64667e-08	-1.17265e-22	4.41784e-11	
5	3.58052e-19	6.68107e-05	3.77288e-16	-1.50316e-07	-6.04195e-21	4.13561e-10	
6	1.55407e-17	0.000435212	1.48717e-14	-9.95444e-07	-1.60442e-19	2.81976e-09	
7	3.75929e-16	0.00218753	3.2882e-13	-5.08885e-06	-2.72262e-18	1.49141e-08	
8	5.92042e-15	0.00881168	4.80334e-12	-2.08581e-05	-3.2974e-17	6.3632e-08	
9	6.66758e-14	0.0291539	5.07742e-11	-7.02521e-05	-3.04675e-16	2.24817e-07	
10	5.70684e-13	0.0805165	4.11376e-10	-0.000197606	-2.24517e-15	6.69976e-07	
11	3.87157e-12	0.187505	2.65722e-09	-0.0004689	-1.36177e-14	1.70665e-06	
12	2.14626e-11	0.37006	1.4079e-08	-0.000943395	-6.9602e-14	3.75263e-06	
13	9.94921e-11	0.618988	6.2517e-08	-0.00160934	-3.05314e-13	7.17488e-06	
14	3.92695e-10	0.872121	2.36601e-07	-0.00231349	-1.16644e-12	1.19967e-05	
15	1.33927e-09	1.01865	7.73688e-07	-0.00275819	-3.92893e-12	1.76285e-05	
16	3.99615e-09	0.950615	2.21149e-06	-0.00262942	-1.17904e-11	2.28843e-05	
17	1.0548e-08	0.639528	5.58308e-06	-0.00181404	-3.18169e-11	2.64201e-05	
18	2.48848e-08	0.174199	1.25715e-05	-0.000534497	-7.78663e-11	2.73831e-05	
19	5.30035e-08	-0.289648	2.54972e-05	0.000763098	-1.7421e-10	2.57817e-05	
20	1.02966e-07	-0.635988	4.70565e-05	0.00171661	-3.59046e-10	2.22654e-05	
21	1.84321e-07	-0.849607	7.98726e-05	0.00226677	-6.86744e-10	1.7568e-05	
22	3.07169e-07	-0.968491	0.000126026	0.00255485	-1.22767e-09	1.22133e-05	
23	4.81071e-07	-0.989639	0.000186655	0.00262403	-2.06492e-09	6.74157e-06	
24	7.13775e-07	-0.852386	0.000261504	0.00230601	-3.28751e-09	2.02868e-06	
25	1.00952e-06	-0.525954	0.000348288	0.00145682	-4.98019e-09	-8.79453e-07	
26	1.36701e-06	-0.0844875	0.000442044	0.000238114	-7.20997e-09	-1.34678e-06	
27	1.77775e-06	0.33833	0.000535007	-0.000951273	-1.00106e-08	5.23713e-07	
28	2.22564e-06	0.660135	0.000617266	-0.00182686	-1.3367e-08	4.17373e-06	
29	2.68753e-06	0.880027	0.000677798	-0.00238967	-1.72029e-08	9.0401e-06	
30	3.13436e-06	1.00025	0.000705323	-0.00270938	-2.13739e-08	1.45722e-05	
31	3.53253e-06	0.97065	0.000689166	-0.00267673	-2.56674e-08	1.99424e-05	
32	3.84648e-06	0.747065	0.000620839	-0.00211808	-2.98117e-08	2.4079e-05	
33	4.04301e-06	0.374181	0.000496257	-0.00110065	-3.34943e-08	2.61577e-05	
34	4.09575e-06	-0.0382046	0.000317286	4.9965e-05	-3.63892e-08	2.59616e-05	
35	3.9882e-06	-0.412485	9.1753e-05	0.00106033	-3.81915e-08	2.37033e-05	
36	3.71554e-06	-0.730504	-0.000167192	0.00188541	-3.86538e-08	1.96962e-05	
37	3.28657e-06	-0.965592	-0.00044115	0.00251696	-3.76213e-08	1.44016e-05	
38	2.7254e-06	-1.0479	-0.000706834	0.00278343	-3.50607e-08	8.66726e-06	
39	2.07037e-06	-0.930457	-0.000938563	0.00249846	-3.10795e-08	3.60126e-06	
40	1.36957e-06	-0.651881	-0.00111238	0.00172676	-2.593e-08	9.84056e-08	
41	6.75741e-07	-0.294819	-0.00120903	0.000734622	-1.99967e-08	-1.4032e-06	
42	4.27562e-08	0.0906226	-0.0012149	-0.000292689	-1.37667e-08	-7.4246e-07	
43	-4.7843e-07	0.479566	-0.00112345	-0.00131641	-7.78667e-09	2.10402e-06	
44	-8.46479e-07	0.811688	-0.000938422	-0.0022305	-2.60967e-09	6.82567e-06	
45	-1.0361e-06	0.998303	-0.00067537	-0.00278221	1.26335e-09	1.26208e-05	
46	-1.03974e-06	0.997869	-0.000358939	-0.00279796	3.44018e-09	1.8457e-05	
47	-8.65732e-07	0.840741	-1.86061e-05	-0.00235376	3.68363e-09	2.34682e-05	
48	-5.38003e-07	0.570232	0.000312929	-0.00162182	1.94145e-09	2.70261e-05	
49	-9.65614e-08	0.205524	0.000600662	-0.000670578	-1.64326e-09	2.86062e-05	
50	4.0684e-07	-0.216726	0.000812287	0.000452696	-6.74291e-09	2.78845e-05	
51	9.18006e-07	-0.609532	0.000925396	0.00154207	-1.28786e-08	2.50155e-05	
52	1.38699e-06	-0.883987	0.000929983	0.00231317	-1.94724e-08	2.06429e-05	
53	1.76921e-06	-1.00808	0.000826013	0.00263994	-2.59118e-08	1.55849e-05	
54	2.02794e-06	-0.988264	0.000623237	0.00257173	-3.16162e-08	1.06226e-05	
55	2.14155e-06	-0.821077	0.000344606	0.00214122	-3.61002e-08	6.55423e-06	
56	2.10762e-06	-0.507042	2.51097e-05	0.00132417	-3.90258e-08	4.17487e-06	
57	1.93771e-06	-0.098448	-0.000296982	0.000213172	-4.02355e-08	3.99038e-06	
58	1.65054e-06	0.312855	-0.000587228	-0.000929978	-3.97608e-08	5.99977e-06	
59	1.27254e-06	0.656943	-0.000814426	-0.00186708	-3.78066e-08	9.81744e-06	
60	8.39013e-07	0.901971	-0.00095074	-0.00251546	-3.4715e-08	1.48846e-05	
61	3.86005e-07	1.01547	-0.000979838	-0.00283391	-3.09133e-08	2.04666e-05	
62	-6.0355e-08	0.957378	-0.000903903	-0.00271646	-2.68516e-08	2.56119e-05	
63	-4.83373e-07	0.726631	-0.000738886	-0.00211201	-2.29391e-08	2.93681e-05	
64	-8.68924e-07	0.379679	-0.000506084	-0.0011594	-1.94899e-08	3.11001e-05	
65	-1.20745e-06	-0.0141278	-0.000233225	-8.7802e-05	-1.66873e-08	3.05613e-05	
66	-1.5018e-06	-0.407146	4.14909e-05	0.000955478	-1.45665e-08	2.77736e-05	
67	-1.76374e-06	-0.750714	0.000277493	0.00187695	-1.30194e-08	2.30318e-05	
68	-2.00056e-06	-0.975847	0.000446092	0.00251337	-1.18219e-08	1.70152e-05	
69	-2.21197e-06	-1.02959	0.000532095	0.00268617	-1.06802e-08	1.0698e-05	
70	-2.39957e-06	-0.913521	0.000525501	0.00236863	-9.28561e-09	5.0456e-06	
71	-2.56768e-06	-0.663716	0.000423579	0.00168452	-7.36891e-09	8.23081e-07	
72	-2.71111e-06	-0.313132	0.000242532	0.000753741	-4.74756e-09	-1.38945e-06	
73	-2.81256e-06	0.0991384	1.59035e-05	-0.00034168	-1.3619e-09	-1.23214e-06	
74	-2.85801e-06	0.501563	-0.00022237	-0.00144337	2.70937e-09	1.25411e-06	
75	-2.84518e-06	0.811288	-0.000444878	-0.00230962	7.25796e-09	5.56416e-06	
76	-2.77252e-06	0.980364	-0.000621087	-0.00277318	1.19742e-08	1.09211e-05	
77	-2.6332e-06	0.998749	-0.000717084	-0.00281661	1.6488e-08	1.64859e-05	
78	-2.43005e-06	0.863635	-0.000714022	-0.0024672	2.04183e-08	2.13976e-05	
79	-2.18571e-06	0.58026	-0.000616994	-0.00173094	2.3428e-08	2.48188e-05	
80	-1.92732e-06	0.192305	-0.000439831	-0.000687725	2.52713e-08	2.61493e-05	
81	-1.67097e-06	-0.221514	-0.000194476	0.000449223	2.58248e-08	2.52213e-05	
82	-1.43214e-06	-0.589953	9.59588e-05	0.00145136	2.51003e-08	2.22599e-05	
83	-1.23782e-06	-0.868055	0.000389025	0.00219288	2.32427e-08	1.77394e-05	
84	-1.11059e-06	-1.01657	0.000643071	0.00260075	2.05111e-08	1.23535e-05	
85	-1.04857e-06	-0.997841	0.000836348	0.00257902	1.7242e-08	7.00812e-06	
86	-1.03689e-06	-0.80766	0.000955362	0.00208157	1.38042e-08	2.63766e-06	
87	-1.06932e-06	-0.489108	0.000979893	0.00121153	1.05546e-08	-5.56292e-08	
88	-1.13957e-06	-0.102261	0.00089891	0.000160431	7.8011e-09	-6.95173e-07	
89	-1.22062e-06	0.301083	0.000730873	-0.00091733	5.76915e-09	8.15678e-07	
90	-1.2775e-06	0.664998	0.000508376	-0.00189822	4.57868e-09	4.27021e-06	
91	-1.29661e-06	0.921036	0.000251717	-0.0026141	4.23666e-09	9.08814e-06	
92	-1.28079e-06	1.01751	-2.25388e-05	-0.00289853	4.64395e-09	1.4407e-05	
93	-1.22161e-06	0.946837	-0.000278909	-0.00270875	5.60775e-09	1.93242e-05	
94	-1.10443e-06	0.731282	-0.00047701	-0.00212506	6.85741e-09	2.30607e-05	
95	-9.38345e-07	0.399181	-0.000603818	-0.00124474	8.06847e-09	2.49924e-05	
96	-7.51432e-07	-0.00679995	-0.000667156	-0.00016297	8.89312e-09	2.47282e-05	
97	-5.54463e-07	-0.415628	-0.000663916	0.000952587	8.98891e-09	2.22653e-05	
98	-3.38164e-07	-0.749614	-0.000585044	0.00187556	8.04533e-09	1.80251e-05	
99	-1.07612e-07	-0.95845	-0.000448657	0.00244363	5.8155e-09	1.27014e-05	
100	1.14396e-07	-1.01975	-0.000294595	0.00260736	2.15372e-09	7.10604e-06	
101	3.24271e-07	-0.921023	-0.000143922	0.00235692	-2.95107e-09	2.11451e-06	
102	5.42874e-07	-0.666831	4.38039e-06	0.00169302	-9.35137e-09	-1.4272e-06	
103	7.73312e-07	-0.299636	0.000135982	0.000702502	-1.67239e-08	-2.91108e-06	
104	9.87321e-07	0.109837	0.000218855	-0.000417744	-2.45633e-08	-2.12179e-06	
105	1.16474e-06	0.495346	0.000245956	-0.00146236	-3.22002e-08	7.8976e-07	
106	1.30874e-06	0.805352	0.000242934	-0.00229514	-3.88522e-08	5.38924e-06	
107	1.40531e-06	0.990619	0.0002232	-0.0028079	-4.36996e-08	1.0973e-05	
108	1.40721e-06	1.0106	0.000173958	-0.00288826	-4.59792e-08	1.66173e-05	
109	1.28192e-06	0.860041	9.94674e-05	-0.00249431	-4.5094e-08	2.13742e-05	
110	1.04169e-06	0.573413	3.57538e-05	-0.00171559	-4.07304e-08	2.44913e-05	
111	7.0505e-07	0.200121	2.38642e-06	-0.000709244	-3.29568e-08	2.54943e-05	
112	2.70878e-07	-0.208831	-2.02663e-05	0.000383457	-2.22781e-08	2.41953e-05	
113	-2.37413e-07	-0.590943	-4.41745e-05	0.00141757	-9.63947e-09	2.07552e-05	
114	-7.40346e-07	-0.875386	-4.67215e-05	0.00220731	3.62747e-09	1.57288e-05	
115	-1.15167e-06	-1.0115	-1.75065e-05	0.0025914	1.59253e-08	9.95157e-06	
116	-1.4268e-06	-0.985451	1.10801e-05	0.00252195	2.55777e-08	4.33478e-06	
117	-1.531e-06	-0.806646	1.30577e-05	0.00204395	3.10555e-08	-2.64254e-07	
118	-1.40524e-06	-0.496518	7.65472e-06	0.00122402	3.12047e-08	-3.10975e-06	
119	-1.01589e-06	-0.0995252	1.32331e-05	0.000160982	2.54504e-08	-3.7156e-06	
120	-4.09862e-07	0.313202	4.95961e-06	-0.000965666	1.39485e-08	-1.99315e-06	
121	3.24766e-07	0.668516	-3.89429e-05	-0.00193952	-2.35257e-09	1.73762e-06	
122	1.1198e-06	0.914907	-8.91356e-05	-0.00260666	-2.1769e-08	6.8682e-06	
123	1.90046e-06	1.01914	-0.00011098	-0.00289245	-4.2056e-08	1.26032e-05	
124	2.53923e-06	0.959031	-0.000120222	-0.00274998	-6.06745e-08	1.80226e-05	
125	2.90682e-06	0.737333	-0.000141548	-0.0021697	-7.51262e-08	2.22206e-05	
126	2.95432e-06	0.394527	-0.000149667	-0.00124327	-8.33219e-08	2.45154e-05	
127	2.69432e-06	-0.00657123	-0.000110493	-0.000152572	-8.3921e-08	2.45738e-05	
128	2.13614e-06	-0.404727	-4.73114e-05	0.000920263	-7.65785e-08	2.24035e-05	
129	1.31292e-06	-0.742824	-3.13528e-06	0.00183182	-6.20568e-08	1.83308e-05	
130	3.4994e-07	-0.963031	3.16394e-05	0.00244233	-4.21868e-08	1.30051e-05	
131	-5.73996e-07	-1.02213	8.66377e-05	0.00262373	-1.9667e-08	7.31824e-06	
132	-1.32814e-06	-0.912835	0.000135909	0.00233616	2.29098e-09	2.20534e-06	
133	-1.83301e-06	-0.660401	0.000129233	0.00165368	2.04229e-08	-1.53542e-06	
134	-1.99446e-06	-0.304152	7.58835e-05	0.000699586	3.18993e-08	-3.32131e-06	
135	-1.73277e-06	0.105706	2.02748e-05	-0.000397255	3.47701e-08	-2.84615e-06	
136	-1.08106e-06	0.501868	-4.53858e-05	-0.0014738	2.83069e-08	-1.75739e-07	
137	-1.75617e-07	0.812709	-0.000161201	-0.00233172	1.31815e-08	4.22734e-06	
138	8.50338e-07	0.988085	-0.000307796	-0.00281547	-8.57148e-09	9.62176e-06	
139	1.88412e-06	1.00687	-0.000422198	-0.00286855	-3.3809e-08	1.51472e-05	
140	2.75954e-06	0.866454	-0.000496716	-0.00250045	-5.87095e-08	1.99264e-05	
141	3.27878e-06	0.582493	-0.000572058	-0.00175101	-7.93195e-08	2.31656e-05	
142	3.33834e-06	0.200019	-0.0006372	-0.000722253	-9.21521e-08	2.43178e-05	
143	2.9577e-06	-0.212111	-0.000632528	0.000401356	-9.47443e-08	2.32139e-05	
144	2.18149e-06	-0.585525	-0.000556054	0.00141714	-8.60707e-08	2.00611e-05	
145	1.05729e-06	-0.866279	-0.000468445	0.00217604	-6.67421e-08	1.53638e-05	
146	-2.70836e-07	-1.01095	-0.000383383	0.00257656	-3.89663e-08	9.86583e-06	
147	-1.55926e-06	-0.989829	-0.000254195	0.0025404	-6.27175e-09	4.47578e-06	
148	-2.60354e-06	-0.803744	-8.46947e-05	0.00205124	2.69882e-08	9.86665e-08	
149	-3.30217e-06	-0.488778	5.22207e-05	0.0011996	5.62789e-08	-2.55827e-06	
150	-3.57054e-06	-0.0989899	0.000130921	0.000146256	7.75643e-08	-3.08446e-06	
151	-3.31585e-06	0.308005	0.000202612	-0.000947106	8.7915e-08	-1.38539e-06	
152	-2.55638e-06	0.669667	0.000279363	-0.00192627	8.59645e-08	2.29012e-06	
153	-1.4667e-06	0.922231	0.000297859	-0.00262555	7.2143e-08	7.34294e-06	
154	-2.46795e-07	1.02099	0.000237832	-0.00290839	4.8632e-08	1.29287e-05	
155	9.64112e-07	0.954687	0.000167026	-0.00273378	1.90385e-08	1.81421e-05	
156	2.00555e-06	0.738167	0.000120918	-0.00215306	-1.21486e-08	2.21604e-05	
157	2.65828e-06	0.402211	4.71551e-05	-0.00125748	-4.02309e-08	2.43308e-05	
158	2.78276e-06	-0.00309176	-7.59087e-05	-0.000169229	-6.10144e-08	2.42766e-05	
159	2.41332e-06	-0.408174	-0.000176756	0.000934478	-7.14612e-08	2.20042e-05	
160	1.65109e-06	-0.742779	-0.000211179	0.00185226	-7.01577e-08	1.79064e-05	
161	5.68486e-07	-0.956097	-0.000235929	0.00243439	-5.75193e-08	1.26543e-05	
162	-7.01966e-07	-1.01834	-0.000290481	0.00260856	-3.57132e-08	7.08158e-06	
163	-1.90077e-06	-0.916426	-0.000314593	0.00234938	-8.31971e-09	2.0921e-06	
164	-2.78117e-06	-0.661941	-0.000264943	0.00167748	2.02321e-08	-1.47618e-06	
165	-3.2457e-06	-0.298638	-0.000206444	0.000697264	4.5375e-08	-3.02835e-06	
166	-3.2676e-06	0.109563	-0.000196703	-0.000411773	6.31318e-08	-2.3233e-06	
167	-2.79114e-06	0.498578	-0.000183704	-0.00146375	7.07366e-08	5.26107e-07	
168	-1.83248e-06	0.810484	-0.000116809	-0.00230789	6.70649e-08	5.08776e-06	
169	-5.90656e-07	0.993116	-5.70294e-05	-0.00281495	5.28168e-08	1.06427e-05	
170	6.71123e-07	1.01172	-6.83243e-05	-0.00288395	3.04084e-08	1.62818e-05	
171	1.78874e-06	0.864473	-9.69726e-05	-0.00249466	3.57478e-09	2.10882e-05	
172	2.64149e-06	0.58039	-7.54775e-05	-0.00172783	-2.32358e-08	2.43076e-05	
173	3.04304e-06	0.204767	-5.24743e-05	-0.000717931	-4.55677e-08	2.54377e-05	
174	2.84908e-06	-0.206637	-9.42627e-05	0.000387975	-5.96672e-08	2.42862e-05	
175	2.11805e-06	-0.586812	-0.000146659	0.00142212	-6.3096e-08	2.10318e-05	
176	1.03181e-06	-0.869082	-0.000128967	0.00220162	-5.51384e-08	1.62219e-05	
177	-2.76677e-07	-1.00762	-8.23382e-05	0.00258774	-3.692e-08	1.06568e-05	
178	-1.67945e-06	-0.98494	-8.34862e-05	0.00253207	-1.12346e-08	5.23182e-06	
179	-2.92243e-06	-0.805166	-8.90063e-05	0.00205702	1.78789e-08	8.18124e-07	
180	-3.72338e-06	-0.492591	-1.56867e-05	0.00122686	4.57559e-08	-1.84967e-06	
181	-3.97511e-06	-0.0970376	9.49181e-05	0.00016205	6.78438e-08	-2.3145e-06	
182	-3.7133e-06	0.3127	0.000149029	-0.000953337	8.04267e-08	-5.01527e-07	
183	-2.94718e-06	0.669034	0.00017345	-0.00192367	8.1207e-08	3.28897e-06	
184	-1.70047e-06	0.918737	0.000252122	-0.0026017	6.96636e-08	8.46135e-06	
185	-1.78529e-07	1.02286	0.000347188	-0.00289284	4.71507e-08	1.42042e-05	
186	1.29694e-06	0.960197	0.000355336	-0.00274112	1.67079e-08	1.95892e-05	
187	2.51435e-06	0.73908	0.00029561	-0.00215529	-1.74073e-08	2.37349e-05	
188	3.38169e-06	0.399456	0.000264305	-0.00123752	-5.03816e-08	2.59823e-05	
189	3.76049e-06	-0.00152151	0.000242298	-0.0001526	-7.75777e-08	2.59897e-05	
190	3.50252e-06	-0.402752	0.000131427	0.000929667	-9.52328e-08	2.37553e-05	
191	2.65851e-06	-0.741592	-4.63958e-05	0.00185025	-1.01035e-07	1.96255e-05	
192	1.4654e-06	-0.959494	-0.000175459	0.00245543	-9.44821e-08	1.42717e-05	
193	1.19818e-07	-1.01853	-0.000251833	0.00263082	-7.69348e-08	8.57654e-06	
194	-1.25889e-06	-0.912507	-0.000369844	0.00235126	-5.13821e-08	3.45729e-06	
195	-2.45576e-06	-0.661455	-0.000514258	0.0016785	-2.19628e-08	-2.79025e-07	
196	-3.17865e-06	-0.302958	-0.000565408	0.000719742	6.67791e-09	-2.0335e-06	
197	-3.29977e-06	0.107907	-0.000513959	-0.000385868	3.01231e-08	-1.51252e-06	
198	-2.903e-06	0.501722	-0.000469949	-0.00145848	4.48843e-08	1.19277e-06	
199	-2.07391e-06	0.811461	-0.000446428	-0.00230813	4.89338e-08	5.61958e-06	
200	-8.47889e-07	0.989459	-0.000339264	-0.00279643	4.19907e-08	1.10404e-05	
201	5.97899e-07	1.0102	-0.000145819	-0.00285997	2.55404e-08	1.65853e-05	
202	1.92438e-06	0.868084	4.17605e-06	-0.00249024	2.58174e-09	2.13526e-05	
203	2.8841e-06	0.582668	7.19393e-05	-0.00173171	-2.28831e-08	2.45484e-05	
204	3.42208e-06	0.202156	0.000156508	-0.000704272	-4.65271e-08	2.56447e-05	
205	3.48678e-06	-0.208232	0.000274093	0.000410674	-6.44097e-08	2.44745e-05	
206	2.96684e-06	-0.583642	0.000302308	0.00142839	-7.36084e-08	2.12291e-05	
207	1.90683e-06	-0.866861	0.00020444	0.00219837	-7.26936e-08	1.64175e-05	
208	5.83374e-07	-1.01064	0.000100178	0.002601	-6.1967e-08	1.08101e-05	
209	-7.35961e-07	-0.988008	4.23826e-05	0.00255726	-4.33986e-08	5.32725e-06	
210	-1.93152e-06	-0.803691	-6.74225e-05	0.00206816	-2.02744e-08	8.63858e-07	
211	-2.85772e-06	-0.491264	-0.00025934	0.00122612	3.36051e-09	-1.87014e-06	
212	-3.26085e-06	-0.1006	-0.000401283	0.000174644	2.33708e-08	-2.44018e-06	
213	-3.01195e-06	0.308689	-0.000421258	-0.000928247	3.62265e-08	-7.41348e-07	
214	-2.24602e-06	0.669793	-0.000418884	-0.00191164	3.96119e-08	2.96179e-06	
215	-1.15298e-06	0.920502	-0.000450196	-0.0026045	3.28173e-08	8.06051e-06	
216	1.82273e-07	1.02038	-0.000406607	-0.00288588	1.68454e-08	1.3722e-05	
217	1.61103e-06	0.95688	-0.000228473	-0.00272097	-5.75779e-09	1.9043e-05	
218	2.80527e-06	0.74038	-3.89897e-05	-0.00214578	-3.13181e-08	2.31771e-05	
219	3.48964e-06	0.402375	6.68663e-05	-0.0012435	-5.56496e-08	2.5451e-05	
220	3.63807e-06	-0.00270505	0.000172323	-0.000150365	-7.47756e-08	2.54919e-05	
221	3.30618e-06	-0.405694	0.000337609	0.000947413	-8.56037e-08	2.33081e-05	
222	2.46095e-06	-0.740682	0.000443009	0.0018615	-8.64332e-08	1.92722e-05	
223	1.15195e-06	-0.956804	0.000389578	0.00245201	-7.72371e-08	1.40376e-05	
224	-3.25097e-07	-1.01988	0.000272792	0.00263422	-5.96746e-08	8.44679e-06	
225	-1.63595e-06	-0.916389	0.000191611	0.00237141	-3.68063e-08	3.41714e-06	
226	-2.64496e-06	-0.662017	6.42966e-05	0.00169485	-1.25484e-08	-2.20296e-07	
227	-3.2868e-06	-0.301189	-0.000188851	0.000720551	9.01162e-09	-1.87897e-06	
228	-3.38641e-06	0.106309	-0.000452769	-0.000381907	2.43128e-08	-1.30179e-06	
229	-2.83099e-06	0.497483	-0.000596881	-0.00143921	3.09371e-08	1.42103e-06	
230	-1.78898e-06	0.810436	-0.000684544	-0.00229191	2.8049e-08	5.85823e-06	
231	-5.48342e-07	0.991541	-0.00080864	-0.00279741	1.65542e-08	1.12835e-05	
232	7.40093e-07	1.00974	-0.000877211	-0.0028617	-1.06569e-09	1.68e-05	
233	1.96339e-06	0.864821	-0.000772885	-0.00247784	-2.11887e-08	2.15103e-05	
234	2.84884e-06	0.582142	-0.000579947	-0.00172024	-3.96729e-08	2.46574e-05	
235	3.12414e-06	0.204941	-0.000435455	-0.000709165	-5.25807e-08	2.57238e-05	
236	2.78756e-06	-0.207693	-0.000290871	0.000403749	-5.68994e-08	2.45184e-05	
237	2.00459e-06	-0.586503	-4.64696e-05	0.00143654	-5.11043e-08	2.12321e-05	
238	8.49753e-07	-0.86791	0.000206703	0.00220966	-3.54502e-08	1.6406e-05	
239	-6.12145e-07	-1.00851	0.000316195	0.00259853	-1.1963e-08	1.082e-05	
240	-2.09879e-06	-0.98784	0.000324616	0.00255223	1.5856e-08	5.36616e-06	
241	-3.23899e-06	-0.807251	0.000357439	0.00207851	4.359e-08	9.27119e-07	
242	-3.87767e-06	-0.493574	0.00036273	0.00124225	6.66581e-08	-1.7642e-06	
243	-4.03161e-06	-0.0994527	0.000212969	0.000177964	8.1108e-08	-2.26665e-06	
244	-3.63865e-06	0.308697	-2.80886e-05	-0.000930138	8.42953e-08	-5.06671e-07	
245	-2.62699e-06	0.666324	-0.000197115	-0.00190053	7.53561e-08	3.23189e-06	
246	-1.1805e-06	0.918088	-0.000308736	-0.00258735	5.54114e-08	8.35922e-06	
247	3.36808e-07	1.02179	-0.000482539	-0.00288197	2.74396e-08	1.40531e-05	
248	1.69667e-06	0.957934	-0.000666055	-0.00272555	-4.18751e-09	1.93848e-05	
249	2.81037e-06	0.738044	-0.000700006	-0.00213996	-3.44105e-08	2.34898e-05	
250	3.48364e-06	0.400498	-0.000604712	-0.00123082	-5.8292e-08	2.5717e-05	
251	3.4692e-06	-0.000972862	-0.000531512	-0.000149681	-7.18201e-08	2.57136e-05	
252	2.76938e-06	-0.404089	-0.000473232	0.000938498	-7.2596e-08	2.34722e-05	
253	1.62864e-06	-0.742758	-0.000297501	0.00186225	-6.02703e-08	1.93513e-05	
254	2.31062e-07	-0.959294	-3.64018e-05	0.00246206	-3.6628e-08	1.40284e-05	
255	-1.33449e-06	-1.01916	0.000137108	0.00263516	-5.32309e-09	8.37194e-06	
256	-2.82427e-06	-0.915475	0.00020653	0.00236278	2.86693e-08	3.28886e-06	
257	-3.86018e-06	-0.664691	0.000307941	0.00169524	5.9819e-08	-4.05833e-07	
258	-4.25491e-06	-0.304657	0.000435679	0.000731955	8.29289e-08	-2.10733e-06	
259	-4.07412e-06	0.106126	0.000435039	-0.000377644	9.39867e-08	-1.53458e-06	
260	-3.36289e-06	0.498297	0.000299024	-0.00144554	9.08126e-08	1.20991e-06	
261	-2.09386e-06	0.808244	0.00019011	-0.00229146	7.34167e-08	5.67126e-06	
262	-4.3359e-07	0.988474	0.000141707	-0.00278586	4.40351e-08	1.11314e-05	
263	1.22551e-06	1.01002	1.86077e-05	-0.0028563	6.82211e-09	1.67123e-05	
264	2.58709e-06	0.866685	-0.000189385	-0.00248441	-3.27867e-08	2.15024e-05	
265	3.56926e-06	0.581266	-0.000317579	-0.00172241	-6.89263e-08	2.47164e-05	
266	4.06153e-06	0.202657	-0.00032218	-0.000700105	-9.62026e-08	2.58388e-05	
267	3.8583e-06	-0.207176	-0.000347621	0.000408356	-1.10516e-07	2.46976e-05	
268	2.94391e-06	-0.584381	-0.000435018	0.00142894	-1.09712e-07	2.14745e-05	
269	1.59207e-06	-0.86861	-0.000440785	0.00220496	-9.39352e-08	1.66845e-05	
270	7.46747e-08	-1.01132	-0.000323807	0.00260563	-6.5614e-08	1.11107e-05	
271	-1.49075e-06	-0.988425	-0.000238887	0.00255701	-2.90712e-08	5.66883e-06	
272	-2.91759e-06	-0.806042	-0.000250939	0.00207122	1.01329e-08	1.2412e-06	
273	-3.8586e-06	-0.494829	-0.000224649	0.00123615	4.60375e-08	-1.46017e-06	
274	-4.09726e-06	-0.102936	-0.000102705	0.00018352	7.32031e-08	-1.99075e-06	
275	-3.71544e-06	0.307371	-2.78545e-05	-0.000925438	8.75634e-08	-2.50631e-07	
276	-2.85109e-06	0.667414	-6.93865e-05	-0.00190811	8.70414e-08	3.48069e-06	
277	-1.53159e-06	0.917452	-8.77858e-05	-0.00259581	7.18397e-08	8.59302e-06	
278	1.09282e-07	1.01902	-2.83689e-06	-0.00287931	4.43967e-08	1.42628e-05	
279	1.69747e-06	0.957166	5.63312e-05	-0.00272218	9.01133e-09	1.95841e-05	
280	2.8923e-06	0.739978	1.01123e-05	-0.00214835	-2.88449e-08	2.3697e-05	
281	3.60744e-06	0.401021	-1.09764e-05	-0.00124132	-6.3412e-08	2.59277e-05	
282	3.82047e-06	-0.00297317	8.11196e-05	-0.000148968	-8.9547e-08	2.59158e-05	
283	3.40078e-06	-0.404798	0.000158409	0.000942202	-1.03511e-07	2.36734e-05	
284	2.32591e-06	-0.740997	0.000120919	0.00185554	-1.0355e-07	1.9565e-05	
285	8.70706e-07	-0.95892	8.28012e-05	0.00245239	-9.01793e-08	1.42466e-05	
286	-6.22297e-07	-1.02173	0.000139037	0.00263645	-6.60837e-08	8.57752e-06	
287	-1.99292e-06	-0.917336	0.000170255	0.00236863	-3.56468e-08	3.48386e-06	
288	-3.11505e-06	-0.664033	6.83368e-05	0.00169122	-4.23117e-09	-2.08406e-07	
289	-3.71497e-06	-0.304865	-5.60649e-05	0.000723094	2.2683e-08	-1.91152e-06	
290	-3.58025e-06	0.103182	-8.76022e-05	-0.000377211	4.03989e-08	-1.35418e-06	
291	-2.80546e-06	0.496026	-0.000123398	-0.00144026	4.58023e-08	1.38001e-06	
292	-1.62536e-06	0.808926	-0.000270493	-0.00229608	3.78865e-08	5.84987e-06	
293	-1.59902e-07	0.989069	-0.00042084	-0.00279736	1.79142e-08	1.13217e-05	
294	1.46443e-06	1.00818	-0.000444598	-0.00286007	-1.07736e-08	1.69041e-05	
295	2.91133e-06	0.865304	-0.000426295	-0.00248242	-4.32683e-08	2.16993e-05	
296	3.81789e-06	0.582831	-0.000485823	-0.00172903	-7.38873e-08	2.49344e-05	
297	4.08395e-06	0.204371	-0.000536296	-0.000713998	-9.71288e-08	2.60773e-05	
298	3.77371e-06	-0.208126	-0.000452053	0.000402006	-1.08593e-07	2.49375e-05	
299	2.87197e-06	-0.585618	-0.000318443	0.0014304	-1.05713e-07	2.17056e-05	
300	1.3904e-06	-0.867384	-0.00027585	0.00220012	-8.82069e-08	1.69094e-05	
301	-3.94473e-07	-1.00995	-0.000261787	0.00259371	-5.81992e-08	1.13177e-05	
302	-2.0752e-06	-0.989916	-0.000151655	0.00255213	-1.9924e-08	5.82784e-06	
303	-3.42167e-06	-0.808321	-1.99155e-05	0.0020752	2.0943e-08	1.33159e-06	
304	-4.3423e-06	-0.494759	-1.00839e-05	0.00123497	5.81844e-08	-1.4412e-06	
305	-4.65421e-06	-0.102227	-6.63375e-05	0.000174068	8.60152e-08	-2.05253e-06	
306	-4.17631e-06	0.305669	-4.8544e-05	-0.000929995	1.00016e-07	-4.16563e-07	
307	-3.00658e-06	0.66498	-4.42595e-06	-0.00190435	9.78886e-08	3.19908e-06	
308	-1.45772e-06	0.917608	-6.86952e-05	-0.00259705	7.986e-08	8.20733e-06	
309	2.41274e-07	1.02048	-0.000188664	-0.00289027	4.86569e-08	1.37841e-05	
310	1.94658e-06	0.956667	-0.000213196	-0.00273026	9.08471e-09	1.90107e-05	
311	3.374e-06	0.738584	-0.000172184	-0.00214811	-3.27004e-08	2.30366e-05	
312	4.16667e-06	0.40199	-0.000203964	-0.00124468	-7.01597e-08	2.52097e-05	
313	4.20145e-06	-0.000597439	-0.000275914	-0.000161816	-9.74403e-08	2.5169e-05	
314	3.60127e-06	-0.404466	-0.000244379	0.000931707	-1.10329e-07	2.29091e-05	
315	2.46814e-06	-0.74218	-0.000135829	0.00185452	-1.06914e-07	1.87956e-05	
316	8.60763e-07	-0.958343	-0.00010073	0.00245007	-8.78835e-08	1.35008e-05	
317	-9.69829e-07	-1.01983	-0.0001309	0.00262544	-5.64426e-08	7.87984e-06	
318	-2.60161e-06	-0.917456	-8.98495e-05	0.00235929	-1.78063e-08	2.83651e-06	
319	-3.7527e-06	-0.665968	7.10714e-06	0.00169161	2.16717e-08	-8.08854e-07	
320	-4.36031e-06	-0.30523	1.13698e-05	0.000723363	5.55478e-08	-2.45566e-06	
321	-4.35205e-06	0.104536	-7.81329e-05	-0.000385967	7.83193e-08	-1.83545e-06	
322	-3.61135e-06	0.495921	-0.000118255	-0.00144928	8.63133e-08	9.46431e-07	
323	-2.23103e-06	0.807172	-9.98424e-05	-0.00229634	7.83134e-08	5.44245e-06	
324	-5.57288e-07	0.988943	-0.000158262	-0.00279727	5.57768e-08	1.09342e-05	
325	1.09642e-06	1.01019	-0.000298822	-0.00286932	2.25758e-08	1.65338e-05	
326	2.57278e-06	0.86628	-0.00037427	-0.00249342	-1.56511e-08	2.13278e-05	
327	3.67248e-06	0.582026	-0.000357772	-0.00173158	-5.2401e-08	2.45396e-05	
328	4.10217e-06	0.204769	-0.00038061	-0.000714659	-8.13603e-08	2.56564e-05	
329	3.7397e-06	-0.205739	-0.000465175	0.000393081	-9.7469e-08	2.44979e-05	
330	2.75062e-06	-0.584319	-0.000475705	0.00141944	-9.7777e-08	2.12437e-05	
331	1.35101e-06	-0.868326	-0.00038114	0.00219797	-8.19175e-08	1.6418e-05	
332	-3.362e-07	-1.01032	-0.000317071	0.00259522	-5.21633e-08	1.08084e-05	
333	-2.0988e-06	-0.988455	-0.000327904	0.00254638	-1.3094e-08	5.32434e-06	
334	-3.55009e-06	-0.807761	-0.000291594	0.00206651	2.91188e-08	8.45543e-07	
335	-4.38562e-06	-0.496449	-0.000169753	0.00123419	6.77294e-08	-1.90676e-06	
336	-4.56313e-06	-0.103439	-9.31171e-05	0.000177282	9.65278e-08	-2.48168e-06	
337	-4.12442e-06	0.306617	-0.000116811	-0.000934257	1.10823e-07	-7.84643e-07	
338	-3.04766e-06	0.665692	-0.000122295	-0.00191346	1.08187e-07	2.90122e-06	
339	-1.42613e-06	0.916438	-5.37956e-05	-0.00259991	8.88697e-08	7.97346e-06	
340	3.96228e-07	1.01983	-2.69344e-05	-0.00288905	5.57962e-08	1.36148e-05	
341	2.04537e-06	0.958388	-0.000100568	-0.00273617	1.40754e-08	1.89135e-05	
342	3.33724e-06	0.740429	-0.00015843	-0.00215962	-2.98327e-08	2.30035e-05	
343	4.15306e-06	0.401898	-0.000129588	-0.00125033	-6.9122e-08	2.5216e-05	
344	4.28988e-06	-0.00067762	-0.000117675	-0.000161845	-9.76993e-08	2.51959e-05	
345	3.63599e-06	-0.402553	-0.000190617	0.000926501	-1.11172e-07	2.29495e-05	
346	2.36504e-06	-0.740265	-0.00024307	0.00184425	-1.07564e-07	1.88333e-05	
347	7.76721e-07	-0.95869	-0.000197731	0.00244594	-8.76019e-08	1.3507e-05	
348	-9.35152e-07	-1.02075	-0.000151895	0.00262839	-5.45618e-08	7.83619e-06	
349	-2.59469e-06	-0.916665	-0.00018625	0.00235847	-1.37662e-08	2.74282e-06	
350	-3.88179e-06	-0.664967	-0.00021013	0.00168526	2.82385e-08	-9.54278e-07	
351	-4.48978e-06	-0.306286	-0.000141898	0.000721765	6.47422e-08	-2.66374e-06	
352	-4.37045e-06	0.102913	-7.05901e-05	-0.000380891	8.99555e-08	-2.10632e-06	
353	-3.64775e-06	0.49626	-8.586e-05	-0.00144817	9.98909e-08	6.32408e-07	
354	-2.39632e-06	0.808362	-0.000109196	-0.0023024	9.29484e-08	5.10443e-06	
355	-7.09735e-07	0.988588	-5.24748e-05	-0.00280073	7.0171e-08	1.05787e-05	
356	1.109e-06	1.00935	7.54217e-06	-0.00286676	3.50891e-08	1.61717e-05	
357	2.66303e-06	0.867447	-2.34248e-05	-0.00249442	-6.87623e-09	2.09845e-05	
358	3.73427e-06	0.584283	-7.71714e-05	-0.00174008	-4.93101e-08	2.42363e-05	
359	4.26473e-06	0.205497	-5.8567e-05	-0.000721178	-8.57949e-08	2.53958e-05	
360	4.15324e-06	-0.205966	-3.00013e-05	0.00039353	-1.10883e-07	2.42795e-05	
361	3.3108e-06	-0.583067	-8.75249e-05	0.00141835	-1.20958e-07	2.10778e-05	
362	1.88851e-06	-0.866197	-0.000172424	0.00219043	-1.14813e-07	1.63105e-05	
363	2.27376e-07	-1.00991	-0.000183092	0.00258979	-9.37834e-08	1.07458e-05	
364	-1.41193e-06	-0.989466	-0.000166754	0.00254881	-6.14704e-08	5.28889e-06	
365	-2.87925e-06	-0.807626	-0.000220007	0.00206883	-2.31645e-08	8.32476e-07	
366	-3.94315e-06	-0.495273	-0.000295172	0.00123014	1.49772e-08	-1.90082e-06	
367	-4.32542e-06	-0.103645	-0.000288281	0.000174022	4.69368e-08	-2.47462e-06	
368	-3.9606e-06	0.305136	-0.000235232	-0.000930489	6.78195e-08	-7.96099e-07	
369	-3.02249e-06	0.665522	-0.000236783	-0.00190982	7.45919e-08	2.86865e-06	
370	-1.68167e-06	0.917821	-0.000262131	-0.00260352	6.64994e-08	7.92443e-06	
371	-4.73603e-08	1.02037	-0.000212258	-0.00289369	4.51744e-08	1.3543e-05	
372	1.63827e-06	0.957778	-0.000116724	-0.00273464	1.438e-08	1.88105e-05	
373	2.99504e-06	0.741023	-8.21094e-05	-0.00215764	-2.06421e-08	2.28777e-05	
374	3.77512e-06	0.40409	-9.49497e-05	-0.00125521	-5.40694e-08	2.50841e-05	
375	3.96062e-06	0.000684553	-6.02037e-05	-0.000168114	-8.04215e-08	2.50631e-05	
376	3.56055e-06	-0.402741	4.2385e-06	0.000926853	-9.53977e-08	2.28144e-05	
377	2.5378e-06	-0.739843	-4.28705e-06	0.0018468	-9.65789e-08	1.87075e-05	
378	1.01601e-06	-0.956988	-7.92121e-05	0.00244287	-8.38401e-08	1.34093e-05	
379	-6.56221e-07	-1.02	-0.000120256	0.00262384	-5.93303e-08	7.77166e-06	
380	-2.15783e-06	-0.917745	-0.000124383	0.00236046	-2.70638e-08	2.70605e-06	
381	-3.34468e-06	-0.66576	-0.000181792	0.00169007	7.72283e-09	-9.5929e-07	
382	-4.08278e-06	-0.30573	-0.000288992	0.000720826	3.93827e-08	-2.6258e-06	
383	-4.16011e-06	0.102876	-0.000343167	-0.000385086	6.27939e-08	-2.02768e-06	
384	-3.50431e-06	0.494556	-0.000327137	-0.00144777	7.42277e-08	7.36686e-07	
385	-2.31644e-06	0.806914	-0.000327875	-0.00230026	7.1923e-08	5.22701e-06	
386	-8.62463e-07	0.98859	-0.000358023	-0.00280571	5.63132e-08	1.07208e-05	
387	7.03397e-07	1.00889	-0.000328574	-0.00287761	2.99603e-08	1.63224e-05	
388	2.19538e-06	0.864992	-0.000223253	-0.00250333	-2.82547e-09	2.11189e-05	
389	3.2808e-06	0.581222	-0.000135998	-0.00174885	-3.67131e-08	2.43354e-05	
390	3.69249e-06	0.202858	-0.000101458	-0.00073889	-6.62671e-08	2.54496e-05	
391	3.42694e-06	-0.210256	-4.62801e-05	0.000366521	-8.68101e-08	2.42668e-05	
392	2.59393e-06	-0.591109	4.98159e-05	0.00138903	-9.51268e-08	2.09604e-05	
393	1.23135e-06	-0.877223	9.87808e-05	0.00215706	-8.99915e-08	1.60522e-05	
394	-5.62667e-07	-1.02311	6.11978e-05	0.00254214	-7.24024e-08	1.03171e-05	
395	-2.47202e-06	-1.007	1.24169e-05	0.00248394	-4.53849e-08	4.64649e-06	
396	-4.14498e-06	-0.832041	-5.77375e-06	0.00199192	-1.3432e-08	-8.95446e-08	
397	-5.43768e-06	-0.526302	-5.89789e-05	0.00113911	1.82261e-08	-3.17406e-06	
398	-6.32095e-06	-0.140516	-0.000180132	5.79981e-05	4.44326e-08	-4.16895e-06	
399	-6.69323e-06	0.26048	-0.000289749	-0.00107565	6.09676e-08	-2.99869e-06	
