0	0	0	0	0	0	0	
1	0	0	0	0	0	0	
2	0	9.28876e-13	0	-2.73439e-16	7.27873e-33	9.27106e-17	
3	1.41474e-15	3.0585e-12	-4.08712e-29	-1.25434e-15	-5.96263e-19	3.63437e-16	
4	8.09121e-15	5.97269e-12	1.19917e-14	-3.33395e-15	-4.47358e-18	8.13292e-16	
5	2.56834e-14	9.0852e-12	7.67797e-14	-6.71202e-15	-1.66838e-17	1.40693e-15	
6	5.8315e-14	1.22296e-11	2.66408e-13	-1.14929e-14	-4.211e-17	2.20955e-15	
7	1.03886e-13	1.57489e-11	6.61338e-13	-1.79241e-14	-8.28867e-17	3.45243e-15	
8	1.51817e-13	2.00296e-11	1.31191e-12	-2.64253e-14	-1.38601e-16	5.41727e-15	
9	1.86242e-13	2.5044e-11	2.20995e-12	-3.73168e-14	-2.07529e-16	8.22901e-15	
10	1.93767e-13	3.02242e-11	3.29175e-12	-5.0566e-14	-2.87083e-16	1.1745e-14	
11	1.71232e-13	3.47966e-11	4.46535e-12	-6.5871e-14	-3.75144e-16	1.56541e-14	
12	1.28705e-13	3.84368e-11	5.62962e-12	-8.29831e-14	-4.71973e-16	1.97267e-14	
13	8.62096e-14	4.15246e-11	6.66877e-12	-1.0187e-13	-5.79148e-16	2.39899e-14	
14	6.63676e-14	4.47326e-11	7.44822e-12	-1.22589e-13	-6.96896e-16	2.86449e-14	
15	8.73262e-14	4.8471e-11	7.84454e-12	-1.4513e-13	-8.25867e-16	3.38015e-14	
16	1.59508e-13	5.24329e-11	7.80037e-12	-1.69324e-13	-9.71753e-16	3.92818e-14	
17	2.85646e-13	5.59493e-11	7.36302e-12	-1.9482e-13	-1.1434e-15	4.4737e-14	
18	4.60571e-13	5.86893e-11	6.67696e-12	-2.21141e-13	-1.34339e-15	4.99807e-14	
19	6.68659e-13	6.09578e-11	5.9305e-12	-2.47844e-13	-1.56261e-15	5.5182e-14	
20	8.81944e-13	6.34943e-11	5.27818e-12	-2.74705e-13	-1.78573e-15	6.07168e-14	
21	1.06467e-12	6.68971e-11	4.77556e-12	-3.01705e-13	-2.00076e-15	6.68189e-14	
22	1.18591e-12	7.1199e-11	4.36763e-12	-3.28833e-13	-2.20395e-15	7.33596e-14	
23	1.23408e-12	7.59965e-11	3.94023e-12	-3.5602e-13	-2.3991e-15	7.99619e-14	
24	1.22317e-12	8.08273e-11	3.39359e-12	-3.83308e-13	-2.59389e-15	8.63457e-14	
25	1.18526e-12	8.58073e-11	2.6844e-12	-4.11108e-13	-2.79463e-15	9.26489e-14	
26	1.15378e-12	9.14604e-11	1.82176e-12	-4.40148e-13	-3.00341e-15	9.9397e-14	
27	1.14878e-12	9.83655e-11	8.46008e-13	-4.7123e-13	-3.22096e-15	1.07123e-13	
28	1.17332e-12	1.06521e-10	-1.77868e-13	-5.04962e-13	-3.45097e-15	1.15927e-13	
29	1.22063e-12	1.15129e-10	-1.14805e-12	-5.416e-13	-3.69809e-15	1.2538e-13	
30	1.28373e-12	1.2326e-10	-1.92044e-12	-5.81052e-13	-3.961e-15	1.34919e-13	
31	1.3588e-12	1.3057e-10	-2.34523e-12	-6.23022e-13	-4.22861e-15	1.44349e-13	
32	1.44125e-12	1.37456e-10	-2.34939e-12	-6.67208e-13	-4.48404e-15	1.53984e-13	
33	1.52078e-12	1.44585e-10	-2.0187e-12	-7.13401e-13	-4.71388e-15	1.64292e-13	
34	1.58422e-12	1.52254e-10	-1.61523e-12	-7.61388e-13	-4.91736e-15	1.7538e-13	
35	1.62757e-12	1.60186e-10	-1.50641e-12	-8.1081e-13	-5.10942e-15	1.86828e-13	
36	1.66809e-12	1.67691e-10	-2.04125e-12	-8.61151e-13	-5.31322e-15	1.97994e-13	
37	1.74361e-12	1.74586e-10	-3.4386e-12	-9.11991e-13	-5.54603e-15	2.08595e-13	
38	1.89569e-12	1.81432e-10	-5.73949e-12	-9.63201e-13	-5.81031e-15	2.18993e-13	
39	2.14754e-12	1.89082e-10	-8.82976e-12	-1.01488e-12	-6.09793e-15	2.29898e-13	
40	2.49263e-12	1.9819e-10	-1.24971e-11	-1.06719e-12	-6.40233e-15	2.41763e-13	
41	2.90195e-12	2.08474e-10	-1.64793e-11	-1.12013e-12	-6.72623e-15	2.5437e-13	
42	3.34223e-12	2.19219e-10	-2.04895e-11	-1.17356e-12	-7.07735e-15	2.67038e-13	
43	3.79023e-12	2.29774e-10	-2.42406e-11	-1.2273e-12	-7.4566e-15	2.79236e-13	
44	4.23254e-12	2.40335e-10	-2.74929e-11	-1.28131e-12	-7.85119e-15	2.91101e-13	
45	4.65464e-12	2.51645e-10	-3.01215e-11	-1.33584e-12	-8.24236e-15	3.03351e-13	
46	5.03311e-12	2.64209e-10	-3.21702e-11	-1.39135e-12	-8.62344e-15	3.16666e-13	
47	5.34252e-12	2.78013e-10	-3.38563e-11	-1.44838e-12	-9.01048e-15	3.31127e-13	
48	5.57386e-12	2.92293e-10	-3.55046e-11	-1.50736e-12	-9.43213e-15	3.46177e-13	
49	5.74787e-12	3.06464e-10	-3.74289e-11	-1.56865e-12	-9.90558e-15	3.61182e-13	
50	5.90911e-12	3.20228e-10	-3.9824e-11	-1.63253e-12	-1.04189e-14	3.76003e-13	
51	6.10201e-12	3.34013e-10	-4.27282e-11	-1.69927e-12	-1.09345e-14	3.91115e-13	
52	6.34632e-12	3.48599e-10	-4.60668e-11	-1.76903e-12	-1.14127e-14	4.07132e-13	
53	6.6307e-12	3.64108e-10	-4.97306e-11	-1.84173e-12	-1.18372e-14	4.24154e-13	
54	6.92779e-12	3.80034e-10	-5.3632e-11	-1.91693e-12	-1.2225e-14	4.41586e-13	
55	7.21759e-12	3.9562e-10	-5.77217e-11	-1.99385e-12	-1.26105e-14	4.58595e-13	
56	7.49928e-12	4.10487e-10	-6.19824e-11	-2.07158e-12	-1.30189e-14	4.74809e-13	
57	7.78355e-12	4.25217e-10	-6.64291e-11	-2.1494e-12	-1.34534e-14	4.90656e-13	
58	8.07617e-12	4.4071e-10	-7.11317e-11	-2.22695e-12	-1.3905e-14	5.06982e-13	
59	8.37084e-12	4.57697e-10	-7.62311e-11	-2.30422e-12	-1.43707e-14	5.24343e-13	
60	8.65985e-12	4.76014e-10	-8.1906e-11	-2.38136e-12	-1.4862e-14	5.42546e-13	
61	8.95269e-12	4.95031e-10	-8.82836e-11	-2.45855e-12	-1.5395e-14	5.60869e-13	
62	9.28348e-12	5.14203e-10	-9.53455e-11	-2.53614e-12	-1.59699e-14	5.78744e-13	
63	9.69567e-12	5.33556e-10	-1.02892e-10	-2.61452e-12	-1.6557e-14	5.96301e-13	
64	1.02125e-11	5.53891e-10	-1.10581e-10	-2.6941e-12	-1.71054e-14	6.14318e-13	
65	1.08168e-11	5.75805e-10	-1.18025e-10	-2.7752e-12	-1.75777e-14	6.3354e-13	
66	1.14581e-11	5.99142e-10	-1.2491e-10	-2.85805e-12	-1.79825e-14	6.5399e-13	
67	1.20832e-11	6.23158e-10	-1.31086e-10	-2.94282e-12	-1.83732e-14	6.74935e-13	
68	1.26662e-11	6.46941e-10	-1.36605e-10	-3.02954e-12	-1.88125e-14	6.95543e-13	
69	1.32152e-11	6.70458e-10	-1.41674e-10	-3.11822e-12	-1.93309e-14	7.15648e-13	
70	1.37554e-11	6.94117e-10	-1.46595e-10	-3.20898e-12	-1.99142e-14	7.35851e-13	
71	1.43051e-11	7.18575e-10	-1.51704e-10	-3.30202e-12	-2.05244e-14	7.56932e-13	
72	1.48679e-11	7.44145e-10	-1.57339e-10	-3.39746e-12	-2.11329e-14	7.79137e-13	
73	1.54446e-11	7.7069e-10	-1.638e-10	-3.49532e-12	-2.17372e-14	8.01969e-13	
74	1.60507e-11	7.97337e-10	-1.71294e-10	-3.59542e-12	-2.23488e-14	8.24591e-13	
75	1.67169e-11	8.23704e-10	-1.79868e-10	-3.69748e-12	-2.29684e-14	8.46573e-13	
76	1.747e-11	8.49954e-10	-1.89372e-10	-3.80096e-12	-2.35735e-14	8.68253e-13	
77	1.83069e-11	8.76892e-10	-1.99496e-10	-3.90519e-12	-2.41361e-14	8.90445e-13	
78	1.91896e-11	9.05434e-10	-2.09872e-10	-4.00959e-12	-2.46562e-14	9.13716e-13	
79	2.00665e-11	9.35441e-10	-2.20214e-10	-4.11381e-12	-2.51791e-14	9.37849e-13	
80	2.09073e-11	9.66169e-10	-2.30401e-10	-4.21762e-12	-2.57771e-14	9.62051e-13	
81	2.17204e-11	9.97023e-10	-2.40481e-10	-4.32088e-12	-2.65044e-14	9.8572e-13	
82	2.25396e-11	1.0281e-09	-2.50597e-10	-4.42366e-12	-2.73615e-14	1.00902e-12	
83	2.33922e-11	1.06029e-09	-2.60911e-10	-4.52649e-12	-2.82968e-14	1.03279e-12	
84	2.42747e-11	1.09417e-09	-2.7154e-10	-4.63019e-12	-2.92422e-14	1.05776e-12	
85	2.51571e-11	1.12972e-09	-2.82541e-10	-4.73544e-12	-3.01518e-14	1.08394e-12	
86	2.60105e-11	1.16624e-09	-2.93906e-10	-4.84271e-12	-3.10143e-14	1.11059e-12	
87	2.68305e-11	1.20311e-09	-3.05562e-10	-4.95241e-12	-3.18339e-14	1.1369e-12	
88	2.76379e-11	1.24006e-09	-3.17377e-10	-5.06502e-12	-3.26022e-14	1.1627e-12	
89	2.84562e-11	1.27732e-09	-3.29178e-10	-5.18076e-12	-3.32894e-14	1.1886e-12	
90	2.9288e-11	1.31544e-09	-3.40789e-10	-5.2994e-12	-3.38668e-14	1.21538e-12	
91	3.0114e-11	1.35472e-09	-3.52093e-10	-5.42047e-12	-3.43475e-14	1.24322e-12	
92	3.09135e-11	1.39485e-09	-3.63114e-10	-5.54361e-12	-3.48031e-14	1.27153e-12	
93	3.16905e-11	1.43545e-09	-3.7408e-10	-5.6686e-12	-3.53353e-14	1.29949e-12	
94	3.24788e-11	1.47611e-09	-3.85401e-10	-5.7951e-12	-3.60179e-14	1.32675e-12	
95	3.33206e-11	1.51691e-09	-3.97532e-10	-5.92268e-12	-3.68595e-14	1.35376e-12	
96	3.42357e-11	1.55838e-09	-4.10802e-10	-6.051e-12	-3.78113e-14	1.38136e-12	
97	3.52116e-11	1.60152e-09	-4.2532e-10	-6.18005e-12	-3.88053e-14	1.41012e-12	
98	3.62226e-11	1.64631e-09	-4.40989e-10	-6.30975e-12	-3.97854e-14	1.43987e-12	
99	3.72617e-11	1.6921e-09	-4.5757e-10	-6.4398e-12	-4.07144e-14	1.46992e-12	
100	3.83532e-11	1.73823e-09	-4.74739e-10	-6.5699e-12	-4.15624e-14	1.49971e-12	
101	3.95363e-11	1.78464e-09	-4.92149e-10	-6.69998e-12	-4.22984e-14	1.52932e-12	
102	4.08332e-11	1.83216e-09	-5.09474e-10	-6.8302e-12	-4.29036e-14	1.55944e-12	
103	4.22307e-11	1.88138e-09	-5.2647e-10	-6.96074e-12	-4.34006e-14	1.59066e-12	
104	4.36901e-11	1.93228e-09	-5.43022e-10	-7.09172e-12	-4.387e-14	1.62282e-12	
105	4.51738e-11	1.98423e-09	-5.59171e-10	-7.22336e-12	-4.4429e-14	1.65515e-12	
106	4.66669e-11	2.03663e-09	-5.75117e-10	-7.35612e-12	-4.51801e-14	1.68689e-12	
107	4.81726e-11	2.0896e-09	-5.91174e-10	-7.4907e-12	-4.6159e-14	1.71808e-12	
108	4.96907e-11	2.14344e-09	-6.07681e-10	-7.62781e-12	-4.73158e-14	1.74943e-12	
109	5.11981e-11	2.19867e-09	-6.24882e-10	-7.76807e-12	-4.85418e-14	1.78168e-12	
110	5.26545e-11	2.2552e-09	-6.4283e-10	-7.91165e-12	-4.97287e-14	1.81491e-12	
111	5.40306e-11	2.31254e-09	-6.61388e-10	-8.05832e-12	-5.08189e-14	1.84848e-12	
112	5.53356e-11	2.37043e-09	-6.80336e-10	-8.20763e-12	-5.18103e-14	1.88173e-12	
113	5.66196e-11	2.42858e-09	-6.9951e-10	-8.35915e-12	-5.2722e-14	1.91451e-12	
114	5.79448e-11	2.48717e-09	-7.18884e-10	-8.51249e-12	-5.35635e-14	1.94739e-12	
115	5.93492e-11	2.54672e-09	-7.38542e-10	-8.6671e-12	-5.43364e-14	1.9811e-12	
116	6.08324e-11	2.60757e-09	-7.58602e-10	-8.8223e-12	-5.50612e-14	2.01595e-12	
117	6.23715e-11	2.66984e-09	-7.79166e-10	-8.97757e-12	-5.57937e-14	2.05153e-12	
118	6.39492e-11	2.73305e-09	-8.0033e-10	-9.13264e-12	-5.66126e-14	2.08707e-12	
119	6.5567e-11	2.79695e-09	-8.22212e-10	-9.28752e-12	-5.75799e-14	2.12213e-12	
120	6.72351e-11	2.86176e-09	-8.4495e-10	-9.44237e-12	-5.87027e-14	2.15703e-12	
121	6.89492e-11	2.92816e-09	-8.68626e-10	-9.59748e-12	-5.99274e-14	2.19255e-12	
122	7.06811e-11	2.99652e-09	-8.9316e-10	-9.75327e-12	-6.11716e-14	2.22915e-12	
123	7.23927e-11	3.06647e-09	-9.18267e-10	-9.90996e-12	-6.23672e-14	2.26653e-12	
124	7.40649e-11	3.13739e-09	-9.43518e-10	-1.00676e-11	-6.34806e-14	2.3039e-12	
125	7.57167e-11	3.20889e-09	-9.68486e-10	-1.02261e-11	-6.45044e-14	2.34073e-12	
126	7.73962e-11	3.28108e-09	-9.92907e-10	-1.0386e-11	-6.54402e-14	2.37726e-12	
127	7.91513e-11	3.35467e-09	-1.01677e-09	-1.05476e-11	-6.62903e-14	2.41435e-12	
128	8.10029e-11	3.4299e-09	-1.0403e-09	-1.07116e-11	-6.70669e-14	2.45269e-12	
129	8.29431e-11	3.50646e-09	-1.06383e-09	-1.0878e-11	-6.78115e-14	2.49217e-12	
130	8.4954e-11	3.58367e-09	-1.08769e-09	-1.10468e-11	-6.86018e-14	2.53197e-12	
131	8.70277e-11	3.66122e-09	-1.11213e-09	-1.12181e-11	-6.95262e-14	2.57133e-12	
132	8.91659e-11	3.73979e-09	-1.13739e-09	-1.13921e-11	-7.06378e-14	2.61026e-12	
133	9.13617e-11	3.81951e-09	-1.1637e-09	-1.15689e-11	-7.19229e-14	2.64942e-12	
134	9.3581e-11	3.90071e-09	-1.1912e-09	-1.17483e-11	-7.33088e-14	2.68941e-12	
135	9.57658e-11	3.98287e-09	-1.21988e-09	-1.19295e-11	-7.47015e-14	2.73016e-12	
136	9.78625e-11	4.06593e-09	-1.24948e-09	-1.21117e-11	-7.60283e-14	2.77099e-12	
137	9.98564e-11	4.15003e-09	-1.27961e-09	-1.22941e-11	-7.72644e-14	2.81123e-12	
138	1.01786e-10	4.23544e-09	-1.3099e-09	-1.24763e-11	-7.84298e-14	2.85087e-12	
139	1.03726e-10	4.32211e-09	-1.34021e-09	-1.26579e-11	-7.95613e-14	2.89058e-12	
140	1.05749e-10	4.41051e-09	-1.37062e-09	-1.28389e-11	-8.0687e-14	2.93134e-12	
141	1.07896e-10	4.50048e-09	-1.40134e-09	-1.30194e-11	-8.18249e-14	2.97354e-12	
142	1.10169e-10	4.59205e-09	-1.43259e-09	-1.31997e-11	-8.29922e-14	3.01677e-12	
143	1.12551e-10	4.68466e-09	-1.46444e-09	-1.33804e-11	-8.42005e-14	3.06011e-12	
144	1.15019e-10	4.77852e-09	-1.49686e-09	-1.35622e-11	-8.54374e-14	3.10302e-12	
145	1.17549e-10	4.87396e-09	-1.52977e-09	-1.37457e-11	-8.66608e-14	3.1458e-12	
146	1.20101e-10	4.9707e-09	-1.56306e-09	-1.39314e-11	-8.78158e-14	3.18918e-12	
147	1.22628e-10	5.06881e-09	-1.59662e-09	-1.41196e-11	-8.88596e-14	3.23363e-12	
148	1.25082e-10	5.16785e-09	-1.63034e-09	-1.43103e-11	-8.9781e-14	3.27886e-12	
149	1.27452e-10	5.26841e-09	-1.66413e-09	-1.45037e-11	-9.06108e-14	3.32415e-12	
150	1.29776e-10	5.37035e-09	-1.69787e-09	-1.46997e-11	-9.14186e-14	3.36893e-12	
151	1.32137e-10	5.47301e-09	-1.73157e-09	-1.48982e-11	-9.22929e-14	3.41318e-12	
152	1.34627e-10	5.57662e-09	-1.76536e-09	-1.50991e-11	-9.33115e-14	3.45759e-12	
153	1.37299e-10	5.68131e-09	-1.79957e-09	-1.5302e-11	-9.45218e-14	3.5029e-12	
154	1.4015e-10	5.78762e-09	-1.83459e-09	-1.55067e-11	-9.59348e-14	3.54934e-12	
155	1.43128e-10	5.89567e-09	-1.87074e-09	-1.57131e-11	-9.7528e-14	3.59636e-12	
156	1.46168e-10	6.00481e-09	-1.90818e-09	-1.5921e-11	-9.92461e-14	3.64302e-12	
157	1.49223e-10	6.11507e-09	-1.94683e-09	-1.61295e-11	-1.01005e-13	3.68887e-12	
158	1.52266e-10	6.22631e-09	-1.98647e-09	-1.63379e-11	-1.02708e-13	3.73432e-12	
159	1.55281e-10	6.33916e-09	-2.02689e-09	-1.65459e-11	-1.04263e-13	3.78036e-12	
160	1.5825e-10	6.45413e-09	-2.06787e-09	-1.67537e-11	-1.05618e-13	3.82771e-12	
161	1.61162e-10	6.57089e-09	-2.1093e-09	-1.69613e-11	-1.06774e-13	3.87621e-12	
162	1.64031e-10	6.68923e-09	-2.15103e-09	-1.71688e-11	-1.07787e-13	3.92501e-12	
163	1.66907e-10	6.80844e-09	-2.19289e-09	-1.73761e-11	-1.08753e-13	3.97338e-12	
164	1.69858e-10	6.92878e-09	-2.23474e-09	-1.75838e-11	-1.09767e-13	4.02148e-12	
165	1.72937e-10	7.05094e-09	-2.27658e-09	-1.77925e-11	-1.109e-13	4.07029e-12	
166	1.76152e-10	7.17505e-09	-2.31855e-09	-1.8003e-11	-1.12183e-13	4.12071e-12	
167	1.79459e-10	7.30115e-09	-2.36091e-09	-1.82157e-11	-1.13617e-13	4.17265e-12	
168	1.82788e-10	7.42837e-09	-2.4039e-09	-1.84311e-11	-1.15184e-13	4.2249e-12	
169	1.86087e-10	7.55651e-09	-2.44756e-09	-1.86496e-11	-1.1685e-13	4.27622e-12	
170	1.89341e-10	7.68586e-09	-2.49183e-09	-1.88709e-11	-1.18552e-13	4.32624e-12	
171	1.92567e-10	7.81648e-09	-2.53653e-09	-1.9095e-11	-1.20213e-13	4.3757e-12	
172	1.95786e-10	7.94928e-09	-2.58155e-09	-1.93217e-11	-1.21766e-13	4.42579e-12	
173	1.99009e-10	8.08379e-09	-2.62691e-09	-1.95509e-11	-1.23179e-13	4.477e-12	
174	2.0224e-10	8.21972e-09	-2.67277e-09	-1.9782e-11	-1.24467e-13	4.52886e-12	
175	2.05501e-10	8.35683e-09	-2.71934e-09	-2.00144e-11	-1.25681e-13	4.5804e-12	
176	2.0883e-10	8.49471e-09	-2.76676e-09	-2.02476e-11	-1.2688e-13	4.6311e-12	
177	2.1227e-10	8.634e-09	-2.8151e-09	-2.04812e-11	-1.28121e-13	4.68154e-12	
178	2.15836e-10	8.77509e-09	-2.86444e-09	-2.07151e-11	-1.29436e-13	4.73298e-12	
179	2.19502e-10	8.91853e-09	-2.91485e-09	-2.09491e-11	-1.30842e-13	4.78638e-12	
180	2.23217e-10	9.06409e-09	-2.96643e-09	-2.1183e-11	-1.3233e-13	4.84151e-12	
181	2.26938e-10	9.21064e-09	-3.01913e-09	-2.1417e-11	-1.33869e-13	4.89706e-12	
182	2.30657e-10	9.3581e-09	-3.07271e-09	-2.16512e-11	-1.3541e-13	4.95186e-12	
183	2.34409e-10	9.50673e-09	-3.12675e-09	-2.18858e-11	-1.3689e-13	5.00584e-12	
184	2.38245e-10	9.65759e-09	-3.18081e-09	-2.2121e-11	-1.38259e-13	5.06001e-12	
185	2.42201e-10	9.81123e-09	-3.23455e-09	-2.23575e-11	-1.39507e-13	5.11545e-12	
186	2.46282e-10	9.96692e-09	-3.28788e-09	-2.25955e-11	-1.40685e-13	5.17223e-12	
187	2.50472e-10	1.01241e-08	-3.34089e-09	-2.28353e-11	-1.41907e-13	5.2294e-12	
188	2.54756e-10	1.02819e-08	-3.39384e-09	-2.30769e-11	-1.43308e-13	5.28582e-12	
189	2.59124e-10	1.04407e-08	-3.44703e-09	-2.33206e-11	-1.44982e-13	5.34123e-12	
190	2.63559e-10	1.06016e-08	-3.50078e-09	-2.35669e-11	-1.46937e-13	5.39649e-12	
191	2.68014e-10	1.07648e-08	-3.55539e-09	-2.38161e-11	-1.49092e-13	5.45277e-12	
192	2.72415e-10	1.09303e-08	-3.61115e-09	-2.40677e-11	-1.51303e-13	5.51058e-12	
193	2.76692e-10	1.1098e-08	-3.6683e-09	-2.43217e-11	-1.53409e-13	5.56928e-12	
194	2.80811e-10	1.12663e-08	-3.72692e-09	-2.45777e-11	-1.5527e-13	5.62758e-12	
195	2.84802e-10	1.14352e-08	-3.7869e-09	-2.48357e-11	-1.56792e-13	5.68479e-12	
196	2.88743e-10	1.16055e-08	-3.84795e-09	-2.50952e-11	-1.57957e-13	5.74144e-12	
197	2.92732e-10	1.17782e-08	-3.90966e-09	-2.53556e-11	-1.58829e-13	5.79887e-12	
198	2.96853e-10	1.19538e-08	-3.97169e-09	-2.56167e-11	-1.59564e-13	5.85803e-12	
199	3.01158e-10	1.21312e-08	-4.03387e-09	-2.58782e-11	-1.60376e-13	5.91859e-12	
200	3.05678e-10	1.23097e-08	-4.09625e-09	-2.61396e-11	-1.61482e-13	5.97932e-12	
201	3.10418e-10	1.24885e-08	-4.159e-09	-2.64003e-11	-1.63032e-13	6.03914e-12	
202	3.15355e-10	1.26686e-08	-4.22228e-09	-2.66607e-11	-1.65062e-13	6.09805e-12	
203	3.20426e-10	1.28513e-08	-4.2862e-09	-2.69213e-11	-1.67484e-13	6.15706e-12	
204	3.25526e-10	1.3037e-08	-4.35088e-09	-2.71829e-11	-1.70114e-13	6.21722e-12	
205	3.30536e-10	1.32256e-08	-4.41637e-09	-2.74454e-11	-1.72732e-13	6.27871e-12	
206	3.3537e-10	1.34155e-08	-4.48269e-09	-2.77089e-11	-1.75138e-13	6.34067e-12	
207	3.40015e-10	1.36063e-08	-4.54975e-09	-2.79738e-11	-1.77197e-13	6.40215e-12	
208	3.44532e-10	1.37985e-08	-4.61735e-09	-2.82408e-11	-1.78863e-13	6.46306e-12	
209	3.49038e-10	1.39928e-08	-4.68527e-09	-2.85105e-11	-1.80172e-13	6.52429e-12	
210	3.5366e-10	1.419e-08	-4.75332e-09	-2.8783e-11	-1.8124e-13	6.58694e-12	
211	3.58502e-10	1.43895e-08	-4.82145e-09	-2.90582e-11	-1.8223e-13	6.6513e-12	
212	3.63619e-10	1.45905e-08	-4.8898e-09	-2.93357e-11	-1.83312e-13	6.7166e-12	
213	3.69022e-10	1.47926e-08	-4.95863e-09	-2.96153e-11	-1.84613e-13	6.78164e-12	
214	3.74675e-10	1.49954e-08	-5.02831e-09	-2.98968e-11	-1.86174e-13	6.84568e-12	
215	3.80492e-10	1.51999e-08	-5.09915e-09	-3.01802e-11	-1.87939e-13	6.90899e-12	
216	3.86343e-10	1.54067e-08	-5.17133e-09	-3.04652e-11	-1.89786e-13	6.97247e-12	
217	3.92075e-10	1.5617e-08	-5.24484e-09	-3.07515e-11	-1.91595e-13	7.0369e-12	
218	3.97569e-10	1.58301e-08	-5.31953e-09	-3.10386e-11	-1.93323e-13	7.10212e-12	
219	4.02786e-10	1.60442e-08	-5.39522e-09	-3.13258e-11	-1.95015e-13	7.16722e-12	
220	4.07791e-10	1.62591e-08	-5.47173e-09	-3.16128e-11	-1.96772e-13	7.23153e-12	
221	4.1273e-10	1.64751e-08	-5.54888e-09	-3.18995e-11	-1.98694e-13	7.29542e-12	
222	4.17771e-10	1.66938e-08	-5.6265e-09	-3.21863e-11	-2.00844e-13	7.36005e-12	
223	4.2305e-10	1.69158e-08	-5.70445e-09	-3.24737e-11	-2.03216e-13	7.42643e-12	
224	4.28643e-10	1.71402e-08	-5.78268e-09	-3.27618e-11	-2.05733e-13	7.49449e-12	
225	4.34559e-10	1.73659e-08	-5.86126e-09	-3.30507e-11	-2.08257e-13	7.5632e-12	
226	4.40749e-10	1.75921e-08	-5.94037e-09	-3.33405e-11	-2.10629e-13	7.63144e-12	
227	4.47115e-10	1.78197e-08	-6.02018e-09	-3.36318e-11	-2.12708e-13	7.69894e-12	
228	4.53529e-10	1.80501e-08	-6.10082e-09	-3.39254e-11	-2.14408e-13	7.7664e-12	
229	4.59846e-10	1.82839e-08	-6.1823e-09	-3.42216e-11	-2.15734e-13	7.83469e-12	
230	4.6595e-10	1.85208e-08	-6.2645e-09	-3.45205e-11	-2.16796e-13	7.90395e-12	
231	4.718e-10	1.87592e-08	-6.34723e-09	-3.48218e-11	-2.17783e-13	7.9734e-12	
232	4.77458e-10	1.89983e-08	-6.43038e-09	-3.5125e-11	-2.18903e-13	8.04213e-12	
233	4.83069e-10	1.92386e-08	-6.51395e-09	-3.54301e-11	-2.20299e-13	8.11004e-12	
234	4.88798e-10	1.94809e-08	-6.59809e-09	-3.5737e-11	-2.22015e-13	8.17795e-12	
235	4.94767e-10	1.97263e-08	-6.683e-09	-3.60457e-11	-2.24005e-13	8.24696e-12	
236	5.01023e-10	1.99742e-08	-6.76887e-09	-3.63559e-11	-2.26182e-13	8.31741e-12	
237	5.07545e-10	2.02243e-08	-6.85587e-09	-3.66672e-11	-2.28457e-13	8.38874e-12	
238	5.14276e-10	2.04759e-08	-6.94418e-09	-3.6979e-11	-2.30755e-13	8.46002e-12	
239	5.21153e-10	2.07286e-08	-7.03392e-09	-3.7291e-11	-2.3301e-13	8.53074e-12	
240	5.28108e-10	2.09839e-08	-7.1251e-09	-3.76036e-11	-2.35166e-13	8.60134e-12	
241	5.35071e-10	2.12422e-08	-7.21757e-09	-3.79166e-11	-2.37186e-13	8.67267e-12	
242	5.41972e-10	2.15037e-08	-7.31096e-09	-3.82303e-11	-2.39075e-13	8.7452e-12	
243	5.48773e-10	2.17677e-08	-7.40476e-09	-3.85445e-11	-2.40882e-13	8.81856e-12	
244	5.55485e-10	2.20327e-08	-7.49852e-09	-3.88593e-11	-2.42695e-13	8.89184e-12	
245	5.62175e-10	2.22988e-08	-7.59201e-09	-3.91747e-11	-2.44596e-13	8.9646e-12	
246	5.68925e-10	2.25665e-08	-7.6853e-09	-3.94909e-11	-2.4664e-13	9.03729e-12	
247	5.75786e-10	2.2837e-08	-7.7787e-09	-3.98083e-11	-2.48845e-13	9.11091e-12	
248	5.82756e-10	2.31107e-08	-7.87263e-09	-4.01277e-11	-2.5121e-13	9.18599e-12	
249	5.89794e-10	2.33867e-08	-7.96755e-09	-4.04497e-11	-2.53715e-13	9.26201e-12	
250	5.96865e-10	2.36642e-08	-8.06381e-09	-4.07742e-11	-2.56305e-13	9.33787e-12	
251	6.03967e-10	2.39429e-08	-8.16166e-09	-4.1101e-11	-2.58866e-13	9.41277e-12	
252	6.1113e-10	2.42235e-08	-8.2611e-09	-4.14303e-11	-2.61244e-13	9.48684e-12	
253	6.18379e-10	2.45072e-08	-8.36197e-09	-4.17622e-11	-2.63289e-13	9.56094e-12	
254	6.25715e-10	2.47941e-08	-8.46391e-09	-4.20967e-11	-2.64921e-13	9.63573e-12	
255	6.33119e-10	2.5084e-08	-8.56645e-09	-4.2433e-11	-2.66172e-13	9.71109e-12	
256	6.40578e-10	2.53752e-08	-8.66915e-09	-4.27703e-11	-2.67188e-13	9.78624e-12	
257	6.48104e-10	2.56676e-08	-8.77173e-09	-4.31079e-11	-2.68193e-13	9.86064e-12	
258	6.5572e-10	2.59618e-08	-8.87425e-09	-4.34456e-11	-2.69423e-13	9.93476e-12	
259	6.63431e-10	2.62587e-08	-8.97712e-09	-4.37831e-11	-2.71069e-13	1.00098e-11	
260	6.71197e-10	2.65591e-08	-9.08098e-09	-4.41204e-11	-2.7324e-13	1.00867e-11	
261	6.78944e-10	2.68622e-08	-9.18643e-09	-4.44574e-11	-2.75956e-13	1.01654e-11	
262	6.86612e-10	2.71673e-08	-9.29382e-09	-4.47947e-11	-2.79135e-13	1.0245e-11	
263	6.94195e-10	2.74746e-08	-9.40318e-09	-4.51325e-11	-2.82591e-13	1.03247e-11	
264	7.01756e-10	2.77836e-08	-9.51428e-09	-4.54714e-11	-2.86046e-13	1.04044e-11	
265	7.09394e-10	2.80946e-08	-9.62666e-09	-4.58119e-11	-2.8919e-13	1.04845e-11	
266	7.17197e-10	2.84081e-08	-9.73977e-09	-4.61547e-11	-2.91776e-13	1.05654e-11	
267	7.25213e-10	2.87252e-08	-9.85297e-09	-4.65e-11	-2.93714e-13	1.06471e-11	
268	7.33459e-10	2.90451e-08	-9.96568e-09	-4.68477e-11	-2.951e-13	1.07286e-11	
269	7.41936e-10	2.93662e-08	-1.00775e-08	-4.71977e-11	-2.96182e-13	1.08091e-11	
270	7.5063e-10	2.96887e-08	-1.01885e-08	-4.75498e-11	-2.97264e-13	1.08882e-11	
271	7.59491e-10	3.0013e-08	-1.02991e-08	-4.7904e-11	-2.98614e-13	1.09668e-11	
272	7.68414e-10	3.034e-08	-1.04101e-08	-4.82597e-11	-3.00408e-13	1.1046e-11	
273	7.77251e-10	3.0671e-08	-1.05226e-08	-4.86169e-11	-3.027e-13	1.11264e-11	
274	7.85868e-10	3.10051e-08	-1.06373e-08	-4.89755e-11	-3.05421e-13	1.12076e-11	
275	7.94197e-10	3.13419e-08	-1.07547e-08	-4.93353e-11	-3.0839e-13	1.12887e-11	
276	8.02279e-10	3.16799e-08	-1.0875e-08	-4.96963e-11	-3.11359e-13	1.13694e-11	
277	8.10243e-10	3.20189e-08	-1.09975e-08	-5.00583e-11	-3.14072e-13	1.145e-11	
278	8.18263e-10	3.23608e-08	-1.11217e-08	-5.04217e-11	-3.16341e-13	1.15319e-11	
279	8.26502e-10	3.27062e-08	-1.12468e-08	-5.07863e-11	-3.18122e-13	1.16156e-11	
280	8.35087e-10	3.30547e-08	-1.13721e-08	-5.11519e-11	-3.19553e-13	1.17009e-11	
281	8.44107e-10	3.34051e-08	-1.14971e-08	-5.15177e-11	-3.20914e-13	1.17865e-11	
282	8.53611e-10	3.37571e-08	-1.16212e-08	-5.18834e-11	-3.22512e-13	1.18714e-11	
283	8.63582e-10	3.41106e-08	-1.17445e-08	-5.22494e-11	-3.24563e-13	1.19555e-11	
284	8.73906e-10	3.4467e-08	-1.18676e-08	-5.26162e-11	-3.27135e-13	1.20397e-11	
285	8.8437e-10	3.48262e-08	-1.19913e-08	-5.29834e-11	-3.30156e-13	1.21249e-11	
286	8.94704e-10	3.51895e-08	-1.21165e-08	-5.33513e-11	-3.33462e-13	1.22111e-11	
287	9.04665e-10	3.55558e-08	-1.22438e-08	-5.372e-11	-3.36852e-13	1.22973e-11	
288	9.14112e-10	3.59249e-08	-1.23733e-08	-5.40907e-11	-3.40137e-13	1.23828e-11	
289	9.23052e-10	3.62955e-08	-1.25049e-08	-5.4464e-11	-3.43155e-13	1.24674e-11	
290	9.31617e-10	3.66674e-08	-1.26381e-08	-5.48401e-11	-3.45786e-13	1.25521e-11	
291	9.40024e-10	3.70414e-08	-1.27723e-08	-5.52188e-11	-3.47979e-13	1.26379e-11	
292	9.48512e-10	3.74193e-08	-1.29069e-08	-5.56001e-11	-3.49791e-13	1.27257e-11	
293	9.57308e-10	3.78009e-08	-1.30416e-08	-5.5984e-11	-3.51379e-13	1.28146e-11	
294	9.66599e-10	3.81855e-08	-1.31762e-08	-5.63701e-11	-3.52937e-13	1.29036e-11	
295	9.765e-10	3.85703e-08	-1.33106e-08	-5.67578e-11	-3.54615e-13	1.29915e-11	
296	9.87003e-10	3.89562e-08	-1.34453e-08	-5.71464e-11	-3.56469e-13	1.30786e-11	
297	9.97954e-10	3.93454e-08	-1.35806e-08	-5.75358e-11	-3.58487e-13	1.31657e-11	
298	1.00908e-09	3.97388e-08	-1.37173e-08	-5.79261e-11	-3.60635e-13	1.32539e-11	
299	1.02009e-09	4.01369e-08	-1.38559e-08	-5.8317e-11	-3.62914e-13	1.3343e-11	
300	1.03072e-09	4.05368e-08	-1.39967e-08	-5.87079e-11	-3.65372e-13	1.34318e-11	
301	1.04088e-09	4.09381e-08	-1.41397e-08	-5.90984e-11	-3.68064e-13	1.35195e-11	
302	1.05064e-09	4.13407e-08	-1.42845e-08	-5.94888e-11	-3.71006e-13	1.36065e-11	
303	1.06018e-09	4.17466e-08	-1.44304e-08	-5.98799e-11	-3.7414e-13	1.36945e-11	
304	1.06974e-09	4.21565e-08	-1.45771e-08	-6.0272e-11	-3.77362e-13	1.3785e-11	
305	1.07958e-09	4.25697e-08	-1.47243e-08	-6.06654e-11	-3.80554e-13	1.38782e-11	
306	1.08989e-09	4.29852e-08	-1.48717e-08	-6.106e-11	-3.83631e-13	1.3973e-11	
307	1.10078e-09	4.34028e-08	-1.50191e-08	-6.14561e-11	-3.86537e-13	1.40677e-11	
308	1.11229e-09	4.38221e-08	-1.51667e-08	-6.18544e-11	-3.89215e-13	1.41615e-11	
309	1.1243e-09	4.42443e-08	-1.53144e-08	-6.22555e-11	-3.91589e-13	1.42548e-11	
310	1.13658e-09	4.46691e-08	-1.54626e-08	-6.26591e-11	-3.93608e-13	1.43481e-11	
311	1.1488e-09	4.50978e-08	-1.56116e-08	-6.30647e-11	-3.95317e-13	1.44416e-11	
312	1.16066e-09	4.55295e-08	-1.57617e-08	-6.34718e-11	-3.96877e-13	1.45346e-11	
313	1.17196e-09	4.59642e-08	-1.59132e-08	-6.38805e-11	-3.9851e-13	1.46259e-11	
314	1.18264e-09	4.64005e-08	-1.60662e-08	-6.42904e-11	-4.00426e-13	1.47153e-11	
315	1.19281e-09	4.68385e-08	-1.62207e-08	-6.47014e-11	-4.02758e-13	1.48037e-11	
316	1.20268e-09	4.72788e-08	-1.63765e-08	-6.51131e-11	-4.05538e-13	1.48931e-11	
317	1.21253e-09	4.77234e-08	-1.65339e-08	-6.55258e-11	-4.08704e-13	1.4985e-11	
318	1.22263e-09	4.81729e-08	-1.66928e-08	-6.59401e-11	-4.12134e-13	1.50799e-11	
319	1.23322e-09	4.86253e-08	-1.68535e-08	-6.63562e-11	-4.15666e-13	1.51769e-11	
320	1.2445e-09	4.90788e-08	-1.70158e-08	-6.67738e-11	-4.19107e-13	1.52746e-11	
321	1.25653e-09	4.95333e-08	-1.71794e-08	-6.71922e-11	-4.22252e-13	1.5372e-11	
322	1.26926e-09	4.99908e-08	-1.73437e-08	-6.76118e-11	-4.24919e-13	1.54698e-11	
323	1.2825e-09	5.04528e-08	-1.75083e-08	-6.80326e-11	-4.27015e-13	1.55685e-11	
324	1.29597e-09	5.09197e-08	-1.7673e-08	-6.84547e-11	-4.28593e-13	1.56681e-11	
325	1.30936e-09	5.13887e-08	-1.78376e-08	-6.88769e-11	-4.29879e-13	1.57669e-11	
326	1.32246e-09	5.18591e-08	-1.80022e-08	-6.92986e-11	-4.31229e-13	1.58636e-11	
327	1.33513e-09	5.23307e-08	-1.8167e-08	-6.97201e-11	-4.33019e-13	1.59581e-11	
328	1.34736e-09	5.28056e-08	-1.83322e-08	-7.01424e-11	-4.35514e-13	1.60518e-11	
329	1.35921e-09	5.32847e-08	-1.84985e-08	-7.05663e-11	-4.38802e-13	1.6147e-11	
330	1.37077e-09	5.37679e-08	-1.86666e-08	-7.09924e-11	-4.42794e-13	1.62447e-11	
331	1.38215e-09	5.42538e-08	-1.8837e-08	-7.14207e-11	-4.47263e-13	1.63446e-11	
332	1.39354e-09	5.47421e-08	-1.901e-08	-7.18517e-11	-4.51883e-13	1.64452e-11	
333	1.40513e-09	5.52318e-08	-1.91856e-08	-7.22857e-11	-4.56264e-13	1.65454e-11	
334	1.4171e-09	5.57245e-08	-1.93632e-08	-7.2723e-11	-4.60008e-13	1.66454e-11	
335	1.42957e-09	5.62198e-08	-1.95419e-08	-7.31629e-11	-4.62803e-13	1.67459e-11	
336	1.44256e-09	5.67192e-08	-1.97209e-08	-7.36046e-11	-4.64527e-13	1.68474e-11	
337	1.45603e-09	5.72222e-08	-1.98995e-08	-7.40473e-11	-4.65319e-13	1.69491e-11	
338	1.46986e-09	5.77285e-08	-2.00774e-08	-7.44907e-11	-4.6556e-13	1.70497e-11	
339	1.48394e-09	5.82366e-08	-2.02547e-08	-7.49342e-11	-4.65766e-13	1.71481e-11	
340	1.49811e-09	5.87466e-08	-2.04318e-08	-7.53772e-11	-4.66457e-13	1.72447e-11	
341	1.5122e-09	5.92593e-08	-2.06094e-08	-7.58194e-11	-4.68048e-13	1.73412e-11	
342	1.52603e-09	5.97769e-08	-2.07882e-08	-7.62615e-11	-4.7078e-13	1.74397e-11	
343	1.53941e-09	6.03e-08	-2.09693e-08	-7.67041e-11	-4.74688e-13	1.75411e-11	
344	1.55228e-09	6.08264e-08	-2.11537e-08	-7.71475e-11	-4.79588e-13	1.76447e-11	
345	1.56473e-09	6.13541e-08	-2.13417e-08	-7.75917e-11	-4.85104e-13	1.7749e-11	
346	1.57698e-09	6.18826e-08	-2.15331e-08	-7.8037e-11	-4.90731e-13	1.78536e-11	
347	1.58934e-09	6.24142e-08	-2.17269e-08	-7.84842e-11	-4.95919e-13	1.79591e-11	
348	1.60212e-09	6.29502e-08	-2.19217e-08	-7.89346e-11	-5.00183e-13	1.80665e-11	
349	1.61554e-09	6.34912e-08	-2.21163e-08	-7.93885e-11	-5.03213e-13	1.8176e-11	
350	1.62974e-09	6.40343e-08	-2.23098e-08	-7.98453e-11	-5.04964e-13	1.82856e-11	
351	1.64472e-09	6.45788e-08	-2.25018e-08	-8.0304e-11	-5.05685e-13	1.83931e-11	
352	1.66035e-09	6.51243e-08	-2.26922e-08	-8.07644e-11	-5.05862e-13	1.84972e-11	
353	1.67638e-09	6.56733e-08	-2.28816e-08	-8.12267e-11	-5.06076e-13	1.85989e-11	
354	1.69244e-09	6.6227e-08	-2.3071e-08	-8.16908e-11	-5.06858e-13	1.87001e-11	
355	1.70807e-09	6.67852e-08	-2.32619e-08	-8.21559e-11	-5.08601e-13	1.88022e-11	
356	1.72289e-09	6.73467e-08	-2.34556e-08	-8.26211e-11	-5.11527e-13	1.89051e-11	
357	1.73671e-09	6.79107e-08	-2.36531e-08	-8.3086e-11	-5.15639e-13	1.90079e-11	
358	1.74961e-09	6.84767e-08	-2.3855e-08	-8.35507e-11	-5.20676e-13	1.91102e-11	
359	1.76192e-09	6.9046e-08	-2.4061e-08	-8.4016e-11	-5.26141e-13	1.92132e-11	
360	1.77412e-09	6.96184e-08	-2.42703e-08	-8.44824e-11	-5.31427e-13	1.93188e-11	
361	1.78675e-09	7.01953e-08	-2.44813e-08	-8.49501e-11	-5.3599e-13	1.94283e-11	
362	1.80024e-09	7.07761e-08	-2.46924e-08	-8.54193e-11	-5.39478e-13	1.9541e-11	
363	1.81493e-09	7.13603e-08	-2.49023e-08	-8.58901e-11	-5.41801e-13	1.96548e-11	
364	1.83096e-09	7.19471e-08	-2.51104e-08	-8.63628e-11	-5.43118e-13	1.97676e-11	
365	1.84824e-09	7.25351e-08	-2.53167e-08	-8.6837e-11	-5.43782e-13	1.98782e-11	
366	1.86641e-09	7.31263e-08	-2.55216e-08	-8.73123e-11	-5.4426e-13	1.99876e-11	
367	1.88487e-09	7.37219e-08	-2.57259e-08	-8.77886e-11	-5.45055e-13	2.00969e-11	
368	1.90291e-09	7.43229e-08	-2.59309e-08	-8.82661e-11	-5.46621e-13	2.02064e-11	
369	1.91989e-09	7.49274e-08	-2.61381e-08	-8.87444e-11	-5.49273e-13	2.03153e-11	
370	1.93542e-09	7.55335e-08	-2.63489e-08	-8.9223e-11	-5.5312e-13	2.04223e-11	
371	1.94949e-09	7.61406e-08	-2.65639e-08	-8.97017e-11	-5.58037e-13	2.05276e-11	
372	1.96242e-09	7.67509e-08	-2.67833e-08	-9.01819e-11	-5.63691e-13	2.06332e-11	
373	1.97478e-09	7.73656e-08	-2.70061e-08	-9.06652e-11	-5.69602e-13	2.07418e-11	
374	1.98727e-09	7.79856e-08	-2.72314e-08	-9.11523e-11	-5.75236e-13	2.08547e-11	
375	2.00057e-09	7.86083e-08	-2.74577e-08	-9.16429e-11	-5.80126e-13	2.09708e-11	
376	2.01526e-09	7.92328e-08	-2.76837e-08	-9.21362e-11	-5.83955e-13	2.10877e-11	
377	2.03169e-09	7.98586e-08	-2.79087e-08	-9.2632e-11	-5.86584e-13	2.12031e-11	
378	2.0499e-09	8.04878e-08	-2.8132e-08	-9.31303e-11	-5.88042e-13	2.1317e-11	
379	2.06954e-09	8.11217e-08	-2.83538e-08	-9.36303e-11	-5.88514e-13	2.14306e-11	
380	2.08991e-09	8.17605e-08	-2.85747e-08	-9.41303e-11	-5.88349e-13	2.15443e-11	
381	2.11011e-09	8.24031e-08	-2.87957e-08	-9.46284e-11	-5.88064e-13	2.16574e-11	
382	2.1293e-09	8.30491e-08	-2.90179e-08	-9.51239e-11	-5.88283e-13	2.17682e-11	
383	2.14689e-09	8.36978e-08	-2.92428e-08	-9.56169e-11	-5.8959e-13	2.18758e-11	
384	2.16272e-09	8.43503e-08	-2.94716e-08	-9.61086e-11	-5.92357e-13	2.19819e-11	
385	2.17701e-09	8.50076e-08	-2.97049e-08	-9.66004e-11	-5.96655e-13	2.20898e-11	
386	2.1903e-09	8.56685e-08	-2.99423e-08	-9.70936e-11	-6.02278e-13	2.22025e-11	
387	2.20332e-09	8.63331e-08	-3.01829e-08	-9.75896e-11	-6.08816e-13	2.23205e-11	
388	2.2169e-09	8.70001e-08	-3.04252e-08	-9.80894e-11	-6.15705e-13	2.24426e-11	
389	2.23179e-09	8.76696e-08	-3.06681e-08	-9.85941e-11	-6.22269e-13	2.25661e-11	
390	2.24859e-09	8.8341e-08	-3.09105e-08	-9.91041e-11	-6.27829e-13	2.26893e-11	
391	2.26748e-09	8.90146e-08	-3.11515e-08	-9.9619e-11	-6.31853e-13	2.28117e-11	
392	2.28821e-09	8.96916e-08	-3.13906e-08	-1.00137e-10	-6.34114e-13	2.29335e-11	
393	2.3101e-09	9.03732e-08	-3.16276e-08	-1.00657e-10	-6.34772e-13	2.30542e-11	
394	2.3322e-09	9.10586e-08	-3.18633e-08	-1.01176e-10	-6.34366e-13	2.31719e-11	
395	2.35357e-09	9.17477e-08	-3.20989e-08	-1.01696e-10	-6.337e-13	2.32851e-11	
396	2.37345e-09	9.24392e-08	-3.23362e-08	-1.02213e-10	-6.33657e-13	2.33935e-11	
397	2.39144e-09	9.31345e-08	-3.25767e-08	-1.02729e-10	-6.34986e-13	2.34997e-11	
398	2.40753e-09	9.38345e-08	-3.2822e-08	-1.03244e-10	-6.38138e-13	2.36074e-11	
399	2.42206e-09	9.45401e-08	-3.30725e-08	-1.03759e-10	-6.43156e-13	2.372e-11	
