0	0	0	0	0	0	0	
1	0	0	0	0	0	0	
2	0	1.44813e-19	0	-1.08745e-22	6.8441e-34	-1.06723e-23	
3	-3.50974e-30	5.85077e-18	2.1495e-28	-4.49375e-21	1.4181e-31	-4.41857e-22	
4	-7.79727e-28	1.18045e-16	2.98753e-26	-9.27776e-20	9.47884e-30	-9.14145e-21	
5	-5.40961e-26	1.58725e-15	1.6454e-24	-1.27709e-18	3.41311e-28	-1.26117e-19	
6	-1.98409e-24	1.60152e-14	5.22972e-23	-1.31963e-17	8.0847e-27	-1.30639e-18	
7	-4.72729e-23	1.29452e-13	1.12815e-21	-1.09272e-16	1.39981e-25	-1.08466e-17	
8	-8.15901e-22	8.73863e-13	1.8084e-20	-7.55873e-16	1.88996e-24	-7.52477e-17	
9	-1.0907e-20	5.0711e-12	2.28206e-19	-4.49584e-15	2.0783e-23	-4.48973e-16	
10	-1.18139e-19	2.5843e-11	2.35926e-18	-2.34874e-14	1.92035e-22	-2.35353e-15	
11	-1.07087e-18	1.17567e-10	2.05725e-17	-1.09552e-13	1.52627e-21	-1.10179e-14	
12	-8.32283e-18	4.83707e-10	1.54696e-16	-4.62173e-13	1.06254e-20	-4.66657e-14	
13	-5.65157e-17	1.81896e-09	1.02073e-15	-1.78222e-12	6.57383e-20	-1.80718e-13	
14	-3.40374e-16	6.30696e-09	5.99326e-15	-6.33706e-12	3.65752e-19	-6.45522e-13	
15	-1.84057e-15	2.03131e-08	3.16756e-14	-2.09303e-11	1.84804e-18	-2.14253e-12	
16	-9.02751e-15	6.11537e-08	1.52147e-13	-6.46169e-11	8.55037e-18	-6.64938e-12	
17	-4.05059e-14	1.73027e-07	6.69583e-13	-1.87475e-10	3.64814e-17	-1.94009e-11	
18	-1.67483e-13	4.62266e-07	2.71871e-12	-5.13574e-10	1.44415e-16	-5.34685e-11	
19	-6.4217e-13	1.17097e-06	1.02457e-11	-1.33385e-09	5.33223e-16	-1.39765e-10	
20	-2.29576e-12	2.82256e-06	3.60258e-11	-3.29628e-09	1.84491e-15	-3.47778e-10	
21	-7.68911e-12	6.49504e-06	1.18732e-10	-7.77576e-09	6.0061e-15	-8.26438e-10	
22	-2.42284e-11	1.43085e-05	3.68266e-10	-1.75589e-08	1.84647e-14	-1.88092e-09	
23	-7.20933e-11	3.02543e-05	1.07883e-09	-3.80532e-08	5.37816e-14	-4.11052e-09	
24	-2.0325e-10	6.1538e-05	2.99455e-09	-7.93252e-08	1.48846e-13	-8.64556e-09	
25	-5.44531e-10	0.000120657	7.89843e-09	-1.59384e-07	3.92454e-13	-1.75373e-08	
26	-1.39006e-09	0.00022846	1.9847e-08	-3.09236e-07	9.88149e-13	-3.43732e-08	
27	-3.38932e-09	0.000418441	4.76212e-08	-5.80324e-07	2.38108e-12	-6.5209e-08	
28	-7.91051e-09	0.000742462	1.09336e-07	-1.05496e-06	5.50165e-12	-1.19921e-07	
29	-1.77079e-08	0.00127796	2.40657e-07	-1.86027e-06	1.22112e-11	-2.14092e-07	
30	-3.80878e-08	0.00213643	5.08688e-07	-3.18585e-06	2.60784e-11	-3.71518e-07	
31	-7.88442e-08	0.00347275	1.03417e-06	-5.3048e-06	5.36679e-11	-6.27403e-07	
32	-1.57315e-07	0.00549419	2.02504e-06	-8.59699e-06	1.06576e-10	-1.03222e-06	
33	-3.02959e-07	0.00846784	3.82405e-06	-1.35724e-05	2.04491e-10	-1.6561e-06	
34	-5.63839e-07	0.0127243	6.97208e-06	-2.08909e-05	3.79551e-10	-2.59353e-06	
35	-1.01528e-06	0.0186557	1.22858e-05	-3.13747e-05	6.82225e-10	-3.96785e-06	
36	-1.77069e-06	0.0267047	2.09438e-05	-4.60061e-05	1.18876e-09	-5.93498e-06	
37	-2.99395e-06	0.0373445	3.45688e-05	-6.59068e-05	2.00994e-09	-8.68562e-06	
38	-4.91236e-06	0.0510454	5.52863e-05	-9.22919e-05	3.30061e-09	-1.24451e-05	
39	-7.82787e-06	0.0682311	8.57326e-05	-0.000126394	5.26863e-09	-1.74697e-05	
40	-1.21239e-05	0.0892247	0.000128981	-0.000169359	8.1818e-09	-2.40396e-05	
41	-1.82643e-05	0.114188	0.000188353	-0.000222113	1.23705e-08	-3.24466e-05	
42	-2.67807e-05	0.14306	0.000267099	-0.00028521	1.8224e-08	-4.29779e-05	
43	-3.82449e-05	0.175506	0.000367935	-0.000358675	2.61779e-08	-5.5896e-05	
44	-5.32253e-05	0.210872	0.000492468	-0.000441853	3.66923e-08	-7.1415e-05	
45	-7.22276e-05	0.248175	0.000640554	-0.000533297	5.02191e-08	-8.96766e-05	
46	-9.56227e-05	0.286112	0.000809691	-0.000630697	6.71619e-08	-0.000110727	
47	-0.000123571	0.323101	0.000994543	-0.000730887	8.78292e-08	-0.000134494	
48	-0.000155948	0.357363	0.00118673	-0.000829925	1.12387e-07	-0.000160778	
49	-0.00019229	0.387019	0.00137495	-0.000923265	1.40819e-07	-0.000189238	
50	-0.000231762	0.410208	0.00154557	-0.00100599	1.72887e-07	-0.000219399	
51	-0.000273165	0.425216	0.00168358	-0.00107312	2.08123e-07	-0.000250657	
52	-0.000314976	0.430583	0.0017739	-0.00111993	2.45821e-07	-0.000282304	
53	-0.000355432	0.425196	0.00180291	-0.00114226	2.85057e-07	-0.000313548	
54	-0.000392639	0.408349	0.00175987	-0.0011368	3.24726e-07	-0.000343546	
55	-0.000424705	0.379755	0.00163821	-0.00110125	3.63587e-07	-0.000371434	
56	-0.000449858	0.339529	0.00143631	-0.00103445	4.00319e-07	-0.000396358	
57	-0.000466566	0.288129	0.0011577	-0.000936371	4.33581e-07	-0.000417494	
58	-0.000473611	0.226284	0.000810661	-0.000807959	4.62064e-07	-0.000434076	
59	-0.00047013	0.154913	0.000407186	-0.000651004	4.84549e-07	-0.000445404	
60	-0.000455617	0.0750454	-3.84022e-05	-0.000467899	4.99939e-07	-0.000450852	
61	-0.000429879	-0.01222	-0.000511083	-0.000261429	5.07296e-07	-0.000449878	
62	-0.000392982	-0.105742	-0.000996666	-3.45989e-05	5.05853e-07	-0.000442023	
63	-0.000345178	-0.204325	-0.001483	0.000209468	4.95021e-07	-0.000426916	
64	-0.000286843	-0.306682	-0.00196061	0.000467551	4.74387e-07	-0.000404282	
65	-0.000218439	-0.41139	-0.00242277	0.000736272	4.43699e-07	-0.000373951	
66	-0.000140506	-0.516839	-0.00286482	0.00101198	4.02858e-07	-0.00033587	
67	-5.36852e-05	-0.621209	-0.00328316	0.00129064	3.51914e-07	-0.000290122	
68	4.12312e-05	-0.722465	-0.00367383	0.00156768	2.91062e-07	-0.000236937	
69	0.000143236	-0.818396	-0.00403132	0.001838	2.20667e-07	-0.00017671	
70	0.000251047	-0.906691	-0.00434767	0.00209598	1.41278e-07	-0.000110003	
71	0.000363066	-0.985027	-0.00461227	0.00233562	5.36637e-08	-3.75511e-05	
72	0.000477373	-1.05119	-0.00481242	0.00255078	-4.11655e-08	3.97498e-05	
73	0.000591769	-1.10317	-0.00493459	0.00273546	-1.4195e-07	0.000120856	
74	0.000703849	-1.13926	-0.00496613	0.00288406	-2.4719e-07	0.000204598	
75	0.000811115	-1.15809	-0.00489713	0.0029917	-3.55185e-07	0.000289707	
76	0.000911095	-1.15867	-0.00472186	0.00305438	-4.64086e-07	0.000374841	
77	0.00100146	-1.14037	-0.00443961	0.0030691	-5.71955e-07	0.00045861	
78	0.00108009	-1.10288	-0.00405457	0.00303388	-6.76831e-07	0.000539604	
79	0.00114515	-1.04616	-0.00357492	0.00294768	-7.76772e-07	0.000616409	
80	0.00119507	-0.970429	-0.00301125	0.00281031	-8.69883e-07	0.000687629	
81	0.0012285	-0.87613	-0.00237493	0.0026223	-9.54328e-07	0.0007519	
82	0.00124431	-0.763939	-0.00167666	0.00238479	-1.02833e-06	0.000807907	
83	0.00124151	-0.634788	-0.000925745	0.00209954	-1.0902e-06	0.000854406	
84	0.00121928	-0.489914	-0.000130163	0.00176893	-1.13831e-06	0.000890244	
85	0.00117697	-0.330895	0.000702666	0.00139601	-1.17118e-06	0.000914384	
86	0.00111417	-0.15968	0.00156468	0.000984674	-1.18754e-06	0.000925932	
87	0.00103077	0.021405	0.00244595	0.000539724	-1.18633e-06	0.000924166	
88	0.00092708	0.209683	0.00333388	6.69314e-05	-1.16678e-06	0.00090856	
89	0.000803842	0.402189	0.00421299	-0.000426975	-1.12847e-06	0.000878806	
90	0.000662292	0.595752	0.00506536	-0.000934411	-1.07128e-06	0.000834829	
91	0.000504133	0.787089	0.00587172	-0.00144712	-9.95411e-07	0.000776797	
92	0.000331484	0.97291	0.00661269	-0.00195643	-9.01372e-07	0.000705119	
93	0.000146805	1.14999	0.0072701	-0.00245351	-7.89948e-07	0.000620439	
94	-4.71905e-05	1.31526	0.00782801	-0.00292964	-6.62214e-07	0.00052363	
95	-0.000247615	1.46578	0.00827336	-0.0033764	-5.19539e-07	0.00041578	
96	-0.000451476	1.59884	0.00859617	-0.00378587	-3.63598e-07	0.000298173	
97	-0.00065571	1.71191	0.00878945	-0.00415066	-1.96379e-07	0.000172283	
98	-0.000857213	1.80266	0.00884877	-0.00446396	-2.01628e-08	3.97511e-05	
99	-0.00105285	1.86896	0.00877173	-0.00471954	1.62521e-07	-9.76236e-05	
100	-0.00123944	1.90896	0.00855742	-0.00491178	3.48951e-07	-0.000237907	
101	-0.00141381	1.92109	0.00820596	-0.00503566	5.36289e-07	-0.00037905	
102	-0.0015728	1.90415	0.00771817	-0.00508693	7.21636e-07	-0.000518916	
103	-0.00171332	1.8574	0.00709569	-0.00506219	9.02084e-07	-0.000655315	
104	-0.0018324	1.78059	0.00634134	-0.00495909	1.07474e-06	-0.000786036	
105	-0.00192732	1.674	0.00545985	-0.00477655	1.23674e-06	-0.000908894	
106	-0.00199569	1.53852	0.00445877	-0.00451486	1.38527e-06	-0.00102177	
107	-0.00203552	1.37553	0.00334925	-0.0041758	1.51759e-06	-0.00112263	
108	-0.0020453	1.18698	0.00214646	-0.00376266	1.63109e-06	-0.00120962	
109	-0.00202405	0.975215	0.000869439	-0.00328014	1.72336e-06	-0.00128102	
110	-0.00197135	0.743007	-0.000459751	-0.00273427	1.79228e-06	-0.00133534	
111	-0.00188726	0.493439	-0.00181736	-0.00213217	1.83607e-06	-0.0013713	
112	-0.00177235	0.229881	-0.0031795	-0.00148192	1.85335e-06	-0.00138789	
113	-0.00162764	-0.0440508	-0.00452348	-0.000792373	1.84317e-06	-0.00138434	
114	-0.00145453	-0.324515	-0.0058286	-7.30294e-05	1.80502e-06	-0.00136017	
115	-0.00125484	-0.607464	-0.00707621	0.000666053	1.73879e-06	-0.00131522	
116	-0.0010308	-0.888673	-0.00824912	0.00141432	1.64477e-06	-0.00124962	
117	-0.000785051	-1.16378	-0.00933066	0.00216076	1.52366e-06	-0.00116381	
118	-0.000520682	-1.42834	-0.0103038	0.00289401	1.37656e-06	-0.00105858	
119	-0.000241223	-1.67795	-0.0111507	0.00360246	1.20497e-06	-0.000935023	
120	4.93808e-05	-1.90827	-0.0118529	0.00427445	1.01083e-06	-0.000794573	
121	0.000346833	-2.11521	-0.0123926	0.00489846	7.96501e-07	-0.000638948	
122	0.000646578	-2.29496	-0.0127533	0.00546344	5.64751e-07	-0.000470149	
123	0.000943914	-2.44415	-0.0129221	0.00595901	3.18715e-07	-0.000290426	
124	0.00123411	-2.55983	-0.0128902	0.00637581	6.18443e-08	-0.000102244	
125	0.00151251	-2.63956	-0.0126538	0.00670564	-2.02162e-07	9.17529e-05	
126	0.00177461	-2.68144	-0.0122137	0.00694163	-4.69421e-07	0.000288783	
127	0.00201612	-2.6841	-0.0115753	0.00707836	-7.35929e-07	0.000485962	
128	0.00223302	-2.64669	-0.0107472	0.00711185	-9.97626e-07	0.000680345	
129	0.00242156	-2.56894	-0.00974035	0.0070396	-1.25045e-06	0.00086897	
130	0.00257829	-2.45113	-0.00856733	0.0068606	-1.4904e-06	0.00104889	
131	0.00270012	-2.29416	-0.0072421	0.00657532	-1.71357e-06	0.00121724	
132	0.00278437	-2.09953	-0.00577986	0.00618576	-1.91625e-06	0.00137124	
133	0.00282883	-1.86943	-0.00419748	0.00569553	-2.09493e-06	0.0015083	
134	0.00283181	-1.6067	-0.00251403	0.00510989	-2.24638e-06	0.00162602	
135	0.00279228	-1.31483	-0.000751284	0.00443585	-2.36772e-06	0.00172227	
136	0.00270987	-0.997956	0.00106593	0.00368214	-2.45645e-06	0.00179521	
137	0.00258496	-0.660766	0.00290976	0.00285919	-2.51052e-06	0.00184335	
138	0.00241865	-0.308434	0.00474978	0.001979	-2.5284e-06	0.00186559	
139	0.00221281	0.0534796	0.0065539	0.00105496	-2.50911e-06	0.00186123	
140	0.00196999	0.419138	0.00828953	0.00010159	-2.45227e-06	0.00183001	
141	0.00169341	0.782536	0.00992484	-0.000865756	-2.35814e-06	0.00177209	
142	0.00138688	1.13761	0.0114298	-0.00183119	-2.22759e-06	0.00168809	
143	0.00105477	1.47836	0.0127769	-0.00277862	-2.06214e-06	0.00157909	
144	0.000701935	1.79895	0.0139415	-0.00369205	-1.86392e-06	0.00144655	
145	0.000333709	2.09385	0.0149013	-0.00455591	-1.63564e-06	0.00129238	
146	-4.41728e-05	2.35793	0.0156368	-0.00535535	-1.38056e-06	0.00111884	
147	-0.000425626	2.58665	0.0161306	-0.00607659	-1.10246e-06	0.000928542	
148	-0.000804314	2.77611	0.016368	-0.00670717	-8.05592e-07	0.000724373	
149	-0.00117378	2.92323	0.0163381	-0.00723635	-4.94594e-07	0.000509448	
150	-0.00152764	3.02576	0.0160346	-0.00765532	-1.74415e-07	0.000287044	
151	-0.00185975	3.08239	0.015458	-0.0079575	1.49799e-07	6.05372e-05	
152	-0.00216441	3.09267	0.0146159	-0.00813863	4.72826e-07	-0.000166667	
153	-0.00243657	3.05702	0.0135244	-0.00819683	7.895e-07	-0.000391194	
154	-0.00267194	2.97657	0.0122071	-0.00813253	1.09483e-06	-0.000609754	
155	-0.00286709	2.85309	0.0106942	-0.00794824	1.38411e-06	-0.000819187	
156	-0.00301944	2.68887	0.00902021	-0.00764832	1.65299e-06	-0.0010165	
157	-0.00312722	2.48654	0.00722125	-0.00723858	1.89754e-06	-0.0011989	
158	-0.00318941	2.24911	0.00533299	-0.00672602	2.11426e-06	-0.00136381	
159	-0.00320562	1.97982	0.0033884	-0.00611855	2.30012e-06	-0.0015089	
160	-0.003176	1.68224	0.00141666	-0.00542482	2.45256e-06	-0.00163209	
161	-0.00310116	1.36021	-0.000557085	-0.00465416	2.56949e-06	-0.00173159	
162	-0.00298217	1.01799	-0.00251111	-0.00381664	2.6493e-06	-0.00180593	
163	-0.00282053	0.660186	-0.00442582	-0.00292315	2.69086e-06	-0.00185396	
164	-0.00261825	0.291828	-0.00628215	-0.00198551	2.69356e-06	-0.00187493	
165	-0.00237786	-0.0817077	-0.00806014	-0.00101657	2.65727e-06	-0.00186845	
166	-0.00210249	-0.454776	-0.0097378	-3.01429e-05	2.58241e-06	-0.00183458	
167	-0.00179589	-0.821601	-0.0112909	0.000959138	2.46994e-06	-0.00177376	
168	-0.00146243	-1.17644	-0.0126935	0.00193612	2.32135e-06	-0.0016869	
169	-0.00110703	-1.51373	-0.0139189	0.00288551	2.13874e-06	-0.00157529	
170	-0.000735064	-1.82831	-0.0149421	0.00379235	1.92469e-06	-0.00144059	
171	-0.000352241	-2.11544	-0.0157412	0.00464246	1.68236e-06	-0.00128484	
172	3.55519e-05	-2.371	-0.0162992	0.00542284	1.41534e-06	-0.00111036	
173	0.000422401	-2.59143	-0.0166059	0.00612193	1.12762e-06	-0.000919727	
174	0.000802505	-2.77379	-0.0166576	0.00672986	8.23534e-07	-0.000715747	
175	0.00117028	-2.91571	-0.016457	0.00723838	5.07609e-07	-0.000501393	
176	0.00152045	-3.01537	-0.0160124	0.00764092	1.8452e-07	-0.000279774	
177	0.00184808	-3.07143	-0.0153361	0.00793238	-1.41003e-07	-5.40928e-05	
178	0.00214861	-3.0831	-0.0144427	0.00810911	-4.64238e-07	0.000172388	
179	0.00241786	-3.05009	-0.0133479	0.00816879	-7.80524e-07	0.000396386	
180	0.00265208	-2.9727	-0.0120679	0.00811046	-1.0853e-06	0.000614642	
181	0.00284788	-2.85182	-0.0106193	0.00793453	-1.37415e-06	0.000823963	
182	0.00300237	-2.68901	-0.00901918	0.00764296	-1.64285e-06	0.00102127	
183	0.00311315	-2.4865	-0.00728633	0.00723934	-1.88744e-06	0.00120366	
184	0.00317843	-2.24721	-0.00544195	0.00672902	-2.10426e-06	0.00136842	
185	0.00319705	-1.9747	-0.00351042	0.00611916	-2.29006e-06	0.00151312	
186	0.0031686	-1.67309	-0.00151944	0.00541866	-2.44207e-06	0.00163563	
187	0.00309341	-1.34697	0.000500305	0.00463801	-2.55804e-06	0.00173416	
188	0.00297262	-1.00129	0.00251624	0.00378909	-2.63629e-06	0.00180727	
189	0.00280809	-0.641233	0.00449521	0.00288485	-2.67573e-06	0.00185391	
190	0.00260239	-0.272126	0.00640501	0.001939	-2.67582e-06	0.00187343	
191	0.00235869	0.100659	0.00821565	0.000965668	-2.6366e-06	0.00186556	
192	0.00208068	0.471766	0.00990016	-2.08199e-05	-2.55865e-06	0.00183043	
193	0.00177248	0.835906	0.0114349	-0.00100619	-2.44309e-06	0.00176856	
194	0.0014386	1.1879	0.0127995	-0.00197637	-2.29156e-06	0.00168086	
195	0.00108384	1.52273	0.0139764	-0.00291758	-2.10624e-06	0.00156858	
196	0.000713273	1.83554	0.0149505	-0.00381648	-1.88983e-06	0.00143335	
197	0.0003322	2.12177	0.0157088	-0.00466021	-1.64555e-06	0.00127713	
198	-5.39046e-05	2.37716	0.0162409	-0.00543655	-1.37701e-06	0.0011022	
199	-0.000439448	2.59787	0.0165388	-0.00613406	-1.08823e-06	0.000911092	
200	-0.000818796	2.78055	0.0165972	-0.00674229	-7.83476e-07	0.000706617	
201	-0.00118635	2.92241	0.0164143	-0.00725202	-4.67219e-07	0.000491773	
202	-0.00153667	3.02132	0.0159913	-0.00765543	-1.44049e-07	0.000269718	
203	-0.00186452	3.07584	0.0153332	-0.00794637	1.81374e-07	4.37146e-05	
204	-0.00216502	3.08519	0.0144482	-0.00812044	5.04355e-07	-0.000182919	
205	-0.0024337	3.04935	0.0133484	-0.00817514	8.20197e-07	-0.000406861	
206	-0.0026666	2.96894	0.0120495	-0.00810985	1.12425e-06	-0.000624839	
207	-0.00286033	2.84522	0.010571	-0.00792582	1.41198e-06	-0.000833674	
208	-0.00301211	2.68008	0.00893575	-0.00762603	1.67906e-06	-0.00103033	
209	-0.00311981	2.47594	0.0071697	-0.00721511	1.92146e-06	-0.00121193	
210	-0.00318196	2.23574	0.00530089	-0.00669919	2.13557e-06	-0.00137585	
211	-0.00319773	1.96293	0.00335837	-0.00608582	2.31824e-06	-0.00151969	
212	-0.00316695	1.66141	0.00137116	-0.00538381	2.46684e-06	-0.00164134	
213	-0.00309004	1.33549	-0.000632451	-0.00460319	2.57928e-06	-0.00173902	
214	-0.00296806	0.989892	-0.00262525	-0.00375513	2.65396e-06	-0.00181129	
215	-0.0028027	0.629648	-0.00458088	-0.0028518	2.68984e-06	-0.00185708	
216	-0.00259625	0.260056	-0.0064733	-0.0019063	2.68634e-06	-0.00187571	
217	-0.00235164	-0.113417	-0.00827641	-0.000932445	2.64345e-06	-0.00186691	
218	-0.0020724	-0.485227	-0.00996379	5.54072e-05	2.56168e-06	-0.00183079	
219	-0.00176263	-0.849858	-0.0115091	0.00104261	2.44214e-06	-0.0017679	
220	-0.00142695	-1.20192	-0.0128871	0.0020145	2.28654e-06	-0.00167917	
221	-0.0010704	-1.53626	-0.0140747	0.00295667	2.09714e-06	-0.00156589	
222	-0.00069828	-1.848	-0.0150522	0.00385521	1.87678e-06	-0.00142975	
223	-0.000316132	-2.13264	-0.0158043	0.00469698	1.62875e-06	-0.00127274	
224	7.04388e-05	-2.38609	-0.0163208	0.00546976	1.35676e-06	-0.00109715	
225	0.000455817	-2.60472	-0.0165959	0.00616241	1.06484e-06	-0.000905543	
226	0.000834455	-2.78538	-0.016628	0.00676502	7.57278e-07	-0.000700716	
227	0.00120092	-2.92545	-0.0164189	0.00726896	4.38571e-07	-0.000485651	
228	0.00154996	-3.02286	-0.0159733	0.00766697	1.13359e-07	-0.000263487	
229	0.00187652	-3.07612	-0.015298	0.00795326	-2.13624e-07	-3.74662e-05	
230	0.00217583	-3.0844	-0.0144023	0.00812355	-5.37604e-07	0.000189105	
231	0.00244349	-3.0475	-0.0132974	0.00817519	-8.53834e-07	0.000412909	
232	0.00267547	-2.96592	-0.0119976	0.00810725	-1.15766e-06	0.000630663	
233	0.0028683	-2.84083	-0.0105198	0.00792054	-1.44459e-06	0.000839174	
234	0.00301905	-2.67409	-0.00888432	0.00761768	-1.71037e-06	0.00103538	
235	0.00312547	-2.46818	-0.00711447	0.00720309	-1.95104e-06	0.00121642	
236	0.00318599	-2.22617	-0.00523672	0.0066829	-2.16303e-06	0.00137963	
237	0.00319976	-1.95168	-0.00328003	0.00606486	-2.34319e-06	0.00152264	
238	0.00316668	-1.64876	-0.00127509	0.0053582	-2.48885e-06	0.00164336	
239	0.00308731	-1.32186	0.000746636	0.00457341	-2.59789e-06	0.00174004	
240	0.00296291	-0.975721	0.00275395	0.00372208	-2.66872e-06	0.00181127	
241	0.00279536	-0.615369	0.0047169	0.00281667	-2.70034e-06	0.00185601	
242	0.0025871	-0.246006	0.00660741	0.00187033	-2.69233e-06	0.00187361	
243	0.00234112	0.127025	0.00839955	0.000896781	-2.6448e-06	0.0018638	
244	0.00206094	0.49831	0.0100695	-8.99309e-05	-2.55845e-06	0.00182672	
245	0.00175053	0.862426	0.0115949	-0.00107552	-2.4345e-06	0.00176291	
246	0.00141436	1.21402	0.0129551	-0.00204567	-2.2747e-06	0.00167329	
247	0.00105729	1.54791	0.0141302	-0.00298621	-2.08134e-06	0.00155916	
248	0.000684572	1.85915	0.0151018	-0.00388328	-1.85722e-06	0.0014222	
249	0.000301722	2.14312	0.0158536	-0.00472364	-1.6056e-06	0.00126442	
250	-8.5557e-05	2.39564	0.016372	-0.00549483	-1.33022e-06	0.00108813	
251	-0.000471499	2.61302	0.0166475	-0.00618543	-1.03515e-06	0.000895914	
252	-0.000850385	2.7921	0.016675	-0.00678526	-7.24779e-07	0.000690596	
253	-0.00121665	2.93031	0.0164545	-0.00728554	-4.03692e-07	0.000475177	
254	-0.00156498	3.0257	0.0159906	-0.00767906	-7.66199e-08	0.000252806	
255	-0.00189035	3.07692	0.0152922	-0.00796018	2.51646e-07	2.67287e-05	
256	-0.00218809	3.08325	0.0143718	-0.00812496	5.76313e-07	-0.000199756	
257	-0.00245396	3.0446	0.0132442	-0.00817113	8.92646e-07	-0.000423344	
258	-0.0026841	2.96149	0.0119264	-0.00809808	1.19602e-06	-0.00064077	
259	-0.00287517	2.83511	0.0104371	-0.00790687	1.48199e-06	-0.000848858	
260	-0.0030243	2.66722	0.00879653	-0.00760019	1.74633e-06	-0.00104456	
261	-0.00312925	2.46025	0.00702678	-0.0071824	1.98514e-06	-0.00122501	
262	-0.00318838	2.21719	0.00515193	-0.00665945	2.19489e-06	-0.00138756	
263	-0.00320075	1.94161	0.0031982	-0.00603886	2.37244e-06	-0.00152983	
264	-0.00316613	1.63758	0.00119389	-0.00532965	2.51519e-06	-0.00164973	
265	-0.00308503	1.30958	-0.000830979	-0.00454222	2.62101e-06	-0.0017455	
266	-0.00295869	0.962478	-0.00284526	-0.00368819	2.68836e-06	-0.00181576	
267	-0.00278904	0.601388	-0.00481757	-0.00278018	2.71626e-06	-0.00185947	
268	-0.00257865	0.231608	-0.00671726	-0.00183163	2.7043e-06	-0.00187601	
269	-0.00233068	-0.141467	-0.00851537	-0.000856521	2.65269e-06	-0.00186514	
270	-0.00204878	-0.512422	-0.0101854	0.000130849	2.56219e-06	-0.00182703	
271	-0.00173705	-0.875883	-0.0117038	0.00111608	2.43412e-06	-0.00176223	
272	-0.0014	-1.22659	-0.01305	0.00208488	2.27036e-06	-0.00167168	
273	-0.00104246	-1.55945	-0.0142064	0.00302322	2.07327e-06	-0.00155671	
274	-0.000669573	-1.8696	-0.0151577	0.00391751	1.84572e-06	-0.00141899	
275	-0.000286724	-2.1525	-0.0158909	0.00475479	1.59101e-06	-0.00126052	
276	0.000100502	-2.40396	-0.0163952	0.00552282	1.31286e-06	-0.00108362	
277	0.000486408	-2.62024	-0.0166618	0.00621032	1.01535e-06	-0.000890874	
278	0.000865274	-2.79814	-0.0166849	0.00680712	7.02836e-07	-0.000685113	
279	0.00123147	-2.93503	-0.0164622	0.00730435	3.79937e-07	-0.00046935	
280	0.00157955	-3.02891	-0.0159954	0.00769459	5.14081e-08	-0.000246746	
281	0.00190437	-3.07841	-0.015291	0.00797208	-2.77917e-07	-2.05619e-05	
282	0.0022012	-3.08287	-0.0143597	0.00813274	-6.03209e-07	0.000205892	
283	0.00246574	-3.04227	-0.0132169	0.0081743	-9.19714e-07	0.000429307	
284	0.00269419	-2.95726	-0.0118811	0.00809626	-1.22282e-06	0.00064642	
285	0.00288331	-2.82909	-0.0103736	0.00789992	-1.50812e-06	0.000854063	
286	0.00303041	-2.65963	-0.00871756	0.00758827	-1.77145e-06	0.00104921	
287	0.00313335	-2.45135	-0.00693729	0.00716592	-2.00897e-06	0.001229	
288	0.00319062	-2.20722	-0.00505793	0.00663904	-2.21718e-06	0.00139082	
289	0.00320132	-1.93078	-0.00310539	0.00601525	-2.39303e-06	0.00153229	
290	0.00316522	-1.62602	-0.00110641	0.00530355	-2.53391e-06	0.00165134	
291	0.00308275	-1.2974	0.000911309	0.00451419	-2.63772e-06	0.00174622	
292	0.00295506	-0.949713	0.00291909	0.00365863	-2.70292e-06	0.00181553	
293	0.00278401	-0.588095	0.00488747	0.00274932	-2.72853e-06	0.00185827	
294	0.00257211	-0.217877	0.00678668	0.0017996	-2.71419e-06	0.00187381	
295	0.00232255	0.155476	0.00858735	0.000823457	-2.66009e-06	0.00186191	
296	0.00203904	0.526474	0.0102614	-0.000164706	-2.56703e-06	0.00182277	
297	0.0017258	0.889681	0.0117829	-0.0011503	-2.43637e-06	0.00175696	
298	0.00138747	1.23981	0.0131289	-0.00211883	-2.27004e-06	0.00166545	
299	0.001029	1.57176	0.01428	-0.00305611	-2.07046e-06	0.00154958	
300	0.000655595	1.88075	0.0152206	-0.00394848	-1.84054e-06	0.00141104	
301	0.000272632	2.1623	0.0159385	-0.00478299	-1.58365e-06	0.00125186	
302	-0.000114367	2.41231	0.0164249	-0.00554758	-1.30353e-06	0.00107435	
303	-0.000499811	2.62712	0.016674	-0.00623119	-1.00427e-06	0.000881119	
304	-0.000878096	2.80358	0.0166822	-0.00682388	-6.90259e-07	0.000674972	
305	-0.00124368	2.93905	0.0164489	-0.00731701	-3.66101e-07	0.000458929	
306	-0.00159116	3.03152	0.0159759	-0.00770328	-3.6564e-08	0.000236151	
307	-0.00191537	3.07958	0.0152684	-0.00797693	2.93499e-07	9.90136e-06	
308	-0.00221149	3.08252	0.0143351	-0.00813383	6.19222e-07	-0.000216504	
309	-0.00247514	3.0403	0.0131888	-0.00817158	9.35808e-07	-0.000439747	
310	-0.00270243	2.95357	0.0118462	-0.00808957	1.2386e-06	-0.000656559	
311	-0.00289008	2.82363	0.0103279	-0.00788902	1.52315e-06	-0.000863769	
312	-0.00303539	2.65245	0.00865788	-0.00757294	1.78528e-06	-0.00105835	
313	-0.00313633	2.44254	0.00686206	-0.00714608	2.02116e-06	-0.00123746	
314	-0.00319149	2.197	0.00496804	-0.00661481	2.22733e-06	-0.00139848	
315	-0.00320011	1.91939	0.003004	-0.00598699	2.40073e-06	-0.00153906	
316	-0.00316205	1.61375	0.000998249	-0.00527182	2.5388e-06	-0.00165716	
317	-0.00307784	1.28449	-0.00102113	-0.00447974	2.63946e-06	-0.00175104	
318	-0.00294863	0.936399	-0.00302628	-0.00362223	2.70119e-06	-0.00181932	
319	-0.00277624	0.574527	-0.00498952	-0.00271171	2.72301e-06	-0.001861	
320	-0.00256312	0.204167	-0.0068833	-0.00176137	2.70453e-06	-0.00187546	
321	-0.00231236	-0.169244	-0.00868032	-0.000785041	2.64594e-06	-0.00186249	
322	-0.00202764	-0.540206	-0.0103538	0.000203017	2.54804e-06	-0.00182228	
323	-0.00171315	-0.903252	-0.0118781	0.0011883	2.41217e-06	-0.0017554	
324	-0.00137358	-1.25303	-0.0132296	0.00215628	2.24023e-06	-0.00166286	
325	-0.00101396	-1.58441	-0.0143869	0.00309269	2.03465e-06	-0.001546	
326	-0.000639593	-1.89256	-0.0153326	0.00398373	1.79833e-06	-0.00140655	
327	-0.000255971	-2.17298	-0.0160527	0.00481631	1.53462e-06	-0.00124654	
328	0.000131328	-2.42162	-0.0165377	0.00557826	1.24724e-06	-0.00106831	
329	0.000516701	-2.63489	-0.016782	0.00625852	9.40259e-07	-0.000874485	
330	0.000894593	-2.80969	-0.0167836	0.00684723	6.18038e-07	-0.000667882	
331	0.00125955	-2.94349	-0.0165437	0.00733593	2.85149e-07	-0.000451521	
332	0.00160629	-3.03431	-0.0160664	0.00771754	-5.36672e-08	-0.000228566	
333	0.00192973	-3.0808	-0.0153584	0.00798652	-3.93573e-07	-2.27638e-06	
334	0.00222513	-3.08223	-0.0144287	0.00813891	-7.29697e-07	0.000224035	
335	0.00248808	-3.03853	-0.0132891	0.00817239	-1.0572e-06	0.000447051	
336	0.00271469	-2.95033	-0.0119545	0.00808636	-1.37134e-06	0.000663502	
337	0.00290157	-2.8189	-0.0104428	0.00788195	-1.66756e-06	0.000870215	
338	0.00304597	-2.64618	-0.00877557	0.00756209	-1.94152e-06	0.00106416	
339	0.0031458	-2.43474	-0.00697714	0.00713143	-2.18919e-06	0.00124249	
340	0.00319963	-2.18771	-0.00507452	0.00659632	-2.40686e-06	0.0014026	
341	0.00320675	-1.90873	-0.00309644	0.00596468	-2.59124e-06	0.00154216	
342	0.00316711	-1.6019	-0.00107251	0.00524586	-2.73947e-06	0.00165911	
343	0.00308135	-1.27171	0.000967644	0.00445048	-2.84916e-06	0.00175177	
344	0.00295071	-0.922953	0.00299498	0.00359021	-2.91841e-06	0.00181877	
345	0.00277707	-0.560698	0.00498144	0.00267764	-2.94588e-06	0.00185913	
346	0.0025629	-0.190199	0.00690005	0.00172603	-2.93075e-06	0.00187226	
347	0.00231123	0.183156	0.00872492	0.000749218	-2.8728e-06	0.00185797	
348	0.00202569	0.553919	0.0104311	-0.000238643	-2.77237e-06	0.00181646	
349	0.00171038	0.916656	0.0119948	-0.00122319	-2.63042e-06	0.00174834	
350	0.00136989	1.26603	0.0133931	-0.00219005	-2.44845e-06	0.00165459	
351	0.00100923	1.5969	0.0146049	-0.00312507	-2.22854e-06	0.00153661	
352	0.000633707	1.90438	0.0156113	-0.00401449	-1.97333e-06	0.00139611	
353	0.000248859	2.18395	0.0163961	-0.00484519	-1.68596e-06	0.00123516	
354	-0.000139654	2.43152	0.0169466	-0.00560491	-1.37005e-06	0.00105612	
355	-0.000526148	2.64348	0.0172541	-0.00628247	-1.02968e-06	0.00086162	
356	-0.000905006	2.81677	0.017314	-0.00686794	-6.6929e-07	0.000654511	
357	-0.00127075	2.94888	0.0171259	-0.00735279	-2.93709e-07	0.00043782	
358	-0.00161812	3.03792	0.016693	-0.00773003	9.19678e-08	0.000214718	
359	-0.00194212	3.08261	0.0160217	-0.00799424	4.82411e-07	-1.15345e-05	
360	-0.00223805	3.08228	0.0151215	-0.00814165	8.72127e-07	-0.000237632	
361	-0.00250161	3.03691	0.0140039	-0.00817016	1.25553e-06	-0.000460266	
362	-0.00272892	2.94713	0.0126832	-0.00807933	1.62703e-06	-0.000676181	
363	-0.0029166	2.81422	0.0111759	-0.00787042	1.98108e-06	-0.000882214	
364	-0.00306183	2.64008	0.00950112	-0.00754641	2.3123e-06	-0.00107535	
365	-0.00316242	2.42726	0.00768085	-0.0071119	2.61554e-06	-0.00125274	
366	-0.00321685	2.17888	0.00574001	-0.00657318	2.88596e-06	-0.00141181	
367	-0.00322433	1.89859	0.00370623	-0.00593809	3.11916e-06	-0.00155022	
368	-0.00318475	1.59053	0.00160932	-0.00521593	3.31116e-06	-0.00166593	
369	-0.00309874	1.25925	-0.000519391	-0.00441735	3.45858e-06	-0.00175727	
370	-0.00296759	0.909597	-0.00264796	-0.00355413	3.55862e-06	-0.0018229	
371	-0.00279325	0.546703	-0.0047447	-0.002639	3.60916e-06	-0.00186187	
372	-0.00257827	0.175853	-0.00677895	-0.00168541	3.6088e-06	-0.00187361	
373	-0.00232574	-0.19756	-0.00872151	-0.000707312	3.55684e-06	-0.00185795	
374	-0.00203928	-0.568112	-0.010545	0.000281015	3.45339e-06	-0.00181511	
375	-0.00172299	-0.930416	-0.0122239	0.0012652	3.29929e-06	-0.00174573	
376	-0.00138141	-1.27919	-0.0137345	0.00223096	3.09617e-06	-0.0016508	
377	-0.00101947	-1.60932	-0.0150549	0.00316425	2.8464e-06	-0.00153173	
378	-0.000642443	-1.91597	-0.0161655	0.00405146	2.55303e-06	-0.00139024	
379	-0.000255844	-2.1946	-0.0170489	0.00487961	2.21982e-06	-0.00122841	
380	0.000134641	-2.44112	-0.0176906	0.00563653	1.85108e-06	-0.00104861	
381	0.000523258	-2.65189	-0.0180798	0.00631105	1.4517e-06	-0.000853476	
382	0.00090429	-2.82381	-0.0182094	0.00689321	1.02699e-06	-0.000645869	
383	0.00127216	-2.95438	-0.0180771	0.00737439	5.82662e-07	-0.000428833	
384	0.0016215	-3.04173	-0.0176851	0.00774755	1.24709e-07	-0.000205547	
385	0.00194728	-3.08459	-0.0170397	0.00800724	-3.40658e-07	2.07215e-05	
386	0.00224479	-3.08238	-0.0161516	0.00814973	-8.07108e-07	0.000246663	
387	0.00250977	-3.03515	-0.0150346	0.00817304	-1.26826e-06	0.000468975	
388	0.0027384	-2.94358	-0.0137052	0.00807691	-1.71777e-06	0.000684408	
389	0.00292736	-2.80901	-0.0121821	0.00786282	-2.14941e-06	0.000889812	
390	0.00307388	-2.63336	-0.010486	0.0075339	-2.55712e-06	0.00108218	
391	0.00317577	-2.41917	-0.00863926	0.00709492	-2.93512e-06	0.00125871	
392	0.00323149	-2.16955	-0.006666	0.00655222	-3.27793e-06	0.00141679	
393	0.00324016	-1.88812	-0.00459226	0.00591363	-3.58048e-06	0.00155413	
394	0.00320162	-1.57901	-0.00244592	0.00518842	-3.83813e-06	0.0016687	
395	0.00311642	-1.24675	-0.000256569	0.00438714	-4.04678e-06	0.00175882	
396	0.00298582	-0.896252	0.001945	0.00352153	-4.20288e-06	0.00182318	
397	0.00281177	-0.53266	0.00412735	0.0026043	-4.30351e-06	0.00186084	
398	0.00259684	-0.161319	0.00625924	0.00164896	-4.34642e-06	0.00187125	
399	0.0023442	0.212333	0.00831031	0.000669591	-4.33005e-06	0.00185427	
400	0.00205753	0.582842	0.0102518	-0.000319421	-4.25364e-06	0.00181014	
401	0.00174097	0.944815	0.0120568	-0.00130358	-4.11718e-06	0.00173951	
402	0.00139907	1.29299	0.0137007	-0.0022685	-3.9215e-06	0.00164343	
403	0.00103673	1.6223	0.0151609	-0.00320015	-3.66828e-06	0.00152328	
404	0.000659157	1.92796	0.0164171	-0.00408498	-3.36003e-06	0.00138082	
405	0.000271787	2.20548	0.0174511	-0.00491014	-3.00011e-06	0.00121813	
406	-0.000119764	2.45079	0.0182467	-0.00566361	-2.59273e-06	0.0010376	
407	-0.000509785	2.66028	0.0187904	-0.00633437	-2.14285e-06	0.000841847	
408	-0.00089256	2.83084	0.0190715	-0.00691257	-1.65619e-06	0.000633752	
409	-0.00126246	2.95996	0.0190832	-0.00738967	-1.13912e-06	0.000416359	
410	-0.00161407	3.04573	0.0188223	-0.0077586	-5.98568e-07	0.000192851	
411	-0.00194221	3.0869	0.0182905	-0.00801389	-4.1955e-08	-3.34981e-05	
412	-0.00224213	3.08288	0.017494	-0.00815176	5.22945e-07	-0.000259374	
413	-0.00250948	3.03378	0.0164434	-0.00817021	1.08811e-06	-0.000481474	
414	-0.0027404	2.94032	0.0151537	-0.00806903	1.64541e-06	-0.000696551	
415	-0.00293159	2.80391	0.0136435	-0.00784979	2.1867e-06	-0.000901463	
416	-0.00308028	2.62654	0.0119342	-0.00751579	2.70398e-06	-0.00109322	
417	-0.00318432	2.41078	0.0100498	-0.00707197	3.1895e-06	-0.00126901	
418	-0.00324216	2.15978	0.00801624	-0.00652485	3.63591e-06	-0.00142628	
419	-0.0032529	1.87717	0.00586118	-0.0058824	4.03633e-06	-0.00156271	
420	-0.00321633	1.56705	0.00361392	-0.00515396	4.38447e-06	-0.00167632	
421	-0.00313289	1.23394	0.00130529	-0.00435009	4.67475e-06	-0.00176543	
422	-0.00300377	0.882722	-0.00103243	-0.00348247	4.90237e-06	-0.00182874	
423	-0.00283081	0.518545	-0.00336586	-0.00256373	5.06339e-06	-0.00186532	
424	-0.00261656	0.146763	-0.00566096	-0.00160732	5.15477e-06	-0.00187463	
425	-0.00236415	-0.227153	-0.00788373	-0.000627258	5.17445e-06	-0.00185654	
426	-0.00207731	-0.59771	-0.0100011	0.000362035	5.12137e-06	-0.00181132	
427	-0.00176026	-0.959477	-0.0119815	0.001346	4.99552e-06	-0.00173962	
428	-0.00141762	-1.30717	-0.013796	0.00231018	4.7979e-06	-0.00164249	
429	-0.00105437	-1.63572	-0.0154184	0.00324043	4.53057e-06	-0.00152137	
430	-0.00067575	-1.94036	-0.0168258	0.00412316	4.19661e-06	-0.00137802	
431	-0.000287222	-2.21665	-0.0179983	0.0049455	3.80008e-06	-0.00121453	
432	0.000105615	-2.46058	-0.0189194	0.00569552	3.34601e-06	-0.00103328	
433	0.000497082	-2.66857	-0.0195758	0.00636232	2.84031e-06	-0.000836926	
434	0.000881493	-2.83758	-0.019957	0.0069362	2.28969e-06	-0.000628332	
435	0.00125323	-2.96509	-0.0200562	0.00740878	1.70162e-06	-0.000410545	
436	0.00160684	-3.04923	-0.0198698	0.00777313	1.08416e-06	-0.000186751	
437	0.00193711	-3.08872	-0.0193982	0.00802384	4.45891e-07	3.97753e-05	
438	0.00223918	-3.08299	-0.0186463	0.00815715	-2.04207e-07	0.000265719	
439	0.00250862	-3.03211	-0.0176233	0.00817106	-8.56915e-07	0.000487772	
440	0.00274149	-2.93685	-0.0163433	0.0080653	-1.50289e-06	0.000702687	
441	0.00293442	-2.79862	-0.0148244	0.00784144	-2.1328e-06	0.00090732	
442	0.00308463	-2.61949	-0.0130888	0.00750279	-2.73748e-06	0.00109868	
443	0.00318998	-2.40208	-0.0111619	0.00705439	-3.30803e-06	0.00127398	
444	0.00324898	-2.14959	-0.00907162	0.00650288	-3.83599e-06	0.00143065	
445	0.00326076	-1.8657	-0.0068478	0.00585639	-4.31344e-06	0.00156641	
446	0.00322514	-1.55455	-0.0045216	0.00512442	-4.73312e-06	0.00167928	
447	0.0031426	-1.22065	-0.00212528	0.00431765	-5.08855e-06	0.0017676	
448	0.00301427	-0.868862	0.000307993	0.00344782	-5.37413e-06	0.00183008	
449	0.00284197	-0.50432	0.00274428	0.00252759	-5.58523e-06	0.0018658	
450	0.00262817	-0.13235	0.005149	0.00157033	-5.71829e-06	0.00187424	
451	0.00237597	0.241593	0.00748721	0.000589997	-5.77088e-06	0.00185527	
452	0.00208906	0.612015	0.00972411	-0.000399079	-5.74175e-06	0.00180915	
453	0.00177166	0.973469	0.0118257	-0.0013824	-5.63084e-06	0.00173658	
454	0.00142845	1.32065	0.0137598	-0.00234551	-5.43935e-06	0.0016386	
455	0.00106447	1.64846	0.0154965	-0.00327425	-5.16968e-06	0.00151665	
456	0.000685071	1.95211	0.0170095	-0.00415496	-4.82544e-06	0.00137251	
457	0.000295773	2.22718	0.018276	-0.00497473	-4.41136e-06	0.0012083	
458	-9.7768e-05	2.46968	0.0192778	-0.00572157	-3.93324e-06	0.00102641	
459	-0.000489851	2.67608	0.0200007	-0.0063846	-3.39785e-06	0.000829495	
460	-0.000874801	2.84338	0.0204349	-0.00695421	-2.81282e-06	0.000620429	
461	-0.00124703	2.96914	0.0205747	-0.00742214	-2.18652e-06	0.000402264	
462	-0.00160112	3.05152	0.0204184	-0.00778161	-1.52794e-06	0.000178186	
463	-0.00193189	3.08928	0.019968	-0.00802739	-8.46482e-07	-4.8532e-05	
464	-0.00223447	3.08184	0.0192295	-0.00815586	-1.51909e-07	-0.000274575	
465	-0.00250439	3.0293	0.018213	-0.0081651	5.45873e-07	-0.000496636	
466	-0.00273766	2.9324	0.0169327	-0.00805488	1.23692e-06	-0.000711465	
467	-0.00293086	2.79256	0.0154069	-0.00782676	1.91142e-06	-0.000915917	
468	-0.00308116	2.61183	0.013658	-0.00748403	2.55977e-06	-0.001107	
469	-0.0031864	2.3929	0.0117119	-0.00703171	3.17276e-06	-0.00128192	
470	-0.00324508	2.13898	0.00959752	-0.00647643	3.74165e-06	-0.00143811	
471	-0.00325641	1.85381	0.00734609	-0.0058264	4.25829e-06	-0.00157331	
472	-0.00322027	1.54157	0.00499036	-0.0050912	4.71523e-06	-0.00168552	
473	-0.00313721	1.20682	0.00256395	-0.00428165	5.1058e-06	-0.00177311	
474	-0.00300844	0.854444	0.00010082	-0.00340962	5.42423e-06	-0.00183481	
475	-0.0028358	0.489561	-0.00236504	-0.00248784	5.66568e-06	-0.0018697	
476	-0.00262179	0.117485	-0.00479976	-0.00152977	5.82641e-06	-0.00187728	
477	-0.00236945	-0.256357	-0.00716969	-0.000549323	5.90374e-06	-0.00185742	
478	-0.00208246	-0.626502	-0.00944151	0.000439218	5.89622e-06	-0.00181042	
479	-0.00176497	-0.987524	-0.0115825	0.00142145	5.80356e-06	-0.00173696	
480	-0.00142165	-1.33412	-0.0135609	0.00238303	5.62676e-06	-0.00163811	
481	-0.00105753	-1.6612	-0.0153467	0.00330987	5.36805e-06	-0.00151531	
482	-0.000677982	-1.96395	-0.0169123	0.00418835	5.0309e-06	-0.00137036	
483	-0.000288586	-2.23794	-0.0182334	0.00500556	4.61994e-06	-0.00120538	
484	0.00010495	-2.47915	-0.0192897	0.00574948	4.14095e-06	-0.00102279	
485	0.000496881	-2.68408	-0.0200651	0.00640919	3.60076e-06	-0.000825264	
486	0.000881509	-2.84975	-0.0205485	0.00697505	3.00712e-06	-0.000615679	
487	0.00125326	-2.97377	-0.020733	0.00743881	2.3686e-06	-0.000397099	
488	0.00160675	-3.05433	-0.0206166	0.00779377	1.69449e-06	-0.000172718	
489	0.00193684	-3.09027	-0.0202009	0.00803481	9.94616e-07	5.41904e-05	
490	0.00223873	-3.08105	-0.0194917	0.00815845	2.79241e-07	0.000280311	
491	0.00250798	-3.02679	-0.0184985	0.00816292	-4.41115e-07	0.00050234	
492	0.00274063	-2.92825	-0.0172344	0.00804813	-1.15581e-06	0.000717033	
493	0.00293322	-2.78687	-0.0157161	0.00781572	-1.85424e-06	0.000921246	
494	0.00308288	-2.60468	-0.0139644	0.00746901	-2.52601e-06	0.00111199	
495	0.00318739	-2.38436	-0.0120037	0.00701301	-3.16103e-06	0.00128648	
496	0.00324521	-2.12913	-0.00986224	0.00645435	-3.74976e-06	0.00144215	
497	0.00325551	-1.84275	-0.00757159	0.00580118	-4.2833e-06	0.00157672	
498	0.00321816	-1.52944	-0.00516605	0.00506309	-4.75354e-06	0.00168824	
499	0.00313376	-1.1938	-0.00268197	0.00425092	-5.15333e-06	0.00177506	
500	0.00300355	-0.840737	-0.000156941	0.00337664	-5.47656e-06	0.00183592	
501	0.00282947	-0.475422	0.00237101	0.00245308	-5.71834e-06	0.00186993	
502	0.00261404	-0.10318	0.00486412	0.00149379	-5.875e-06	0.00187659	
503	0.0023604	0.27057	0.00728543	0.000512795	-5.94424e-06	0.00185582	
504	0.00207219	0.640384	0.00959928	-0.00047561	-5.92514e-06	0.00180789	
505	0.0017536	1.00087	0.0117716	-0.00145703	-5.81814e-06	0.00173353	
506	0.00140926	1.34676	0.0137702	-0.00241719	-5.62505e-06	0.0016338	
507	0.0010442	1.67299	0.0155654	-0.0033421	-5.34902e-06	0.00151016	
508	0.00066378	1.97477	0.0171302	-0.00421825	-4.9944e-06	0.00136443	
509	0.000273615	2.24766	0.0184411	-0.00503283	-4.56672e-06	0.00119872	
510	-0.000120538	2.48765	0.0194787	-0.00577385	-4.07252e-06	0.00101548	
511	-0.000512868	2.69121	0.0202277	-0.00643043	-3.51924e-06	0.000817375	
512	-0.000897606	2.85538	0.020678	-0.0069929	-2.91514e-06	0.000607311	
513	-0.00126912	2.97775	0.0208243	-0.007453	-2.26908e-06	0.000388361	
514	-0.001622	3.05657	0.0206661	-0.00780398	-1.5905e-06	0.000163727	
515	-0.00195113	3.09071	0.0202076	-0.00804074	-8.89211e-07	-6.3306e-05	
516	-0.00225173	3.07968	0.0194571	-0.00815989	-1.7532e-07	-0.000289421	
517	-0.00251945	3.02365	0.0184264	-0.00815973	5.40905e-07	-0.000511314	
518	-0.00275039	2.92345	0.0171308	-0.00804032	1.24916e-06	-0.000725742	
519	-0.00294118	2.78051	0.0155883	-0.00780344	1.93923e-06	-0.00092957	
520	-0.00308899	2.5969	0.0138203	-0.00745254	2.6011e-06	-0.00111982	
521	-0.00319162	2.37529	0.0118507	-0.0069927	3.22516e-06	-0.0012937	
522	-0.00324754	2.11891	0.00970684	-0.00643059	3.80223e-06	-0.00144866	
523	-0.0032559	1.8315	0.00741875	-0.00577437	4.32384e-06	-0.00158245	
524	-0.00321657	1.51727	0.00501942	-0.00503358	4.78223e-06	-0.00169309	
525	-0.00313014	1.18084	0.00254417	-0.00421906	5.1706e-06	-0.00177897	
526	-0.00299791	0.827157	3.00401e-05	-0.00334273	5.48315e-06	-0.00183883	
527	-0.00282186	0.461407	-0.00248504	-0.00241748	5.71522e-06	-0.00187179	
528	-0.00260459	0.0889487	-0.00496318	-0.00145689	5.86334e-06	-0.00187739	
529	-0.00234929	-0.284772	-0.00736737	-0.000475067	5.92531e-06	-0.00185554	
530	-0.00205971	-0.654305	-0.00966224	0.000513585	5.90024e-06	-0.00180657	
531	-0.00174004	-1.01427	-0.0118146	0.00149461	5.78853e-06	-0.00173118	
532	-0.00139492	-1.35942	-0.0137937	0.00245371	5.59184e-06	-0.00163048	
533	-0.00102936	-1.68472	-0.0155717	0.00337691	5.31312e-06	-0.00150595	
534	-0.00064868	-1.98543	-0.0171232	0.00425077	4.9565e-06	-0.0013594	
535	-0.000258428	-2.25714	-0.0184261	0.00506257	4.52723e-06	-0.00119297	
536	0.000135669	-2.49586	-0.0194612	0.00580046	4.03162e-06	-0.0010091	
537	0.000527817	-2.69808	-0.020213	0.00645362	3.47693e-06	-0.000810469	
538	0.000912238	-2.86081	-0.0206696	0.00701248	2.87128e-06	-0.000599994	
539	0.00128327	-2.98167	-0.0208238	0.00746878	2.22354e-06	-0.000380753	
540	0.00163547	-3.05889	-0.0206727	0.00781581	1.54318e-06	-0.000155954	
541	0.00196368	-3.09136	-0.0202183	0.00804843	8.40184e-07	7.11156e-05	
542	0.00226311	-3.0786	-0.0194674	0.00816325	1.24883e-07	0.000297134	
543	0.00252944	-3.02084	-0.0184313	0.00815862	-5.92187e-07	0.000518798	
544	0.0027588	-2.91893	-0.0171257	0.00803464	-1.30044e-06	0.000732868	
545	0.00294787	-2.77438	-0.01557	0.0077932	-1.98939e-06	0.000936219	
546	0.00309389	-2.58929	-0.0137871	0.00743788	-2.64884e-06	0.00112588	
547	0.00319472	-2.36636	-0.0118028	0.0069739	-3.26903e-06	0.00129908	
548	0.00324886	-2.10882	-0.00964568	0.00640805	-3.84079e-06	0.00145328	
549	0.00325547	-1.82041	-0.00734686	0.00574855	-4.35569e-06	0.00158623	
550	0.00321441	-1.50536	-0.00493968	0.00500501	-4.80619e-06	0.00169598	
551	0.00312626	-1.16825	-0.00245936	0.00418822	-5.18571e-06	0.00178092	
552	0.00299231	-0.814027	5.73463e-05	0.00331009	-5.48878e-06	0.00183981	
553	0.00281452	-0.447888	0.00257286	0.00238345	-5.71108e-06	0.00187179	
554	0.00259553	-0.0752089	0.00504944	0.00142186	-5.84946e-06	0.00187638	
555	0.00233859	0.298542	0.00745004	0.000439428	-5.90205e-06	0.00185353	
556	0.0020475	0.66789	0.00973911	-0.00054941	-5.86819e-06	0.00180357	
557	0.00172653	1.02743	0.0118833	-0.00153014	-5.74848e-06	0.00172723	
558	0.00138039	1.37193	0.0138519	-0.00248839	-5.54473e-06	0.00162563	
559	0.0010141	1.69635	0.0156173	-0.00341014	-5.25993e-06	0.00150026	
560	0.000632995	1.99598	0.0171552	-0.00428194	-4.89825e-06	0.00135295	
561	0.000242605	2.26645	0.0184442	-0.00509109	-4.46494e-06	0.00118585	
562	-0.00015139	2.50382	0.0194666	-0.00582582	-3.96626e-06	0.00100141	
563	-0.00054324	2.7046	0.0202074	-0.00647543	-3.40946e-06	0.000802309	
564	-0.000927206	2.86584	0.0206554	-0.00703044	-2.80264e-06	0.00059147	
565	-0.00129765	2.98516	0.0208031	-0.00748273	-2.15465e-06	0.000371974	
566	-0.0016491	3.06081	0.0206469	-0.00782565	-1.47497e-06	0.000147031	
567	-0.0019764	3.09166	0.0201878	-0.00805412	-7.7359e-07	-8.00656e-05	
568	-0.00227473	3.07726	0.0194317	-0.00816474	-6.08494e-08	-0.000305992	
569	-0.00253972	3.01783	0.0183892	-0.00815587	6.52729e-07	-0.000527443	
570	-0.00276752	2.91426	0.0170757	-0.00802762	1.3566e-06	-0.000741178	
571	-0.00295483	2.76809	0.0155112	-0.0077819	2.04034e-06	-0.000944072	
572	-0.00309894	2.58146	0.0137194	-0.00742233	2.69386e-06	-0.00113316	
573	-0.00319778	2.35711	0.0117274	-0.00695424	3.30751e-06	-0.00130568	
574	-0.00324991	2.09832	0.00956478	-0.00638453	3.87227e-06	-0.00145911	
575	-0.00325457	1.80887	0.00726349	-0.00572154	4.37987e-06	-0.00159121	
576	-0.00321166	1.49297	0.00485695	-0.00497498	4.82291e-06	-0.00170004	
577	-0.00312176	1.15521	0.00237997	-0.00415572	5.19496e-06	-0.00178402	
578	-0.00298616	0.800528	-0.000131656	-0.0032757	5.49068e-06	-0.00184191	
579	-0.00280683	0.4341	-0.00264142	-0.00234773	5.70583e-06	-0.00187286	
580	-0.00258637	0.0612931	-0.00511255	-0.00138534	5.8374e-06	-0.00187643	
581	-0.00232802	-0.312425	-0.00750855	-0.000402574	5.88357e-06	-0.00185256	
582	-0.00203561	-0.681568	-0.00979384	0.000586167	5.84376e-06	-0.00180159	
583	-0.00171345	-1.04072	-0.0119345	0.00156638	5.71863e-06	-0.00172427	
584	-0.00136628	-1.38462	-0.013899	0.00252369	5.51005e-06	-0.00162175	
585	-0.000999195	-1.70824	-0.0156589	0.00344403	5.22108e-06	-0.00149551	
586	-0.000617572	-2.00685	-0.0171889	0.0043139	4.85592e-06	-0.00134741	
587	-0.000226965	-2.27612	-0.0184676	0.0051206	4.41986e-06	-0.0011796	
588	0.000166949	-2.5121	-0.0194776	0.00585234	3.9192e-06	-0.000994558	
589	0.000558448	-2.71138	-0.0202048	0.00649846	3.36122e-06	-0.000794968	
590	0.000941836	-2.87105	-0.0206392	0.00704959	2.754e-06	-0.000583752	
591	0.00131152	-2.98876	-0.0207742	0.0074977	2.10639e-06	-0.000363996	
592	0.00166208	-3.06278	-0.0206074	0.00783627	1.42786e-06	-0.000138912	
593	0.00198836	-3.09201	-0.0201398	0.00806033	7.28362e-07	8.82071e-05	
594	0.00228556	-3.076	-0.0193772	0.00816657	1.8184e-08	0.000314038	
595	0.00254929	-3.01498	-0.0183296	0.00815339	-6.92203e-07	0.000535276	
596	0.00277568	-2.90983	-0.0170116	0.00802093	-1.39231e-06	0.000748682	
597	0.00296141	-2.7621	-0.0154424	0.00777108	-2.0718e-06	0.000951133	
598	0.00310378	-2.57398	-0.0136454	0.00740749	-2.72064e-06	0.00113967	
599	0.00320073	-2.34822	-0.0116481	0.00693549	-3.32928e-06	0.00131153	
