0	0	0	0	9.78593
1	0	0	0	12.5563
2	0	0	0	13.8824
3	0	0	0	13.6815
4	0	0	0	11.9956
5	0	0	0	9.01388
6	0	0	0	5.05602
7	0	0	0	0.54208
8	0	0	0	-4.06759
9	0	0	0	-8.33004
10	0	0	0	-11.8436
11	0	0	0	-14.2812
12	0	0	0	-15.4271
13	0	0	0	-15.1887
14	0	0	0	-13.5945
15	0	0	0	-10.8006
16	0	0	0	-7.07635
17	0	0	0	-2.76296
18	0	0	0	1.74427
19	0	0	0	6.03862
20	0	0	0	9.75867
21	0	0	0	12.6201
22	0	0	0	14.3925
23	0	0	0	14.9307
24	0	0	0	14.2129
25	0	0	0	12.3366
26	0	0	0	9.48594
27	0	0	0	5.89488
28	0	0	0	1.84036
29	0	0	0	-2.37124
30	0	0	0	-6.40491
31	0	0	0	-9.91877
32	0	0	0	-12.5797
33	0	0	0	-14.1231
34	0	0	0	-14.4039
35	0	0	0	-13.3857
36	0	0	0	-11.1698
37	0	0	0	-7.98248
38	0	0	0	-4.12568
39	0	0	0	0.0368773
40	0	0	0	4.1117
41	0	0	0	7.72688
42	0	0	0	10.5527
43	0	0	0	12.3293
44	0	0	0	12.9042
45	0	0	0	12.231
46	0	0	0	10.3792
47	0	0	0	7.53408
48	0	0	0	3.96766
49	0	0	0	0
0	1	-56.4342	-1.62008	9.70365
1	1	-518.264	-0.776106	12.2603
2	1	-916.274	0.11432	13.5262
3	1	-1206.13	0.979133	13.3229
4	1	-1348.45	1.7333	11.6787
5	1	-1318.03	2.30128	8.77572
6	1	-1117.46	2.62483	4.92443
7	1	-779.283	2.68059	0.533263
8	1	-351.018	2.47871	-3.95033
9	1	116.677	2.04322	-8.09592
10	1	573.54	1.4175	-11.5132
11	1	968.591	0.666325	-13.8843
12	1	1255.38	-0.13871	-14.9994
13	1	1399.49	-0.927158	-14.7683
14	1	1389.91	-1.62484	-13.2186
15	1	1231.62	-2.16589	-10.5023
16	1	937.505	-2.5085	-6.8812
17	1	531.784	-2.62121	-2.68697
18	1	61.7648	-2.49738	1.69615
19	1	-417.311	-2.16337	5.87239
20	1	-857.206	-1.66405	9.49001
21	1	-1215.21	-1.03068	12.2726
22	1	-1454.36	-0.312997	13.996
23	1	-1549.48	0.41751	14.5193
24	1	-1491.84	1.09118	13.8211
25	1	-1285.18	1.65783	11.9965
26	1	-953.575	2.08839	9.22422
27	1	-534.239	2.35791	5.73206
28	1	-72.2195	2.44927	1.7894
29	1	390.578	2.3458	-2.30587
30	1	819.881	2.04352	-6.2281
31	1	1181.11	1.54749	-9.6448
32	1	1444.83	0.897607	-12.2322
33	1	1588.63	0.16336	-13.733
34	1	1596.86	-0.592084	-14.0057
35	1	1462.34	-1.28864	-13.0152
36	1	1197.18	-1.85356	-10.8606
37	1	825.722	-2.24291	-7.76145
38	1	378.244	-2.42071	-4.0113
39	1	-100.202	-2.36969	0.0359255
40	1	-565.42	-2.10238	3.99758
41	1	-976.823	-1.64335	7.51236
42	1	-1293.54	-1.03318	10.2601
43	1	-1488.31	-0.334346	11.9877
44	1	-1544.55	0.391494	12.5467
45	1	-1455.05	1.07691	11.8924
46	1	-1230.25	1.65453	10.0922
47	1	-891.381	2.07401	7.32588
48	1	-468.38	2.30735	3.85795
49	1	0	-2.57403e-07	0
0	2	-111.479	-3.08764	9.22231
1	2	-1014.11	-1.50423	11.6419
2	2	-1792.47	0.228188	12.8227
3	2	-2359.3	1.9179	12.6194
4	2	-2637.55	3.39231	11.0577
5	2	-2578.01	4.50272	8.30902
6	2	-2185.69	5.13509	4.6664
7	2	-1524.22	5.24378	0.515481
8	2	-686.572	4.8487	-3.72144
9	2	228.185	3.99686	-7.63837
10	2	1121.76	2.77302	-10.8673
11	2	1894.5	1.30376	-13.1082
12	2	2455.53	-0.270893	-14.1629
13	2	2737.49	-1.81316	-13.946
14	2	2718.77	-3.17786	-12.4835
15	2	2409.13	-4.2362	-9.91884
16	2	1833.73	-4.90646	-6.49939
17	2	1040.01	-5.12714	-2.53824
18	2	120.582	-4.885	1.60202
19	2	-816.435	-4.2316	5.54711
20	2	-1676.74	-3.25485	8.9644
21	2	-2376.9	-2.01595	11.5926
22	2	-2844.61	-0.612142	13.2202
23	2	-3030.62	0.816711	13.7142
24	2	-2917.86	2.13437	13.0546
25	2	-2513.63	3.24279	11.3311
26	2	-1865.01	4.08492	8.71226
27	2	-1044.86	4.61201	5.41359
28	2	-141.23	4.79063	1.68974
29	2	763.934	4.58823	-2.17804
30	2	1603.57	3.99694	-5.8823
31	2	2310.13	3.0268	-9.10898
32	2	2825.97	1.75571	-11.5525
33	2	3107.18	0.319301	-12.9699
34	2	3123.19	-1.15832	-13.2268
35	2	2860.09	-2.52047	-12.2909
36	2	2341.53	-3.62538	-10.2561
37	2	1614.89	-4.38692	-7.32932
38	2	739.64	-4.73456	-3.78777
39	2	-196.001	-4.63461	0.0339625
40	2	-1105.84	-4.11181	3.77453
41	2	-1910.55	-3.21426	7.09316
42	2	-2530.1	-2.02088	9.68795
43	2	-2911.08	-0.653944	11.3196
44	2	-3021.06	0.765536	11.8476
45	2	-2846	2.10606	11.2302
46	2	-2406.37	3.23607	9.53071
47	2	-1743.57	4.05666	6.91837
48	2	-916.175	4.51296	3.64332
49	2	0	-4.92507e-07	0
0	3	-163.779	-4.47801	8.51123
1	3	-1482.96	-2.18354	10.722
2	3	-2620.48	0.342213	11.7875
3	3	-3448.67	2.80955	11.5872
4	3	-3855.12	4.96313	10.1473
5	3	-3767.99	6.58489	7.62482
6	3	-3194.53	7.50801	4.28765
7	3	-2227.73	7.66595	0.488189
8	3	-1003.47	7.08797	-3.38801
9	3	333.433	5.84282	-6.97058
10	3	1639.4	4.0541	-9.92398
11	3	2768.91	1.90669	-11.9743
12	3	3589.1	-0.394935	-12.9406
13	3	4001.41	-2.64935	-12.7444
14	3	3974.09	-4.64418	-11.4091
15	3	3521.43	-6.1912	-9.06591
16	3	2680.18	-7.17116	-5.94106
17	3	1519.76	-7.49423	-2.3206
18	3	175.717	-7.14047	1.46441
19	3	-1193.73	-6.1853	5.07142
20	3	-2450.9	-4.75739	8.19581
21	3	-3474.08	-2.94649	10.5984
22	3	-4157.52	-0.894545	12.0861
23	3	-4429.31	1.19388	12.5373
24	3	-4264.44	3.11976	11.9341
25	3	-3673.59	4.74004	10.3585
26	3	-2725.53	5.97084	7.96395
27	3	-1526.92	6.74099	4.94811
28	3	-206.366	7.00191	1.54414
29	3	1116.53	6.70603	-1.99113
30	3	2343.6	5.84172	-5.3769
31	3	3376.27	4.42384	-8.32588
32	3	4130.25	2.5661	-10.5589
33	3	4541.08	0.466246	-11.8543
34	3	4564.25	-1.69339	-12.0885
35	3	4179.77	-3.68378	-11.2325
36	3	3422.03	-5.29863	-9.37275
37	3	2359.96	-6.41167	-6.69797
38	3	1080.75	-6.91949	-3.46143
39	3	-286.467	-6.77312	0.030816
40	3	-1616.14	-6.0091	3.44878
41	3	-2792.31	-4.69774	6.48119
42	3	-3697.91	-2.9537	8.85234
43	3	-4254.79	-0.955811	10.3435
44	3	-4415.5	1.11849	10.8262
45	3	-4159.71	3.07763	10.2623
46	3	-3517.24	4.72956	8.70954
47	3	-2548.46	5.92902	6.32234
48	3	-1339.1	6.59587	3.32956
49	3	0	-7.05443e-07	0
0	4	-212.045	-5.74846	7.59053
1	4	-1912.24	-2.79664	9.52616
2	4	-3377.97	0.454666	10.4457
3	4	-4444.79	3.6317	10.2512
4	4	-4968.15	6.40467	8.96935
5	4	-4855.67	8.49247	6.73938
6	4	-4116.58	9.68001	3.79665
7	4	-2870.66	9.8819	0.450664
8	4	-1293.08	9.13608	-2.96031
9	4	429.546	7.53125	-6.11169
10	4	2112.34	5.22626	-8.70968
11	4	3568.04	2.45906	-10.5141
12	4	4625.36	-0.507158	-11.3659
13	4	5157.04	-3.41278	-11.1961
14	4	5121.86	-5.98388	-10.0246
15	4	4538.33	-7.97777	-7.96658
16	4	3453.82	-9.24108	-5.22114
17	4	1957.93	-9.65821	-2.03975
18	4	225.558	-9.20266	1.28706
19	4	-1539.07	-7.97154	4.45803
20	4	-3158.75	-6.13093	7.20479
21	4	-4476.94	-3.79701	9.31654
22	4	-5357.39	-1.15249	10.6239
23	4	-5707.51	1.53878	11.02
24	4	-5494.98	4.0206	10.4897
25	4	-4733.5	6.10904	9.10472
26	4	-3511.65	7.69505	6.99953
27	4	-1967.23	8.68711	4.34832
28	4	-265.81	9.02309	1.3566
29	4	1438.84	8.64175	-1.75017
30	4	3019.88	7.52773	-4.72567
31	4	4350.48	5.70056	-7.3168
32	4	5322.05	3.30669	-9.27852
33	4	5851.22	0.600201	-10.4164
34	4	5880.8	-2.18276	-10.6216
35	4	5385.42	-4.74699	-9.86898
36	4	4409.25	-6.82784	-8.23481
37	4	3040.66	-8.26205	-5.88469
38	4	1392.38	-8.91604	-3.04127
39	4	-369.125	-8.7272	0.0265742
40	4	-2082.48	-7.74276	3.02929
41	4	-3598.2	-6.05336	5.69333
42	4	-4765.25	-3.80622	7.77632
43	4	-5482.92	-1.23179	9.08636
44	4	-5690.06	1.44082	9.51057
45	4	-5360.54	3.96536	9.01532
46	4	-4532.65	6.09434	7.6511
47	4	-3284.11	7.64001	5.554
48	4	-1725.64	8.4994	2.92513
49	4	0	-8.85279e-07	0
0	5	-255.091	-6.86089	6.48293
1	5	-2290.37	-3.32586	8.08511
2	5	-4044.45	0.564017	8.83008
3	5	-5320.65	4.36358	8.64365
4	5	-5946.47	7.67906	7.55241
5	5	-5811.54	10.1746	5.67389
6	5	-4926.78	11.5928	3.20447
7	5	-3435.51	11.8319	0.402125
8	5	-1547.5	10.9377	-2.45142
9	5	513.908	9.0165	-5.08627
10	5	2527.71	6.25782	-7.25837
11	5	4270.14	2.94603	-8.76784
12	5	5536.16	-0.604313	-9.48223
13	5	6173.04	-4.08257	-9.34342
14	5	6130.96	-7.16053	-8.36768
15	5	5432.19	-9.54742	-6.65061
16	5	4133.58	-11.06	-4.35903
17	5	2342.57	-11.5602	-1.70315
18	5	268.718	-11.0156	1.0748
19	5	-1843.16	-9.54189	3.72339
20	5	-3781.13	-7.33823	6.0179
21	5	-5358.28	-4.54439	7.78158
22	5	-6411.63	-1.37897	8.87303
23	5	-6830.5	1.842	9.20344
24	5	-6576.05	4.81246	8.76048
25	5	-5664.51	7.31263	7.6037
26	5	-4201.94	9.2108	5.84504
27	5	-2353.78	10.3975	3.63048
28	5	-317.879	10.7993	1.13223
29	5	1722.11	10.3429	-1.4618
30	5	3614.03	9.00915	-3.94624
31	5	5206.21	6.82214	-6.10907
32	5	6368.82	3.95725	-7.74603
33	5	7001.89	0.717585	-8.69533
34	5	7037.06	-2.61304	-8.86615
35	5	6444.29	-5.68125	-8.2375
36	5	5276.31	-8.17143	-6.87327
37	5	3638.51	-9.88767	-4.91174
38	5	1666.1	-10.67	-2.5387
39	5	-441.765	-10.4439	0.0215325
40	5	-2492.26	-9.2658	2.52757
41	5	-4306.33	-7.24423	4.75099
42	5	-5703.1	-4.55519	6.48931
43	5	-6562.1	-1.47433	7.58256
44	5	-6810.11	1.72394	7.93657
45	5	-6415.82	4.74529	7.52321
46	5	-5424.91	7.29326	6.38455
47	5	-3930.51	9.14296	4.63447
48	5	-2065.33	10.1717	2.44097
49	5	0	-1.02171e-06	0
0	6	-291.855	-7.78184	5.21569
1	6	-2607.12	-3.75479	6.43483
2	6	-4601.82	0.669022	6.9804
3	6	-6052.5	4.98664	6.8039
4	6	-6763.56	8.7526	5.93099
5	6	-6609.67	11.5861	4.45406
6	6	-5603.11	13.1948	2.52467
7	6	-3906.89	13.4632	0.34192
8	6	-1759.78	12.444	-1.87673
9	6	584.234	10.2583	-3.92342
10	6	2874.2	7.12077	-5.61046
11	6	4856.13	3.35442	-6.7838
12	6	6296.79	-0.683702	-7.34105
13	6	7021.84	-4.64045	-7.23691
14	6	6973.96	-8.14223	-6.48327
15	6	6178.67	-10.8576	-5.1537
16	6	4700.94	-12.5784	-3.37809
17	6	2663.28	-13.1485	-1.31992
18	6	304.09	-12.5298	0.833344
19	6	-2097.69	-10.8537	2.88726
20	6	-4301.18	-8.34653	4.66703
21	6	-6094.18	-5.16837	6.03476
22	6	-7291.64	-1.56785	6.88082
23	6	-7767.81	2.09528	7.13663
24	6	-7478.3	5.47383	6.79307
25	6	-6441.35	8.3181	5.89587
26	6	-4777.64	10.4769	4.53164
27	6	-2676.04	11.8258	2.81404
28	6	-361.131	12.2823	0.877114
29	6	1958.67	11.7633	-1.13382
30	6	4109.89	10.2457	-3.05963
31	6	5920.13	7.75805	-4.73527
32	6	7242.03	4.50001	-6.00303
33	6	7961.82	0.81527	-6.73795
34	6	8001.62	-2.97243	-6.86981
35	6	7327.65	-6.46119	-6.3824
36	6	5999.68	-9.29287	-5.32519
37	6	4137.31	-11.2444	-3.80558
38	6	1894.47	-12.1337	-1.96728
39	6	-502.496	-11.8766	0.0160035
40	6	-2834.4	-10.537	1.95731
41	6	-4897.46	-8.23805	3.67976
42	6	-6486.01	-5.18022	5.02627
43	6	-7463.01	-1.67673	5.873
44	6	-7745.13	1.96024	6.14705
45	6	-7296.73	5.39626	5.8268
46	6	-6169.71	8.29379	4.94476
47	6	-4470.15	10.397	3.58913
48	6	-2348.97	11.5672	1.89039
49	6	0	-1.11104e-06	0
0	7	-321.433	-8.48285	3.82003
1	7	-2853.86	-4.06914	4.6159
2	7	-5034.89	0.768659	4.94184
3	7	-6620.44	5.48505	4.77694
4	7	-7397.25	9.59664	4.14484
5	7	-7228.42	12.689	3.10955
6	7	-6127.2	14.4426	1.77304
7	7	-4271.97	14.7316	0.269684
8	7	-1924.12	13.6141	-1.25337
9	7	638.639	11.2227	-2.6559
10	7	3142.42	7.79155	-3.81167
11	7	5310.07	3.67299	-4.61656
12	7	6886.53	-0.743265	-5.00104
13	7	7680.32	-5.07134	-4.93393
14	7	7627.91	-8.90239	-4.42256
15	7	6757.4	-11.8727	-3.51647
16	7	5140.48	-13.7551	-2.30498
17	7	2911.4	-14.3795	-0.900516
18	7	330.857	-13.7041	0.569226
19	7	-2295.66	-11.8712	1.97222
20	7	-4704.74	-9.12847	3.18856
21	7	-6664.67	-5.65205	4.12316
22	7	-7973.56	-1.71408	4.70095
23	7	-8494.03	2.29172	4.87542
24	7	-8177.27	5.98679	4.64055
25	7	-7042.96	9.09807	4.02723
26	7	-5223.23	11.4589	3.09477
27	7	-2925.35	12.9332	1.92113
28	7	-394.396	13.432	0.598269
29	7	2142.08	12.8643	-0.774899
30	7	4493.99	11.2037	-2.08963
31	7	6472.83	8.48287	-3.23252
32	7	7918	4.9202	-4.09675
33	7	8705	0.890676	-4.59752
34	7	8748.36	-3.25107	-4.68698
35	7	8011.56	-7.0656	-4.35413
36	7	6559.72	-10.1616	-3.63269
37	7	4523.46	-12.2953	-2.59619
38	7	2071.24	-13.2675	-1.34242
39	7	-549.745	-12.9865	0.010192
40	7	-3099.61	-11.5217	1.33413
41	7	-5355.51	-9.00786	2.50875
42	7	-7092.68	-5.66431	3.42685
43	7	-8161.09	-1.83341	4.00416
44	7	-8469.6	2.14332	4.19085
45	7	-7979.23	5.90053	3.9724
46	7	-6746.8	9.06881	3.37107
47	7	-4888.34	11.3682	2.44674
48	7	-2568.76	12.648	1.28862
49	7	0	-1.15744e-06	0
0	8	-343.097	-8.94081	2.3303
1	8	-3023.82	-4.25728	2.67256
2	8	-5331.79	0.862012	2.76395
3	8	-7009	5.84597	2.61239
4	8	-7830.33	10.1883	2.23798
5	8	-7650.99	13.453	1.67341
6	8	-6484.79	15.302	0.967431
7	8	-4520.8	15.6023	0.185527
8	8	-2036.03	14.4159	-0.599592
9	8	675.674	11.8835	-1.31916
10	8	3325.11	8.2517	-1.91164
11	8	5619.62	3.8928	-2.3256
12	8	7289.29	-0.781646	-2.52617
13	8	8130.48	-5.3637	-2.4972
14	8	8074.92	-9.42043	-2.24152
15	8	7152.59	-12.5654	-1.78338
16	8	5440.23	-14.5581	-1.16896
17	8	3080.28	-15.2198	-0.456454
18	8	348.463	-14.5062	0.289567
19	8	-2431.51	-12.5666	1.00306
20	8	-4980.73	-9.66278	1.6225
21	8	-7054.24	-5.98237	2.09839
22	8	-8438.92	-1.81381	2.39233
23	8	-8989.44	2.42602	2.48083
24	8	-8653.95	6.33745	2.361
25	8	-7453.01	9.63119	2.04825
26	8	-5526.73	12.1299	1.57321
27	8	-3095.03	13.6895	0.975912
28	8	-416.791	14.2171	0.303362
29	8	2267.33	13.616	-0.394513
30	8	4755.86	11.8571	-1.06221
31	8	6849.36	8.97698	-1.64138
32	8	8378.48	5.20651	-2.07893
33	8	9211.33	0.94183	-2.33225
34	8	9257.08	-3.44135	-2.37694
35	8	8477.53	-7.47806	-2.20779
36	8	6941.26	-10.7542	-1.8418
37	8	4786.46	-13.0121	-1.31635
38	8	2191.55	-14.0408	-0.680977
39	8	-582.235	-13.7434	0.00422655
40	8	-3280.73	-12.1932	0.6749
41	8	-5668.06	-9.53275	1.26984
42	8	-7506.53	-5.99436	1.73453
43	8	-8637.22	-1.94015	2.02683
44	8	-8963.75	2.26821	2.12125
45	8	-8444.76	6.24431	2.01052
46	8	-7140.45	9.59726	1.70628
47	8	-5173.61	12.0303	1.23841
48	8	-2718.65	13.3847	0.652148
49	8	0	-1.16942e-06	0
0	9	-356.312	-9.13833	0.783195
1	9	-3112.28	-4.31062	0.651515
2	9	-5484.3	0.94811	0.499225
3	9	-7207.51	6.05977	0.363275
4	9	-8050.99	10.511	0.257779
5	9	-7865.87	13.8566	0.181468
6	9	-6666.17	15.749	0.127509
7	9	-4646.63	16.0511	0.0902434
8	9	-2092.47	14.8273	0.0658329
9	9	694.371	12.2222	0.0497994
10	9	3417.37	8.48837	0.0375177
11	9	5776.41	4.00746	0.0264591
12	9	7494.04	-0.798203	0.0160917
13	9	8359.9	-5.50988	0.00694061
14	9	8302.7	-9.68236	0.000567453
15	9	7353.44	-12.9167	-0.00158046
16	9	5592.07	-14.9654	-0.00105181
17	9	3165.4	-15.6463	6.71397e-06
18	9	356.575	-14.9141	0.0018725
19	9	-2501.4	-12.9207	0.00608662
20	9	-5121.55	-9.93485	0.0113394
21	9	-7252.29	-6.15041	0.0153393
22	9	-8675.11	-1.86441	0.0174254
23	9	-9240.59	2.49453	0.017604
24	9	-8895.34	6.51626	0.016069
25	9	-7660.38	9.90279	0.0125566
26	9	-5679.98	12.4714	0.0081595
27	9	-3180.58	14.074	0.00391276
28	9	-427.777	14.6161	0.000348348
29	9	2330.96	13.9977	-0.00287599
30	9	4888.35	12.1883	-0.00513442
31	9	7039.56	9.22714	-0.00502335
32	9	8611.07	5.35134	-0.00428065
33	9	9467.19	0.967386	-0.00346978
34	9	9514.07	-3.53805	-0.00233685
35	9	8712.95	-7.6873	-0.00154338
36	9	7133.97	-11.0546	-0.00104129
37	9	4919.16	-13.3754	-0.000839721
38	9	2252.1	-14.4326	-0.000956777
39	9	-599.057	-14.1268	-0.00175213
40	9	-3372.77	-12.5334	-0.00255675
41	9	-5826.61	-9.79842	-0.0033216
42	9	-7716.27	-6.16147	-0.00456025
43	9	-8878.39	-1.99413	-0.0051754
44	9	-9214.1	2.33151	-0.00545751
45	9	-8680.63	6.41825	-0.00547577
46	9	-7339.89	9.86474	-0.00446032
47	9	-5318.16	12.3654	-0.00317096
48	9	-2794.54	13.7575	-0.00178761
49	9	0	-1.15427e-06	0
0	10	-360.753	-9.06372	-0.783195
1	10	-3116.72	-4.22393	-1.39958
2	10	-5488.11	1.02569	-1.7984
3	10	-7210.43	6.12005	-1.91533
4	10	-8053.14	10.5546	-1.74611
5	10	-7867.16	13.8874	-1.3284
6	10	-6666.39	15.7703	-0.725561
7	10	-4646.06	16.0651	-0.0145478
8	10	-2091.93	14.8365	0.724248
9	10	694.249	12.2292	1.41345
10	10	3416.78	8.4947	1.98262
11	10	5776.19	4.0134	2.3756
12	10	7495.11	-0.792962	2.55655
13	10	8362.14	-5.50623	2.51037
14	10	8304.89	-9.68113	2.2427
15	10	7354.44	-12.917	1.7804
16	10	5591.91	-14.966	1.16686
17	10	3164.54	-15.6474	0.456291
18	10	355.098	-14.9165	-0.286095
19	10	-2503.26	-12.9237	-0.99158
20	10	-5123.25	-9.93714	-1.60105
21	10	-7253.39	-6.1516	-2.06936
22	10	-8675.7	-1.86451	-2.35936
23	10	-9240.65	2.49541	-2.44756
24	10	-8894.86	6.51827	-2.33068
25	10	-7659.44	9.9053	-2.02452
26	10	-5678.9	12.4738	-1.55782
27	10	-3179.75	14.0761	-0.968582
28	10	-427.147	14.6179	-0.302679
29	10	2331.18	13.999	0.389269
30	10	4887.88	12.1882	1.05278
31	10	7038.38	9.22672	1.63203
32	10	8609.61	5.35088	2.07091
33	10	9465.68	0.966738	2.32573
34	10	9512.43	-3.5385	2.37255
35	10	8711.49	-7.68759	2.20492
36	10	7132.65	-11.0548	1.83984
37	10	4917.99	-13.3753	1.31465
38	10	2251.26	-14.4321	0.679043
39	10	-599.718	-14.1263	-0.00759149
40	10	-3373.16	-12.5329	-0.679838
41	10	-5826.75	-9.79771	-1.27624
42	10	-7716.2	-6.16112	-1.74318
43	10	-8878.1	-1.99396	-2.03657
44	10	-9213.8	2.33152	-2.13147
45	10	-8680.32	6.41767	-2.02084
46	10	-7339.66	9.86401	-1.7148
47	10	-5318.04	12.3647	-1.24449
48	10	-2794.38	13.7565	-0.655577
49	10	0	-1.11482e-06	0
0	11	-356.312	-8.71083	-2.3303
1	11	-3036.89	-3.99556	-3.43394
2	11	-5342.92	1.09281	-4.07524
3	11	-7017.5	6.0235	-4.16758
4	11	-7836.56	10.3159	-3.7227
5	11	-7654.74	13.5429	-2.81695
6	11	-6485.42	15.3639	-1.56941
7	11	-4519.17	15.6428	-0.126299
8	11	-2034.5	14.4425	1.35773
9	11	675.327	11.9039	2.73481
10	11	3323.4	8.27005	3.87094
11	11	5619	3.90997	4.65814
12	11	7292.35	-0.766542	5.02625
13	11	8136.92	-5.35319	4.94501
14	11	8081.22	-9.41682	4.42382
15	11	7155.51	-12.5662	3.51404
16	11	5439.8	-14.5598	2.30294
17	11	3077.79	-15.223	0.899945
18	11	344.177	-14.5132	-0.566526
19	11	-2436.89	-12.5753	-1.96272
20	11	-4985.61	-9.6694	-3.17067
21	11	-7057.41	-5.98581	-4.09892
22	11	-8440.58	-1.81409	-4.67343
23	11	-8989.56	2.42859	-4.84779
24	11	-8652.53	6.34323	-4.61551
25	11	-7450.3	9.63848	-4.00754
26	11	-5523.58	12.137	-3.08208
27	11	-3092.62	13.6954	-1.91516
28	11	-415.022	14.2223	-0.597582
29	11	2267.97	13.6197	0.771112
30	11	4754.55	11.857	2.08255
31	11	6846.04	8.9758	3.22518
32	11	8374.3	5.20518	4.0902
33	11	9206.93	0.939967	4.5921
34	11	9252.26	-3.44267	4.68337
35	11	8473.26	-7.47888	4.35187
36	11	6937.37	-10.7545	3.63105
37	11	4783	-13.012	2.59457
38	11	2189.13	-14.0396	1.34061
39	11	-584.126	-13.742	-0.0131481
40	11	-3281.82	-12.192	-1.33853
41	11	-5668.4	-9.53075	-2.51434
42	11	-7506.32	-5.99338	-3.43416
43	11	-8636.41	-1.93971	-4.01234
44	11	-8962.89	2.26827	-4.19922
45	11	-8443.85	6.2427	-3.98084
46	11	-7139.72	9.59513	-3.37828
47	11	-5173.24	12.028	-2.45199
48	11	-2718.21	13.3817	-1.29158
49	11	0	-1.0521e-06	0
0	12	-343.097	-8.07823	-3.82003
1	12	-2874.82	-3.62778	-5.40804
2	12	-5052.47	1.14632	-6.27969
3	12	-6633.75	5.76959	-6.33804
4	12	-7406.95	9.79836	-5.62062
5	12	-7234.24	12.8298	-4.24427
6	12	-6128.19	14.539	-2.38086
7	12	-4269.47	14.7944	-0.241477
8	12	-1921.78	13.6552	1.9496
9	12	638.108	11.2544	3.97847
10	12	3139.81	7.82002	5.65165
11	12	5309.13	3.69954	6.81248
12	12	6891.18	-0.720074	7.35838
13	12	7690.19	-5.05519	7.24479
14	12	7637.62	-8.89667	6.48455
15	12	6762.03	-11.8738	5.15213
16	12	5139.91	-13.7577	3.37628
17	12	2907.55	-14.3845	1.31895
18	12	324.173	-13.7149	-0.831762
19	12	-2303.99	-11.8847	-2.88079
20	12	-4712.25	-9.13872	-4.65468
21	12	-6669.54	-5.65736	-6.01801
22	12	-7976.02	-1.71442	-6.86178
23	12	-8494.11	2.29578	-7.11775
24	12	-8174.99	5.99564	-6.77613
25	12	-7038.73	9.10938	-5.88244
26	12	-5218.3	11.4698	-4.52303
27	12	-2921.59	12.9421	-2.81004
28	12	-391.788	13.4398	-0.876436
29	12	2143.01	12.8699	1.13205
30	12	4492.06	11.2037	3.05584
31	12	6467.86	8.48124	4.73096
32	12	7911.66	4.91822	5.99874
33	12	8698.11	0.887774	6.73404
34	12	8740.72	-3.25316	6.86731
35	12	8004.8	-7.06678	6.38099
36	12	6553.55	-10.1619	5.32406
37	12	4517.96	-12.2951	3.80443
38	12	2067.46	-13.2656	1.96595
39	12	-552.634	-12.9843	-0.0182739
40	12	-3101.23	-11.5198	-1.96078
41	12	-5355.86	-9.00488	-3.684
42	12	-7092.3	-5.66283	-5.03163
43	12	-8159.91	-1.83286	-5.879
44	12	-8468.25	2.14344	-6.15282
45	12	-7977.75	5.89822	-5.83238
46	12	-6745.56	9.06556	-4.94973
47	12	-4887.67	11.3646	-3.59286
48	12	-2568.12	12.6433	-1.89246
49	12	0	-9.70856e-07	0
0	13	-321.433	-7.16763	-5.21569
1	13	-2634.73	-3.12753	-7.28514
2	13	-4624.44	1.18085	-8.36393
3	13	-6069.38	5.36011	-8.3725
4	13	-6775.75	9.01187	-7.38884
5	13	-6616.95	11.7647	-5.57046
6	13	-5604.36	13.316	-3.13642
7	13	-3903.83	13.5418	-0.355627
8	13	-1756.93	12.4953	2.48488
9	13	583.577	10.2978	5.11152
10	13	2871.02	7.1564	7.2771
11	13	4855	3.38747	8.78066
12	13	6302.46	-0.655104	9.48994
13	13	7033.95	-4.62053	9.3473
14	13	6986.01	-8.13488	8.36883
15	13	6184.62	-10.8585	6.65011
16	13	4700.4	-12.5814	4.35776
17	13	2658.48	-13.1549	1.70202
18	13	295.647	-12.5435	-1.07448
19	13	-2108.11	-10.8706	-3.72068
20	13	-4310.5	-8.3593	-6.01251
21	13	-6100.2	-5.17498	-7.77418
22	13	-7294.51	-1.56809	-8.86462
23	13	-7767.7	2.10045	-9.19538
24	13	-7475.29	5.48468	-8.75346
25	13	-6435.99	8.33218	-7.59801
26	13	-4771.36	10.4905	-5.84137
27	13	-2671.29	11.8366	-3.62882
28	13	-358.058	12.2916	-1.13171
29	13	1959.68	11.77	1.46199
30	13	4107.54	10.246	3.94588
31	13	5914.16	7.7564	6.10821
32	13	7234.29	4.49781	7.74457
33	13	7953.16	0.811561	8.69334
34	13	7991.84	-2.97515	8.86494
35	13	7318.93	-6.46253	8.23709
36	13	5991.79	-9.29314	6.87291
37	13	4130.25	-11.244	4.91142
38	13	1889.66	-12.1312	2.53819
39	13	-506.045	-11.8737	-0.0227809
40	13	-2836.33	-10.5346	-2.52968
41	13	-4897.71	-8.23443	-4.75351
42	13	-6485.42	-5.17837	-6.49226
43	13	-7461.54	-1.6763	-7.58583
44	13	-7743.4	1.96025	-7.93933
45	13	-7294.77	5.39361	-7.52547
46	13	-6167.97	8.28983	-6.38666
47	13	-4469.17	10.3924	-4.63603
48	13	-2348.2	11.5614	-2.44169
49	13	0	-8.79293e-07	0
0	14	-291.855	-5.98084	-6.48293
1	14	-2322.88	-2.50801	-9.04112
2	14	-4070.18	1.18742	-10.2855
3	14	-5339.48	4.79866	-10.2182
4	14	-5959.9	7.97277	-8.97717
5	14	-5819.5	10.3734	-6.7564
6	14	-4928.15	11.7263	-3.81283
7	14	-3432.23	11.918	-0.46355
8	14	-1544.46	10.9937	2.95059
9	14	513.192	9.05979	6.10435
10	14	2524.32	6.29684	8.70401
11	14	4268.94	2.982	10.5098
12	14	5542.17	-0.57352	11.3634
13	14	6185.98	-4.06109	11.1955
14	14	6143.99	-7.15223	10.0254
15	14	5438.88	-9.54786	7.96721
16	14	4133.18	-11.0631	5.22078
17	14	2337.33	-11.5675	2.03887
18	14	259.367	-11.0306	-1.28793
19	14	-1854.56	-9.56029	-4.45935
20	14	-3791.23	-7.35214	-7.20697
21	14	-5364.75	-4.55159	-9.31934
22	14	-6414.52	-1.37901	-10.627
23	14	-6830.06	1.84777	-11.0236
24	14	-6572.52	4.82407	-10.4932
25	14	-5658.55	7.32787	-9.10735
26	14	-4194.91	9.22549	-7.00119
27	14	-2348.49	10.409	-4.34916
28	14	-314.696	10.8087	-1.35646
29	14	1723.02	10.3499	1.75183
30	14	3611.45	9.00978	4.72827
31	14	5199.94	6.82084	7.31918
32	14	6360.57	3.95536	9.28002
33	14	6992.4	0.71343	10.4168
34	14	7026.07	-2.61622	10.622
35	14	6434.4	-5.68262	9.86973
36	14	5267.53	-8.17172	8.23537
37	14	3630.56	-9.88718	5.88524
38	14	1660.66	-10.6671	3.04173
39	14	-445.547	-10.4405	-0.0265099
40	14	-2494.32	-9.2632	-3.02975
41	14	-4306.51	-7.24036	-5.69384
42	14	-5702.25	-4.55316	-7.77647
43	14	-6560.36	-1.47419	-9.08643
44	14	-6808.12	1.72366	-9.51018
45	14	-6413.58	4.74255	-9.01433
46	14	-5422.81	7.28899	-7.65017
47	14	-3929.24	9.13792	-5.55317
48	14	-2064.47	10.1654	-2.92442
49	14	0	-7.81096e-07	0
0	15	-255.091	-4.5139	-7.59057
1	15	-1947.38	-1.79282	-10.6751
2	15	-3404.45	1.15117	-12.0071
3	15	-4463.64	4.09028	-11.8229
4	15	-4981.39	6.70372	-10.3365
5	15	-4863.45	8.69083	-7.76458
6	15	-4117.93	9.81167	-4.3878
7	15	-2867.51	9.96616	-0.559595
8	15	-1290.19	9.19075	3.33594
9	15	428.845	7.57358	6.93134
10	15	2109.11	5.26447	9.89457
11	15	3566.88	2.49404	11.9537
12	15	4631.02	-0.477511	12.9283
13	15	5169.36	-3.39209	12.7395
14	15	5134.46	-5.97547	11.4094
15	15	4545.02	-7.97765	9.06764
16	15	3453.61	-9.24389	5.94194
17	15	1952.78	-9.66553	2.32041
18	15	216.309	-9.21745	-1.46617
19	15	-1550.21	-7.98945	-5.07659
20	15	-3168.52	-6.14449	-8.2053
21	15	-4483.12	-3.804	-10.6111
22	15	-5359.93	-1.15229	-12.1005
23	15	-5706.72	1.54452	-12.5521
24	15	-5491.28	4.0317	-11.9477
25	15	-4727.57	6.12372	-10.3691
26	15	-3504.63	7.70928	-7.9708
27	15	-1961.98	8.69797	-4.9514
28	15	-262.839	9.03161	-1.5445
29	15	1439.52	8.64824	1.99364
30	15	3017.27	7.52849	5.38166
31	15	4344.56	5.69976	8.33083
32	15	5314.25	3.30544	10.5631
33	15	5841.99	0.596056	11.8573
34	15	5869.79	-2.18617	12.0907
35	15	5375.35	-4.74825	11.2344
36	15	4400.45	-6.82812	9.37418
37	15	3032.6	-8.26151	6.69923
38	15	1386.86	-8.91293	3.46273
39	15	-372.703	-8.72354	-0.0293926
40	15	-2084.45	-7.74011	-3.44731
41	15	-3598.34	-6.0497	-6.4794
42	15	-4764.18	-3.80424	-8.84948
43	15	-5481.01	-1.23192	-10.3402
44	15	-5687.96	1.44018	-10.8227
45	15	-5358.2	3.96267	-10.2584
46	15	-4530.44	6.09012	-8.70588
47	15	-3282.67	7.63505	-6.31946
48	15	-1724.68	8.49352	-3.32784
49	15	0	-6.70301e-07	0
0	16	-212.045	-2.74569	-8.51385
1	16	-1517.77	-1.02612	-12.2314
2	16	-2644.91	1.04863	-13.4922
3	16	-3465.47	3.24181	-13.1318
4	16	-3866.69	5.23395	-11.4191
5	16	-3774.72	6.76062	-8.5601
6	16	-3195.68	7.62322	-4.84093
7	16	-2225.02	7.73914	-0.638092
8	16	-1001.02	7.13529	3.6325
9	16	332.815	5.87952	7.57144
10	16	1636.64	4.08729	10.8174
11	16	2767.89	1.93691	13.0736
12	16	3593.82	-0.369554	14.1423
13	16	4011.81	-2.63159	13.9374
14	16	3984.87	-4.63661	12.4832
15	16	3527.32	-6.19059	9.92152
16	16	2680.13	-7.17337	6.50164
17	16	1515.27	-7.50065	2.53901
18	16	167.609	-7.15331	-1.60434
19	16	-1203.37	-6.20073	-5.55554
20	16	-2459.27	-4.76909	-8.98019
21	16	-3479.3	-2.9525	-11.614
22	16	-4159.47	-0.894161	-13.2445
23	16	-4428.3	1.19895	-13.7386
24	16	-4261	3.12915	-13.0767
25	16	-3668.36	4.75257	-11.3486
26	16	-2719.32	5.98302	-8.72363
27	16	-1522.29	6.75019	-5.41903
28	16	-203.888	7.00878	-1.69055
29	16	1116.96	6.71124	2.18107
30	16	2341.21	5.84237	5.88843
31	16	3371.25	4.42347	9.11567
32	16	4123.74	2.56553	11.5588
33	16	4533.13	0.462588	12.9755
34	16	4554.45	-1.69665	13.2308
35	16	4170.62	-3.68476	12.2936
36	16	3414.14	-5.29882	10.2582
37	16	2352.7	-6.41115	7.33114
38	16	1075.76	-6.91645	3.78959
39	16	-289.45	-6.76949	-0.0313658
40	16	-1617.76	-6.00664	-3.77102
41	16	-2792.42	-4.6947	-7.08892
42	16	-3696.81	-2.95199	-9.68226
43	16	-4252.92	-0.956028	-11.3131
44	16	-4413.46	1.1176	-11.8412
45	16	-4157.44	3.07506	-11.2239
46	16	-3515.2	4.72579	-9.52505
47	16	-2547.11	5.92472	-6.91418
48	16	-1338.14	6.59098	-3.64109
49	16	0	-5.37484e-07	0
0	17	-163.779	-0.614686	-9.37981
1	17	-1044.57	-0.297508	-13.8447
2	17	-1811.75	0.845762	-14.6875
3	17	-2371.97	2.26397	-14.0828
4	17	-2646.08	3.60007	-12.1791
5	17	-2582.9	4.63465	-9.11241
6	17	-2186.46	5.22059	-5.15485
7	17	-1522.21	5.2977	-0.693921
8	17	-684.774	4.88342	3.8341
9	17	227.716	4.02383	8.00853
10	17	1119.72	2.79745	11.4482
11	17	1893.69	1.32595	13.8395
12	17	2458.83	-0.25237	14.9728
13	17	2744.92	-1.80013	14.7569
14	17	2726.58	-3.17204	13.2177
15	17	2413.48	-4.23534	10.5057
16	17	1833.73	-4.90782	6.88462
17	17	1036.67	-5.1318	2.68865
18	17	114.546	-4.89434	-1.6988
19	17	-823.51	-4.24283	-5.88319
20	17	-1682.81	-3.26335	-9.51046
21	17	-2380.62	-2.02031	-12.3003
22	17	-2845.83	-0.61172	-14.0275
23	17	-3029.62	0.820502	-14.5506
24	17	-2915.11	2.1411	-13.8493
25	17	-2509.67	3.25183	-12.0189
26	17	-1860.34	4.09371	-9.2389
27	17	-1041.36	4.61854	-5.73908
28	17	-139.446	4.79529	-1.79053
29	17	764.141	4.59166	2.30925
30	17	1601.67	3.99727	6.23498
31	17	2306.43	3.02664	9.65243
32	17	2821.29	1.75557	12.2399
33	17	3101.31	0.316574	13.7406
34	17	3115.73	-1.1609	14.0111
35	17	2853.02	-2.52107	13.0185
36	17	2335.48	-3.6254	10.8631
37	17	1609.3	-4.38641	7.76357
38	17	735.768	-4.73196	4.01334
39	17	-198.099	-4.63149	-0.0324652
40	17	-1106.91	-4.10977	-3.99229
41	17	-1910.6	-3.21205	-7.50593
42	17	-2529.15	-2.01961	-10.2521
43	17	-2909.51	-0.654075	-11.9788
44	17	-3019.31	0.764665	-12.5381
45	17	-2844.05	2.10385	-11.8843
46	17	-2404.73	3.23314	-10.0855
47	17	-1742.54	4.05348	-7.32113
48	17	-915.384	4.50935	-3.85546
49	17	0	-3.79618e-07	0
0	18	-111.479	2.03008	-19.1734
1	18	-538.475	0.196781	-15.7964
2	18	-927.201	0.50306	-15.4678
3	18	-1212.91	1.17676	-14.6016
4	18	-1352.86	1.84737	-12.5762
5	18	-1320.47	2.37237	-9.39774
6	18	-1117.73	2.6704	-5.31665
7	18	-778.116	2.70908	-0.72316
8	18	-350.024	2.49693	3.93675
9	18	116.41	2.05737	8.23169
10	18	572.391	1.43038	11.7705
11	18	968.037	0.678064	14.2309
12	18	1256.95	-0.128872	15.3973
13	18	1403.23	-0.920121	15.1757
14	18	1393.88	-1.62148	13.5932
15	18	1233.82	-2.16507	10.8043
16	18	937.416	-2.50887	7.08041
17	18	529.935	-2.62339	2.76518
18	18	58.5197	-2.50206	-1.74707
19	18	-421.034	-2.16908	-6.05068
20	18	-860.322	-1.66837	-9.78159
21	18	-1217.02	-1.03287	-12.6513
22	18	-1454.78	-0.312689	-14.4279
23	18	-1548.7	0.419515	-14.9658
24	18	-1490.15	1.09459	-14.2443
25	18	-1282.9	1.66241	-12.3617
26	18	-950.949	2.09279	-9.50232
27	18	-532.279	2.36107	-5.9027
28	18	-71.2604	2.45137	-1.84162
29	18	390.621	2.34723	2.37477
30	18	818.737	2.04342	6.41202
31	18	1179	1.54729	9.92669
32	18	1442.21	0.897555	12.588
33	18	1585.33	0.161879	14.1317
34	18	1592.64	-0.593473	14.4101
35	18	1458.31	-1.28879	13.3892
36	18	1193.76	-1.85334	11.1724
37	18	822.553	-2.24234	7.98463
38	18	376.042	-2.41892	4.12773
39	18	-101.274	-2.36761	-0.0329155
40	18	-565.867	-2.10098	-4.10531
41	18	-976.733	-1.64203	-7.7191
42	18	-1292.86	-1.03241	-10.5435
43	18	-1487.25	-0.334343	-12.3192
44	18	-1543.37	0.390916	-12.8943
45	18	-1453.73	1.07546	-12.2219
46	18	-1229.19	1.65274	-10.372
47	18	-890.743	2.07213	-7.52919
48	18	-467.898	2.30516	-3.96501
49	18	0	-2.00672e-07	0
0	19	0	0	-0.318794
1	19	0	0	-0.262539
2	19	0	0	-0.257104
3	19	0	0	-0.242761
4	19	0	0	-0.209115
5	19	0	0	-0.156268
6	19	0	0	-0.0884022
7	19	0	0	-0.0120168
8	19	0	0	0.0654875
9	19	0	0	0.136938
10	19	0	0	0.195815
11	19	0	0	0.236744
12	19	0	0	0.256142
13	19	0	0	0.252445
14	19	0	0	0.2261
15	19	0	0	0.179702
16	19	0	0	0.117767
17	19	0	0	0.0459969
18	19	0	0	-0.029073
19	19	0	0	-0.100671
20	19	0	0	-0.162734
21	19	0	0	-0.21046
22	19	0	0	-0.24
23	19	0	0	-0.248947
24	19	0	0	-0.236946
25	19	0	0	-0.205624
26	19	0	0	-0.15805
27	19	0	0	-0.0981838
28	19	0	0	-0.0306407
29	19	0	0	0.0395027
30	19	0	0	0.106655
31	19	0	0	0.16511
32	19	0	0	0.209392
33	19	0	0	0.235076
34	19	0	0	0.239692
35	19	0	0	0.22271
36	19	0	0	0.185842
37	19	0	0	0.132827
38	19	0	0	0.0686689
39	19	0	0	-0.00055041
40	19	0	0	-0.0682828
41	19	0	0	-0.128394
42	19	0	0	-0.175372
43	19	0	0	-0.204906
44	19	0	0	-0.214477
45	19	0	0	-0.203282
46	19	0	0	-0.172518
47	19	0	0	-0.125242
48	19	0	0	-0.0659386
49	19	0	0	0
