0	0	0	0	9.78593
1	0	0	0	15.8025
2	0	0	0	20.1134
3	0	0	0	22.409
4	0	0	0	22.4885
5	0	0	0	20.3779
6	0	0	0	16.3331
7	0	0	0	10.761
8	0	0	0	4.18403
9	0	0	0	-2.80511
10	0	0	0	-9.61275
11	0	0	0	-15.6576
12	0	0	0	-20.3995
13	0	0	0	-23.4088
14	0	0	0	-24.3992
15	0	0	0	-23.2669
16	0	0	0	-20.1006
17	0	0	0	-15.1571
18	0	0	0	-8.84597
19	0	0	0	-1.70118
20	0	0	0	5.65578
21	0	0	0	12.5533
22	0	0	0	18.3557
23	0	0	0	22.5411
24	0	0	0	24.7267
25	0	0	0	24.6974
26	0	0	0	22.4343
27	0	0	0	18.1289
28	0	0	0	12.152
29	0	0	0	5.03557
30	0	0	0	-2.56169
31	0	0	0	-9.91541
32	0	0	0	-16.294
33	0	0	0	-21.0131
34	0	0	0	-23.5405
35	0	0	0	-23.6052
36	0	0	0	-21.2141
37	0	0	0	-16.6212
38	0	0	0	-10.3016
39	0	0	0	-2.91993
40	0	0	0	4.74993
41	0	0	0	11.9082
42	0	0	0	17.8023
43	0	0	0	21.8034
44	0	0	0	23.4908
45	0	0	0	22.7026
46	0	0	0	19.5333
47	0	0	0	14.315
48	0	0	0	7.58257
49	0	0	0	0
0	1	-56.4342	-3.50782	9.70365
1	1	-474.65	-2.51182	15.4173
2	1	-844.299	-1.33741	19.5857
3	1	-1138.11	-0.0474834	21.8098
4	1	-1332.72	1.22683	21.8822
5	1	-1414.14	2.35189	19.8262
6	1	-1378.37	3.24021	15.8905
7	1	-1225.82	3.82468	10.4702
8	1	-964.091	4.06443	4.07314
9	1	-610.916	3.95893	-2.72433
10	1	-196.517	3.51536	-9.34493
11	1	237.874	2.75766	-15.2235
12	1	648.756	1.75011	-19.8347
13	1	993.998	0.576057	-22.7611
14	1	1239.81	-0.658474	-23.7243
15	1	1365.17	-1.84136	-22.6235
16	1	1356.63	-2.87492	-19.5448
17	1	1211.04	-3.6702	-14.7377
18	1	943.042	-4.15504	-8.60084
19	1	580.907	-4.27845	-1.65351
20	1	165.231	-4.0113	5.50007
21	1	-260.502	-3.37439	12.2072
22	1	-653.289	-2.43402	17.8493
23	1	-974.517	-1.27103	21.9189
24	1	-1193.86	0.0170416	24.0439
25	1	-1287.65	1.31614	24.0151
26	1	-1242.1	2.50382	21.8139
27	1	-1065.37	3.47585	17.6271
28	1	-779.308	4.1386	11.8153
29	1	-410.715	4.41823	4.89555
30	1	-0.138837	4.27662	-2.49163
31	1	398.465	3.70952	-9.64182
32	1	733.294	2.74452	-15.8437
33	1	970.291	1.46991	-20.432
34	1	1088.67	0.0377565	-22.8891
35	1	1083.52	-1.3905	-22.9521
36	1	964.015	-2.67094	-20.6273
37	1	749.182	-3.6751	-16.1616
38	1	462.69	-4.29273	-10.017
39	1	134.066	-4.46037	-2.83976
40	1	-199.563	-4.16287	4.61787
41	1	-502.559	-3.42772	11.5782
42	1	-742.088	-2.32685	17.3096
43	1	-896.927	-0.981324	21.2003
44	1	-957.61	0.458294	22.8412
45	1	-921.425	1.84306	22.0749
46	1	-790.033	3.03461	18.993
47	1	-573.952	3.91516	13.9189
48	1	-300.853	4.40954	7.37267
49	1	0	-6.12804e-07	0
0	2	-111.479	-6.78024	9.22231
1	2	-928.552	-4.89926	14.6244
2	2	-1651.49	-2.61122	18.5468
3	2	-2226.15	-0.0900342	20.6358
4	2	-2606.66	2.40166	20.6952
5	2	-2765.92	4.60169	18.7464
6	2	-2696.01	6.33886	15.0239
7	2	-2397.62	7.48185	9.90065
8	2	-1885.71	7.95057	3.85574
9	2	-1195.07	7.74399	-2.56659
10	2	-384.598	6.87622	-8.82123
11	2	465.076	5.39401	-14.3745
12	2	1268.79	3.42317	-18.7303
13	2	1944.13	1.12682	-21.4944
14	2	2425	-1.28781	-22.4044
15	2	2670.23	-3.6015	-21.365
16	2	2653.56	-5.62319	-18.4576
17	2	2368.85	-7.17877	-13.9177
18	2	1844.68	-8.12693	-8.12159
19	2	1136.37	-8.36828	-1.56032
20	2	323.268	-7.84588	5.19558
21	2	-509.488	-6.60012	11.5301
22	2	-1277.79	-4.76068	16.8587
23	2	-1906.19	-2.48593	20.7018
24	2	-2335.28	0.0335683	22.7083
25	2	-2518.76	2.57458	22.6803
26	2	-2429.67	4.89752	20.6006
27	2	-2083.94	6.79858	16.6457
28	2	-1524.24	8.09474	11.1566
29	2	-803.217	8.64164	4.62181
30	2	-0.272529	8.36455	-2.35444
31	2	779.245	7.25532	-9.10667
32	2	1434.18	5.3678	-14.963
33	2	1897.76	2.87481	-19.2952
34	2	2129.26	0.0738678	-21.6151
35	2	2119.23	-2.71958	-21.6748
36	2	1885.47	-5.22399	-19.4797
37	2	1465.26	-7.18799	-15.2627
38	2	904.896	-8.39602	-9.46043
39	2	262.126	-8.72398	-2.68289
40	2	-390.396	-8.1422	4.35973
41	2	-983.087	-6.70446	10.9331
42	2	-1451.58	-4.55126	16.3461
43	2	-1754.37	-1.91947	20.0208
44	2	-1872.98	0.89635	21.5707
45	2	-1802.18	3.60497	20.8471
46	2	-1545.19	5.9355	17.9363
47	2	-1122.53	7.65765	13.1442
48	2	-588.437	8.62452	6.96214
49	2	0	-1.16938e-06	0
0	3	-163.779	-9.8757	8.51123
1	3	-1357.38	-7.14585	13.4492
2	3	-2413.98	-3.80768	17.0209
3	3	-3253.83	-0.125091	18.9159
4	3	-3809.71	3.51522	18.9576
5	3	-4042.47	6.72957	17.166
6	3	-3940.42	9.26771	13.7553
7	3	-3504.27	10.9377	9.06646
8	3	-2756.17	11.6222	3.53681
9	3	-1747.03	11.3198	-2.33675
10	3	-562.616	10.0511	-8.0562
11	3	679.311	7.8843	-13.1338
12	3	1854.1	5.00348	-17.1162
13	3	2841.35	1.64713	-19.6433
14	3	3544.28	-1.88203	-20.4755
15	3	3902.77	-5.26368	-19.5257
16	3	3878.56	-8.21871	-16.8686
17	3	3462.56	-10.4925	-12.7194
18	3	2696.45	-11.8781	-7.42148
19	3	1661.19	-12.2307	-1.42426
20	3	472.694	-11.4674	4.75056
21	3	-744.527	-9.64661	10.5403
22	3	-1867.54	-6.95787	15.4106
23	3	-2786.22	-3.63305	18.9227
24	3	-3413.56	0.0495853	20.7558
25	3	-3681.82	3.76358	20.7292
26	3	-3551.59	7.15861	18.8273
27	3	-3046.1	9.93679	15.2116
28	3	-2227.72	11.8308	10.1943
29	3	-1173.77	12.6301	4.22194
30	3	-0.410265	12.225	-2.15367
31	3	1138.66	10.6036	-8.32438
32	3	2095.92	7.8447	-13.6757
33	3	2773.52	4.20122	-17.6338
34	3	3111.89	0.108058	-19.7532
35	3	3097.31	-3.97451	-19.808
36	3	2755.58	-7.63481	-17.8025
37	3	2141.37	-10.5052	-13.9491
38	3	1322.3	-12.2708	-8.64698
39	3	382.81	-12.7503	-2.45343
40	3	-570.836	-11.9003	3.98268
41	3	-1437.14	-9.79916	9.99045
42	3	-2121.78	-6.6522	14.9381
43	3	-2564.18	-2.8056	18.2971
44	3	-2737.36	1.31005	19.714
45	3	-2633.8	5.26903	19.0525
46	3	-2258.32	8.67514	16.3918
47	3	-1640.55	11.1919	12.012
48	3	-859.996	12.6048	6.36216
49	3	0	-1.65385e-06	0
0	4	-212.045	-12.7053	7.59053
1	4	-1749.57	-9.19173	11.9238
2	4	-3111.09	-4.89305	15.0465
3	4	-4193.21	-0.149921	16.6935
4	4	-4909.17	4.53899	16.7136
5	4	-5209.1	8.6792	15.1253
6	4	-5077.77	11.9482	12.1171
7	4	-4515.74	14.099	7.98868
8	4	-3551.91	14.9802	3.12378
9	4	-2251.9	14.5897	-2.04192
10	4	-725.798	12.9541	-7.07117
11	4	874.692	10.1611	-11.5355
12	4	2388.75	6.44829	-15.0367
13	4	3661.23	2.12293	-17.2584
14	4	4567.23	-2.42503	-17.9902
15	4	5029.29	-6.78276	-17.1558
16	4	4998.39	-10.5909	-14.8212
17	4	4462.54	-13.5214	-11.1754
18	4	3475.28	-15.3068	-6.51964
19	4	2141.16	-15.761	-1.24923
20	4	609.514	-14.7775	4.17692
21	4	-959.166	-12.431	9.2646
22	4	-2406.48	-8.9658	13.544
23	4	-3590.71	-4.68106	16.6295
24	4	-4399.46	0.0647874	18.2393
25	4	-4745.32	4.85093	18.2146
26	4	-4577.5	9.22577	16.5423
27	4	-3925.74	12.8053	13.3642
28	4	-2870.65	15.2453	8.95472
29	4	-1512.32	16.2752	3.70701
30	4	-0.563	15.7529	-1.89474
31	4	1466.95	13.6631	-7.3161
32	4	2700.5	10.1077	-12.0167
33	4	3573.78	5.41302	-15.4928
34	4	4009.85	0.139473	-17.3542
35	4	3991.15	-5.12104	-17.4027
36	4	3550.67	-9.83776	-15.6414
37	4	2759.05	-13.5365	-12.2565
38	4	1703.4	-15.8117	-7.59864
39	4	492.683	-16.4299	-2.15747
40	4	-736.109	-15.335	3.49714
41	4	-1852.49	-12.6278	8.77612
42	4	-2734.53	-8.5726	13.1242
43	4	-3304.34	-3.61569	16.0763
44	4	-3527.25	1.68819	17.3216
45	4	-3393.7	6.79015	16.7402
46	4	-2909.98	11.1791	14.4018
47	4	-2113.9	14.4219	10.553
48	4	-1108.13	16.242	5.58916
49	4	0	-2.0421e-06	0
0	5	-255.091	-15.1884	6.48293
1	5	-2094.62	-10.9805	10.0881
2	5	-3723.93	-5.83646	12.6734
3	5	-5018.74	-0.162306	14.0249
4	5	-5875.2	5.44658	14.0204
5	5	-6234.15	10.3988	12.6768
6	5	-6077.17	14.3084	10.1515
7	5	-5404.6	16.8802	6.69489
8	5	-4251.4	17.9334	2.62646
9	5	-2696.01	17.465	-1.69123
10	5	-869.673	15.5064	-5.89366
11	5	1045.93	12.1628	-9.6234
12	5	2858.16	7.71851	-12.5483
13	5	4381.47	2.54136	-14.4045
14	5	5466.08	-2.90205	-15.0162
15	5	6019.2	-8.11746	-14.32
16	5	5982.58	-12.6753	-12.3712
17	5	5341.6	-16.1832	-9.32766
18	5	4160.03	-18.32	-5.44061
19	5	2563.26	-18.8632	-1.0402
20	5	730.059	-17.6863	3.48995
21	5	-1147.52	-14.8777	7.73726
22	5	-2879.95	-10.7298	11.3094
23	5	-4297.78	-5.60136	13.8844
24	5	-5266.18	0.078865	15.2269
25	5	-5680.41	5.80705	15.2049
26	5	-5479.57	11.0428	13.8077
27	5	-4698.98	15.3263	11.1536
28	5	-3435.56	18.2455	7.47199
29	5	-1809.7	19.4778	3.09125
30	5	-0.721635	18.8524	-1.58457
31	5	1755.23	16.3505	-6.1092
32	5	3231.54	12.0951	-10.0311
33	5	4276.86	6.47727	-12.9307
34	5	4798.79	0.167291	-14.4833
35	5	4776.46	-6.12796	-14.5243
36	5	4249.11	-11.7729	-13.0551
37	5	3301.44	-16.1994	-10.2307
38	5	2037.76	-18.9224	-6.34372
39	5	588.647	-19.6627	-1.8029
40	5	-881.829	-18.3531	2.91654
41	5	-2217.94	-15.1137	7.3233
42	5	-3273.31	-10.2604	10.9536
43	5	-3954.81	-4.32767	13.4188
44	5	-4221.22	2.02056	14.4587
45	5	-4061.22	8.12703	13.973
46	5	-3482.42	13.3794	12.0203
47	5	-2529.64	17.2598	8.80734
48	5	-1326.04	19.4374	4.66431
49	5	0	-2.33399e-06	0
0	6	-291.855	-17.2545	5.21569
1	6	-2383.29	-12.4615	7.98857
2	6	-4235.9	-6.61066	9.96175
3	6	-5707.98	-0.160503	10.9778
4	6	-6681.58	6.21438	10.9468
5	6	-7089.87	11.8423	9.88326
6	6	-6911.5	16.2845	7.90938
7	6	-6146.75	19.2061	5.2184
8	6	-4835.67	20.4019	2.05691
9	6	-3067.24	19.8675	-1.29539
10	6	-990.226	17.6387	-4.55648
11	6	1188.44	13.835	-7.44995
12	6	3249.58	8.77972	-9.71904
13	6	4982.45	2.89112	-11.1592
14	6	6216.4	-3.30008	-11.6342
15	6	6845.64	-9.23159	-11.0952
16	6	6804.33	-14.4153	-9.58513
17	6	6075.73	-18.4055	-7.22641
18	6	4732.05	-20.8358	-4.21376
19	6	2916.05	-21.4532	-0.803052
20	6	831.069	-20.1145	2.70799
21	6	-1304.46	-16.9199	5.99944
22	6	-3275.05	-12.202	8.76705
23	6	-4888.2	-6.36892	10.7615
24	6	-5990.13	0.0914386	11.8005
25	6	-6461.59	6.60589	11.782
26	6	-6233.25	12.5602	10.6979
27	6	-5344.85	17.4311	8.64027
28	6	-3907.16	20.7501	5.78651
29	6	-2057.82	22.1511	2.39155
30	6	-0.824104	21.4393	-1.23144
31	6	1995.75	18.5927	-4.73633
32	6	3674.72	13.7529	-7.7729
33	6	4863.72	7.36501	-10.0172
34	6	5457.29	0.190745	-11.2189
35	6	5431.85	-6.96785	-11.2511
36	6	4831.89	-13.3876	-10.114
37	6	3753.75	-18.4215	-7.92672
38	6	2316.22	-21.5185	-4.91626
39	6	668.042	-22.3609	-1.39919
40	6	-1004.13	-20.8725	2.25687
41	6	-2523.61	-17.1892	5.67171
42	6	-3723.5	-11.6697	8.48565
43	6	-4497.99	-4.92222	10.3968
44	6	-4800.48	2.29819	11.203
45	6	-4618.29	9.24337	10.8262
46	6	-3960.12	15.2163	9.31238
47	6	-2876.45	19.6284	6.82243
48	6	-1507.76	22.104	3.61282
49	6	0	-2.54966e-06	0
0	7	-321.433	-18.8438	3.82003
1	7	-2607.82	-13.592	5.67803
2	7	-4633.13	-7.19276	6.97993
3	7	-6242.24	-0.143362	7.62957
4	7	-7306.48	6.82209	7.57141
5	7	-7753.07	12.9706	6.81702
6	7	-7558.17	17.8229	5.44888
7	7	-6722.04	21.0135	3.59739
8	7	-5288.8	22.3184	1.42922
9	7	-3355.36	21.732	-0.866144
10	7	-1084.05	19.293	-3.09673
11	7	1298.46	15.1323	-5.07473
12	7	3552.43	9.6031	-6.62598
13	7	5447.81	3.16274	-7.61091
14	7	6797.78	-3.60826	-7.93633
15	7	7486.13	-10.0949	-7.56904
16	7	7441.22	-15.7638	-6.53866
17	7	6644.85	-20.1278	-4.92883
18	7	5175.75	-22.7857	-2.87254
19	7	3189.92	-23.4605	-0.544419
20	7	909.777	-21.9963	1.85193
21	7	-1425.75	-18.5022	4.09798
22	7	-3581.08	-13.3422	5.9859
23	7	-5345.92	-6.96292	7.34568
24	7	-6551.62	0.102047	8.05303
25	7	-7067.53	7.22565	8.03879
26	7	-6817.87	13.7366	7.29778
27	7	-5845.71	19.0627	5.8925
28	7	-4272.68	22.6911	3.9441
29	7	-2249.94	24.2224	1.62703
30	7	-0.793839	23.4431	-0.844744
31	7	2182.1	20.3288	-3.23464
32	7	4018.1	15.036	-5.30354
33	7	5318.45	8.0521	-6.83175
34	7	5967.43	0.209146	-7.64994
35	7	5939.51	-7.61788	-7.67229
36	7	5283.15	-14.6381	-6.89809
37	7	4103.65	-20.1426	-5.40732
38	7	2531.24	-23.5292	-3.35502
39	7	728.733	-24.4511	-0.957075
40	7	-1099.69	-22.8248	1.53632
41	7	-2761.14	-18.798	3.86638
42	7	-4072.84	-12.7624	5.78744
43	7	-4919.12	-5.38316	7.09265
44	7	-5249.38	2.51359	7.64306
45	7	-5049.91	10.1088	7.3853
46	7	-4330.15	16.6398	6.35146
47	7	-3144.94	21.4633	4.65228
48	7	-1648.35	24.1694	2.46329
49	7	0	-2.7133e-06	0
0	8	-343.097	-19.9089	2.3303
1	8	-2762.16	-14.3381	3.21395
2	8	-4904.89	-7.56507	3.80282
3	8	-6607.09	-0.110535	4.06548
4	8	-7733.02	7.25318	3.98144
5	8	-8205.8	13.7527	3.55779
6	8	-7999.63	18.8813	2.83417
7	8	-7114.83	22.2531	1.87396
8	8	-5598.35	23.6307	0.75922
9	8	-3552.39	23.0072	-0.415843
10	8	-1148.47	20.4238	-1.55458
11	8	1373.09	16.0192	-2.56275
12	8	3758.6	10.1662	-3.35344
13	8	5764.96	3.3488	-3.85603
14	8	7194.33	-3.81823	-4.0228
15	8	7923.17	-10.684	-3.8372
16	8	7875.9	-16.6842	-3.31452
17	8	7033.46	-21.3035	-2.49741
18	8	5478.99	-24.1168	-1.45346
19	8	3377.35	-24.8305	-0.271489
20	8	963.989	-23.2804	0.94481
21	8	-1508.15	-19.5816	2.0843
22	8	-3789.76	-14.1196	3.04132
23	8	-5658.45	-7.36733	3.72958
24	8	-6935.28	0.110201	4.08628
25	8	-7481.64	7.64931	4.07707
26	8	-7217.39	14.54	3.69954
27	8	-6187.85	20.1766	2.98503
28	8	-4522.18	24.0158	1.99489
29	8	-2380.9	25.6356	0.818632
30	8	-0.629999	24.8094	-0.434718
31	8	2309.28	21.5117	-1.6447
32	8	4252.41	15.9098	-2.69001
33	8	5628.73	8.5199	-3.46087
34	8	6315.38	0.221953	-3.87344
35	8	6285.64	-8.06047	-3.88538
36	8	5590.64	-15.4904	-3.49483
37	8	4341.7	-21.316	-2.74093
38	8	2677.05	-24.9001	-1.70239
39	8	769.147	-25.8766	-0.488499
40	8	-1165.8	-24.1569	0.774584
41	8	-2923.98	-19.8963	1.95645
42	8	-4311.77	-13.5086	2.93233
43	8	-5206.77	-5.69785	3.59593
44	8	-5555.82	2.66095	3.87546
45	8	-5344.45	10.6999	3.74374
46	8	-4582.53	17.6112	3.21806
47	8	-3327.85	22.7148	2.35592
48	8	-1743.98	25.5777	1.24701
49	8	0	-2.81442e-06	0
0	9	-356.312	-20.416	0.783195
1	9	-2842.08	-14.6758	0.65708
2	9	-5043.85	-7.71577	0.509858
3	9	-6792.75	-0.0627221	0.376334
4	9	-7949.68	7.49529	0.269881
5	9	-8435.73	14.1664	0.190883
6	9	-8223.84	19.4303	0.133903
7	9	-7314.38	22.8904	0.0932589
8	9	-5755.82	24.3025	0.0641673
9	9	-3652.79	23.6582	0.0428456
10	9	-1181.6	21.0002	0.0277974
11	9	1410.41	16.4713	0.0174404
12	9	3862.6	10.4536	0.00942898
13	9	5925.34	3.44416	0.00342456
14	9	7395.19	-3.92434	0.000127727
15	9	8144.8	-10.9828	-0.000973581
16	9	8096.57	-17.1513	-0.000340335
17	9	7230.98	-21.9003	0.00174289
18	9	5633.4	-24.7925	0.0048401
19	9	3473.12	-25.5259	0.00824947
20	9	992.12	-23.9319	0.0111844
21	9	-1549.54	-20.1287	0.0130336
22	9	-3895.48	-14.5131	0.0131372
23	9	-5817.25	-7.57126	0.0112935
24	9	-7130.52	0.115476	0.00798135
25	9	-7692.49	7.86515	0.00433962
26	9	-7420.79	14.9485	0.000822946
27	9	-6361.87	20.7427	-0.00331083
28	9	-4648.84	24.6883	-0.00807286
29	9	-2447.13	26.3521	-0.0114268
30	9	-0.352526	25.5012	-0.0122075
31	9	2373.85	22.1093	-0.00945849
32	9	4371.25	16.3505	-0.00319098
33	9	5786.08	8.75578	0.00379704
34	9	6491.7	0.228795	0.00777437
35	9	6460.89	-8.28374	0.00672408
36	9	5746.03	-15.9214	0.00330406
37	9	4461.52	-21.9097	-1.19947e-05
38	9	2749.8	-25.5941	-0.00326705
39	9	788.307	-26.5987	-0.00622734
40	9	-1200.52	-24.8326	-0.00767644
41	9	-3007.58	-20.4542	-0.00613579
42	9	-4433.72	-13.888	-0.00222409
43	9	-5353.11	-5.85766	0.00143766
44	9	-5711.47	2.73625	0.00244099
45	9	-5493.94	11.0004	0.000434978
46	9	-4710.41	18.1041	-0.00262479
47	9	-3420.19	23.3487	-0.0041054
48	9	-1792.07	26.2906	-0.00293366
49	9	0	-2.82425e-06	0
0	10	-360.753	-20.3445	-0.783195
1	10	-2845.41	-14.592	-1.93043
2	10	-5046.26	-7.63958	-2.8172
3	10	-6794.27	-0.00189267	-3.34374
4	10	-7950.64	7.54046	-3.4666
5	10	-8436.59	14.199	-3.19496
6	10	-8224.6	19.4536	-2.58031
7	10	-7315.16	22.9071	-1.69739
8	10	-5756.8	24.3147	-0.637646
9	10	-3653.74	23.6669	0.497191
10	10	-1182.46	21.0062	1.60735
11	10	1409.46	16.4759	2.59567
12	10	3861.68	10.457	3.37117
13	10	5924.66	3.44605	3.86259
14	10	7394.86	-3.92371	4.02321
15	10	8144.93	-10.9832	3.83542
16	10	8097.21	-17.1525	3.31382
17	10	7231.99	-21.9021	2.50072
18	10	5634.65	-24.7945	1.46269
19	10	3474.43	-25.5276	0.287171
20	10	993.241	-23.933	-0.92355
21	10	-1548.88	-20.1288	-2.05954
22	10	-3895.39	-14.5121	-3.01649
23	10	-5817.93	-7.56937	-3.70824
24	10	-7131.87	0.117561	-4.07112
25	10	-7694.14	7.86716	-4.06881
26	10	-7422.39	14.9509	-3.69803
27	10	-6362.99	20.7454	-2.99145
28	10	-4649.19	24.6902	-2.01035
29	10	-2446.82	26.3526	-0.840321
30	10	0.0473085	25.4996	0.41168
31	10	2374	22.1057	1.62688
32	10	4371.35	16.3465	2.68399
33	10	5786.21	8.7535	3.46799
34	10	6491.62	0.229396	3.88812
35	10	6460.48	-8.28178	3.89821
36	10	5745.1	-15.9195	3.50118
37	10	4459.93	-21.9078	2.74095
38	10	2747.66	-25.5924	1.69628
39	10	785.864	-26.5979	0.476735
40	10	-1202.77	-24.8335	-0.789172
41	10	-3009.52	-20.4565	-1.96816
42	10	-4435.19	-13.8901	-2.93666
43	10	-5354.02	-5.85823	-3.59334
44	10	-5712.08	2.7374	-3.87093
45	10	-5494.28	11.0022	-3.74301
46	10	-4710.3	18.105	-3.2231
47	10	-3419.46	23.3481	-2.3637
48	10	-1791.31	26.2889	-1.2526
49	10	0	-2.74039e-06	0
0	11	-356.312	-19.6882	-2.3303
1	11	-2772.08	-14.0847	-4.4872
2	11	-4912.04	-7.33829	-6.09666
3	11	-6611.57	0.0685279	-6.99967
4	11	-7735.82	7.38529	-7.12995
5	11	-8208.28	13.8477	-6.50956
6	11	-8001.78	18.9488	-5.23551
7	11	-7117.01	22.3012	-3.44958
8	11	-5601.17	23.6659	-1.32727
9	11	-3555.15	23.0322	0.934756
10	11	-1150.97	20.4411	3.14124
11	11	1370.32	16.0325	5.1021
12	11	3755.9	10.1761	6.64053
13	11	5763	3.35422	7.61654
14	11	7193.44	-3.81635	7.93707
15	11	7923.61	-10.685	7.56774
16	11	7877.77	-16.6877	6.53802
17	11	7036.38	-21.3086	4.93164
18	11	5482.55	-24.1224	2.88043
19	11	3381.09	-24.8354	0.557697
20	11	967.163	-23.2835	-1.83399
21	11	-1506.24	-19.5817	-4.07712
22	11	-3789.47	-14.1166	-5.96519
23	11	-5660.42	-7.3619	-7.32788
24	11	-6939.17	0.116242	-8.04024
25	11	-7486.39	7.65519	-8.03179
26	11	-7222.04	14.5469	-7.29659
27	11	-6191.12	20.1845	-5.89825
28	11	-4523.19	24.0213	-3.95747
29	11	-2379.98	25.6368	-1.64533
30	11	0.535046	24.8049	0.825641
31	11	2309.72	21.5013	3.21992
32	11	4252.68	15.8982	5.29851
33	11	5629.11	8.51329	6.83761
34	11	6315.1	0.223613	7.66219
35	11	6284.43	-8.0548	7.68321
36	11	5587.94	-15.4849	6.90362
37	11	4337.1	-21.3106	5.40747
38	11	2670.8	-24.8952	3.35003
39	11	762.092	-25.8741	0.947254
40	11	-1172.26	-24.1595	-1.5486
41	11	-2929.59	-19.9028	-3.8763
42	11	-4315.99	-13.5147	-5.79131
43	11	-5209.39	-5.69953	-7.09082
44	11	-5557.51	2.66428	-7.63958
45	11	-5345.36	10.7049	-7.385
46	11	-4582.16	17.6137	-6.35595
47	11	-3325.7	22.7128	-4.65891
48	11	-1741.78	25.5728	-2.46808
49	11	0	-2.573e-06	0
0	12	-343.097	-18.4534	-3.82003
1	12	-2624.04	-13.1634	-6.95545
2	12	-4644.73	-6.82135	-9.2495
3	12	-6249.45	0.143415	-10.4978
4	12	-7310.91	7.03084	-10.6229
5	12	-7756.91	13.1194	-9.66332
6	12	-7561.37	17.9279	-7.75918
7	12	-6725.22	21.0879	-5.11508
8	12	-5293.07	22.3727	-1.98551
9	12	-3359.7	21.7707	1.34386
10	12	-1088	19.3201	4.588
11	12	1294.07	15.153	7.46892
12	12	3548.19	9.61804	9.72889
13	12	5444.82	3.17095	11.1633
14	12	6796.52	-3.60521	11.6352
15	12	7486.88	-10.0963	11.0946
16	12	7444.14	-15.7693	9.58479
17	12	6649.36	-20.1359	7.22853
18	12	5181.18	-22.7945	4.21956
19	12	3195.52	-23.468	0.812504
20	12	914.52	-22.001	-2.69539
21	12	-1422.79	-18.5022	-5.98486
22	12	-3580.57	-13.3375	-8.75265
23	12	-5348.91	-6.95463	-10.7491
24	12	-6557.54	0.111412	-11.7915
25	12	-7074.78	7.23486	-11.777
26	12	-6825.12	13.7474	-10.6972
27	12	-5850.88	19.075	-8.64472
28	12	-4274.27	22.6994	-5.79647
29	12	-2248.49	24.2241	-2.40458
30	12	1.03408	23.436	1.21828
31	12	2182.7	20.3129	4.72631
32	12	4018.43	15.0183	7.76942
33	12	5318.97	8.04182	10.0212
34	12	5966.94	0.211566	11.2275
35	12	5937.57	-7.60912	11.2589
36	12	5278.91	-14.6295	10.1182
37	12	4096.45	-20.1343	7.92709
38	12	2521.5	-23.5215	4.91293
39	12	717.859	-24.4472	1.39239
40	12	-1109.63	-22.8287	-2.26544
41	12	-2769.76	-18.8079	-5.67875
42	12	-4079.22	-12.7717	-8.48864
43	12	-4923.07	-5.38578	-10.396
44	12	-5251.85	2.51875	-11.2011
45	12	-5051.14	10.1166	-10.8265
46	12	-4329.47	16.6435	-9.31599
47	12	-3141.48	21.4603	-6.82741
48	12	-1644.91	24.1618	-3.61634
49	12	0	-2.32835e-06	0
0	13	-321.433	-16.6582	-5.21569
1	13	-2405.15	-11.85	-9.28496
2	13	-4251.35	-6.10658	-12.202
3	13	-5717.48	0.215618	-13.7475
4	13	-6687.25	6.48257	-13.851
5	13	-7094.61	12.031	-12.5692
6	13	-6915.3	16.4163	-10.0811
7	13	-6150.4	19.2988	-6.64722
8	13	-4840.81	20.4693	-2.59346
9	13	-3072.72	19.916	1.71401
10	13	-995.338	17.673	5.90866
11	13	1182.78	13.8609	9.63212
12	13	3244.21	8.79796	12.5526
13	13	4978.85	2.9011	14.4065
14	13	6215.01	-3.29613	15.0172
15	13	6846.64	-9.23308	14.3202
16	13	6808.01	-14.4222	12.3714
17	13	6081.36	-18.4157	9.32897
18	13	4738.7	-20.8466	5.44369
19	13	2922.76	-21.4625	1.04476
20	13	836.751	-20.1204	-3.48423
21	13	-1300.8	-16.9198	-7.73075
22	13	-3274.35	-12.1961	-11.3029
23	13	-4891.83	-6.35867	-13.8788
24	13	-5997.27	0.103097	-15.2229
25	13	-6470.48	6.61749	-15.2026
26	13	-6242.4	12.574	-13.8074
27	13	-5351.44	17.4466	-11.1563
28	13	-3909.15	20.7602	-7.47741
29	13	-2055.93	22.1528	-3.09762
30	13	1.46609	21.4304	1.57862
31	13	1996.33	18.5731	6.10494
32	13	3674.91	13.7308	10.0296
33	13	4864.21	7.35212	12.9325
34	13	5456.6	0.193605	14.4875
35	13	5429.34	-6.95702	14.5282
36	13	4826.46	-13.3769	13.0576
37	13	3744.68	-18.4111	10.2312
38	13	2304.04	-21.5088	6.34242
39	13	654.543	-22.356	1.79995
40	13	-1016.43	-20.8773	-2.92049
41	13	-2534.24	-17.2015	-7.32678
42	13	-3731.23	-11.6812	-10.9555
43	13	-4502.72	-4.92546	-13.419
44	13	-4803.32	2.30461	-14.4586
45	13	-4619.6	9.25306	-13.974
46	13	-3959.12	15.2208	-12.0227
47	13	-2871.95	19.6246	-8.81013
48	13	-1503.43	22.0944	-4.66619
49	13	0	-2.01993e-06	0
0	14	-291.855	-14.3281	-6.48293
1	14	-2121.03	-10.1796	-11.4392
2	14	-3742.21	-5.22138	-14.8879
3	14	-5029.83	0.275628	-16.6629
4	14	-5881.56	5.7502	-16.7239
5	14	-6239.26	10.6087	-15.1447
6	14	-6081.1	14.4533	-12.135
7	14	-5408.21	16.9813	-8.00216
8	14	-4256.72	18.0067	-3.13305
9	14	-2702.06	17.5179	2.03616
10	14	-875.524	15.5443	7.06781
11	14	1039.51	12.1912	11.5332
12	14	2852.26	7.73803	15.0352
13	14	4377.77	2.55192	17.2583
14	14	5464.75	-2.89767	17.9912
15	14	6020.29	-8.11891	17.157
16	14	5986.61	-12.6828	14.8221
17	14	5347.8	-16.1944	11.1758
18	14	4167.16	-18.3317	6.51963
19	14	2570.3	-18.8732	1.24832
20	14	736.023	-17.6926	-4.1788
21	14	-1143.61	-14.8776	-9.26702
22	14	-2879.16	-10.7234	-13.5464
23	14	-4301.57	-5.59024	-16.6317
24	14	-5273.65	0.0914738	-18.2408
25	14	-5689.98	5.81981	-18.2153
26	14	-5489.69	11.0584	-16.5426
27	14	-4706.32	15.3433	-13.3647
28	14	-3437.71	18.2562	-8.95479
29	14	-1807.51	19.4793	-3.70594
30	14	1.75856	18.8426	1.89661
31	14	1755.59	16.3293	7.31805
32	14	3231.42	12.0711	12.0175
33	14	4277.18	6.46307	15.4925
34	14	4797.92	0.170268	17.3536
35	14	4773.62	-6.11629	17.4025
36	14	4243.01	-11.7611	15.6419
37	14	3291.48	-16.1879	12.2573
38	14	2024.46	-18.9118	7.59958
39	14	573.983	-19.6573	2.15863
40	14	-895.051	-18.3581	-3.49615
41	14	-2229.36	-15.1269	-8.77573
42	14	-3281.48	-10.2728	-13.1247
43	14	-3959.72	-4.33111	-16.0777
44	14	-4224.06	2.02755	-17.3233
45	14	-4062.38	8.13754	-16.7415
46	14	-3481.18	13.3841	-14.4025
47	14	-2524.58	17.2555	-10.5532
48	14	-1321.28	19.4267	-5.58914
49	14	0	-1.66908e-06	0
0	15	-255.091	-11.4902	-7.59057
1	15	-1778.86	-8.20423	-13.4065
2	15	-3130.64	-4.20441	-17.2488
3	15	-4204.85	0.311542	-19.1623
4	15	-4915.55	4.84788	-19.1573
5	15	-5213.97	8.88834	-17.3141
6	15	-5081.42	12.0906	-13.861
7	15	-4518.89	14.1976	-9.14029
8	15	-3556.76	15.0515	-3.58774
9	15	-2257.83	14.6413	2.30279
10	15	-731.812	12.9914	8.03464
11	15	868.171	10.189	13.1207
12	15	2382.99	6.46702	17.1094
13	15	3657.87	2.13288	19.6414
14	15	4566.09	-2.42075	20.4764
15	15	5030.27	-6.78401	19.5275
16	15	5002.27	-10.5982	16.87
17	15	4468.65	-13.5324	12.7189
18	15	3482.13	-15.318	7.41826
19	15	2147.78	-15.7705	1.4179
20	15	615.15	-14.7835	-4.75985
21	15	-955.451	-12.431	-10.5515
22	15	-2405.73	-8.9595	-15.4218
23	15	-3594.24	-4.67027	-18.9326
24	15	-4406.48	0.0768753	-20.763
25	15	-4754.58	4.86349	-20.7332
26	15	-4587.42	9.24145	-18.8286
27	15	-3932.97	12.8221	-15.2099
28	15	-2872.67	15.2553	-10.1887
29	15	-1510.01	16.2762	-4.21336
30	15	1.8367	15.743	2.16327
31	15	1467.01	13.6425	8.3323
32	15	2700.03	10.0843	13.6788
33	15	3573.83	5.39894	17.6315
34	15	4008.83	0.142253	19.7482
35	15	3988.29	-5.10978	19.8038
36	15	3544.54	-9.82606	17.801
37	15	2749.24	-13.525	13.9501
38	15	1690.44	-15.8012	8.65004
39	15	478.46	-16.4244	2.4585
40	15	-748.75	-15.3397	-3.97686
41	15	-1863.42	-12.6405	-9.98623
42	15	-2742.22	-8.58448	-14.9373
43	15	-3308.85	-3.61897	-18.2994
44	15	-3529.8	1.69498	-19.7171
45	15	-3394.58	6.80029	-19.054
46	15	-2908.63	11.1835	-16.3907
47	15	-2108.84	14.4175	-12.0093
48	15	-1103.45	16.2314	-6.36017
49	15	0	-1.28913e-06	0
0	16	-212.045	-8.16049	-8.51385
1	16	-1387.13	-6.00232	-15.2216
2	16	-2432.68	-3.10777	-19.2308
3	16	-3264.68	0.309879	-21.1662
4	16	-3815.36	3.79472	-21.0737
5	16	-4046.55	6.91443	-19.0109
6	16	-3943.43	9.39187	-15.2073
7	16	-3506.69	11.0232	-10.0275
8	16	-2760.06	11.6838	-3.94314
9	16	-1752.16	11.3643	2.508
10	16	-568.076	10.0836	8.78367
11	16	673.458	7.90856	14.352
12	16	1849.11	5.01944	18.7191
13	16	2838.6	1.65546	21.4909
14	16	3543.36	-1.87831	22.4052
15	16	3903.5	-5.26463	21.3674
16	16	3881.84	-8.22491	18.4593
17	16	3467.85	-10.5019	13.9162
18	16	2702.29	-11.8875	8.11537
19	16	1666.75	-12.2385	1.54909
20	16	477.476	-11.4724	-5.21125
21	16	-741.365	-9.64648	-11.5487
22	16	-1866.9	-6.95235	-16.8777
23	16	-2789.17	-3.62378	-20.7185
24	16	-3419.46	0.059827	-22.7206
25	16	-3689.74	3.77459	-22.6877
26	16	-3560.14	7.17257	-20.603
27	16	-3052.36	9.95133	-16.6418
28	16	-2229.38	11.8391	-11.1458
29	16	-1171.56	12.6306	-4.60645
30	16	1.6581	12.216	2.37082
31	16	1138.46	10.5858	9.11975
32	16	2095.22	7.82441	14.9682
33	16	2773.26	4.18872	19.2915
34	16	3110.79	0.110366	21.6061
35	16	3094.71	-3.96478	21.667
36	16	2750.09	-7.62448	19.4762
37	16	2132.81	-10.495	15.2636
38	16	1311.08	-12.2615	9.46526
39	16	370.573	-12.7452	2.69135
40	16	-581.583	-11.9041	-4.34964
41	16	-1446.44	-9.80989	-10.9254
42	16	-2128.18	-6.66227	-16.3438
43	16	-2567.85	-2.80842	-20.0236
44	16	-2739.38	1.31586	-21.5749
45	16	-2634.36	5.2777	-20.8485
46	16	-2257.03	8.67867	-17.9335
47	16	-1636.06	11.1879	-13.1392
48	16	-855.901	12.5952	-6.95842
49	16	0	-9.10556e-07	0
0	17	-163.779	-4.31995	-9.37981
1	17	-955.277	-3.70255	-17.0123
2	17	-1666.71	-1.99815	-20.7663
3	17	-2234.65	0.258262	-22.5931
4	17	-2610.84	2.61592	-22.4045
5	17	-2768.77	4.74017	-20.1797
6	17	-2698.08	6.43067	-16.1322
7	17	-2399.18	7.54478	-10.6367
8	17	-1888.35	7.99567	-4.18764
9	17	-1198.81	7.77641	2.64748
10	17	-388.758	6.90004	9.29543
11	17	460.64	5.41183	15.1941
12	17	1265.06	3.43469	19.8204
13	17	1942.14	1.13274	22.7566
14	17	2424.29	-1.28502	23.7249
15	17	2670.64	-3.60202	22.6262
16	17	2655.85	-5.62758	19.5466
17	17	2372.66	-7.18549	14.7354
18	17	1848.86	-8.13344	8.59221
19	17	1140.34	-8.37352	1.63857
20	17	326.758	-7.84912	-5.5204
21	17	-507.154	-6.59981	-12.2311
22	17	-1277.3	-4.7565	-17.8738
23	17	-1908.29	-2.47914	-21.9405
24	17	-2339.49	0.0409769	-24.0602
25	17	-2524.47	2.58273	-24.0252
26	17	-2435.86	4.90788	-21.8172
27	17	-2088.5	6.80911	-17.6215
28	17	-1525.35	8.10043	-11.8003
29	17	-801.404	8.64152	-4.87501
30	17	1.25049	8.35752	2.51317
31	17	778.917	7.24202	9.65872
32	17	1433.44	5.35266	15.8506
33	17	1897.3	2.86532	20.4272
34	17	2128.25	0.0755006	22.877
35	17	2117.17	-2.71238	22.9414
36	17	1881.27	-5.21612	20.6222
37	17	1458.91	-7.18005	16.1622
38	17	896.652	-8.38877	10.0232
39	17	253.174	-8.71981	2.8508
40	17	-398.187	-8.1446	-4.60452
41	17	-989.824	-6.71207	-11.5678
42	17	-1456.14	-4.55846	-17.3062
43	17	-1756.93	-1.92148	-21.2033
44	17	-1874.3	0.90056	-22.846
45	17	-1802.41	3.61119	-22.0762
46	17	-1544.13	5.93778	-18.9889
47	17	-1119.11	7.65436	-13.9121
48	17	-585.381	8.61709	-7.36769
49	17	0	-5.70533e-07	0
0	18	-111.479	0.135756	-19.1734
1	18	-492.858	-1.54402	-19.0548
2	18	-853.118	-0.950812	-21.7206
3	18	-1142.74	0.151536	-23.3552
4	18	-1334.82	1.34446	-23.0934
5	18	-1415.45	2.4264	-20.7801
6	18	-1379.27	3.28899	-16.6062
7	18	-1226.45	3.85784	-10.9488
8	18	-965.311	4.08798	-4.31307
9	18	-612.834	3.97569	2.71847
10	18	-198.761	3.52766	9.5568
11	18	235.442	2.76686	15.6244
12	18	646.685	1.75598	20.3835
13	18	992.83	0.579078	23.4037
14	18	1239.3	-0.656886	24.3997
15	18	1365.21	-1.84138	23.2698
16	18	1357.66	-2.8769	20.1025
17	18	1212.91	-3.67333	15.1542
18	18	945.131	-4.15793	8.83594
19	18	582.93	-4.28061	1.68419
20	18	167.075	-4.01245	-5.67855
21	18	-259.217	-3.37379	-12.58
22	18	-652.957	-2.4315	-18.383
23	18	-975.524	-1.2673	-22.5652
24	18	-1195.93	0.0209575	-24.745
25	18	-1290.5	1.32038	-24.709
26	18	-1245.23	2.5091	-22.438
27	18	-1067.68	3.48103	-18.1223
28	18	-779.769	4.14109	-12.1349
29	18	-409.621	4.41754	-5.01216
30	18	0.678702	4.27224	2.58606
31	18	398.176	3.70196	9.93434
32	18	732.734	2.73607	16.3017
33	18	969.851	1.4646	21.0077
34	18	1087.94	0.0385999	23.5266
35	18	1082.25	-1.38651	23.5929
36	18	961.607	-2.66636	21.2079
37	18	745.706	-3.67031	16.6216
38	18	458.262	-4.28827	10.3084
39	18	129.31	-4.45751	2.93238
40	18	-203.637	-4.16357	-4.73472
41	18	-506.067	-3.43135	-11.8962
42	18	-744.411	-2.33038	-17.7982
43	18	-898.162	-0.982276	-21.8064
44	18	-958.161	0.460475	-23.4959
45	18	-921.393	1.84614	-22.7038
46	18	-789.329	3.0354	-19.5283
47	18	-572	3.91288	-14.3072
48	18	-299.175	4.40496	-7.57682
49	18	0	-2.77166e-07	0
0	19	0	0	-0.318794
1	19	0	0	-0.316763
2	19	0	0	-0.361131
3	19	0	0	-0.388375
4	19	0	0	-0.384058
5	19	0	0	-0.345595
6	19	0	0	-0.27619
7	19	0	0	-0.182108
8	19	0	0	-0.0717317
9	19	0	0	0.0452287
10	19	0	0	0.158969
11	19	0	0	0.259904
12	19	0	0	0.339081
13	19	0	0	0.389321
14	19	0	0	0.405885
15	19	0	0	0.387089
16	19	0	0	0.334392
17	19	0	0	0.252068
18	19	0	0	0.146971
19	19	0	0	0.0279996
20	19	0	0	-0.0944837
21	19	0	0	-0.209287
22	19	0	0	-0.305814
23	19	0	0	-0.375373
24	19	0	0	-0.411623
25	19	0	0	-0.411029
26	19	0	0	-0.373251
27	19	0	0	-0.30146
28	19	0	0	-0.201865
29	19	0	0	-0.0833831
30	19	0	0	0.0430081
31	19	0	0	0.165263
32	19	0	0	0.271204
33	19	0	0	0.349503
34	19	0	0	0.391417
35	19	0	0	0.392513
36	19	0	0	0.352823
37	19	0	0	0.276504
38	19	0	0	0.17147
39	19	0	0	0.0487742
40	19	0	0	-0.07876
41	19	0	0	-0.197891
42	19	0	0	-0.296082
43	19	0	0	-0.36277
44	19	0	0	-0.390881
45	19	0	0	-0.377703
46	19	0	0	-0.324869
47	19	0	0	-0.238009
48	19	0	0	-0.126043
49	19	0	0	0
