0	0	0	0	9.98027
1	0	0	0	9.45485
2	0	0	0	8.09465
3	0	0	0	5.90572
4	0	0	0	3.11467
5	0	0	0	-0.00573285
6	0	0	0	-3.15281
7	0	0	0	-6.02636
8	0	0	0	-8.35071
9	0	0	0	-9.90597
10	0	0	0	-10.5426
11	0	0	0	-10.1992
12	0	0	0	-8.90554
13	0	0	0	-6.778
14	0	0	0	-4.0139
15	0	0	0	-0.863461
16	0	0	0	2.37921
17	0	0	0	5.41397
18	0	0	0	7.94814
19	0	0	0	9.72788
20	0	0	0	10.5673
21	0	0	0	10.369
22	0	0	0	9.15866
23	0	0	0	7.07999
24	0	0	0	4.37471
25	0	0	0	1.33679
26	0	0	0	-1.74869
27	0	0	0	-4.63365
28	0	0	0	-7.10475
29	0	0	0	-8.98799
30	0	0	0	-10.1532
31	0	0	0	-10.5314
32	0	0	0	-10.1446
33	0	0	0	-9.06477
34	0	0	0	-7.37761
35	0	0	0	-5.21295
36	0	0	0	-2.73404
37	0	0	0	-0.110962
38	0	0	0	2.48121
39	0	0	0	4.87672
40	0	0	0	6.9254
41	0	0	0	8.50114
42	0	0	0	9.51473
43	0	0	0	9.90354
44	0	0	0	9.63875
45	0	0	0	8.73945
46	0	0	0	7.2459
47	0	0	0	5.20944
48	0	0	0	2.73608
49	0	0	0	0
0	1	-56.4342	0.183538	9.85739
1	1	-351.237	0.786123	9.2451
2	1	-610.989	1.27044	7.89875
3	1	-813.718	1.62181	5.76232
4	1	-940.859	1.81394	3.0434
5	1	-980.783	1.82974	0.00540257
6	1	-929.857	1.67083	-3.05777
7	1	-793.158	1.35153	-5.85424
8	1	-583.098	0.904327	-8.11613
9	1	-319.944	0.370168	-9.62975
10	1	-27.3485	-0.199799	-10.2498
11	1	266.187	-0.752331	-9.9166
12	1	534.46	-1.23727	-8.6592
13	1	750.913	-1.60743	-6.59095
14	1	896.105	-1.83209	-3.90355
15	1	955.751	-1.88571	-0.840355
16	1	924.447	-1.7648	2.31247
17	1	806.831	-1.47367	5.26345
18	1	614.108	-1.03494	7.72764
19	1	366.991	-0.488117	9.45828
20	1	86.786	0.115378	10.2747
21	1	-203.49	0.703907	10.0821
22	1	-482.863	1.20888	8.90551
23	1	-732.613	1.57328	6.88456
24	1	-930.468	1.76671	4.25412
25	1	-1053.03	1.79436	1.3004
26	1	-1079.59	1.67774	-1.69964
27	1	-998.306	1.43707	-4.50499
28	1	-814.441	1.09518	-6.9078
29	1	-548.327	0.677588	-8.73916
30	1	-223.638	0.219925	-9.87271
31	1	130.313	-0.224903	-10.2408
32	1	478.352	-0.627962	-9.86501
33	1	785.205	-0.981142	-8.8152
34	1	1012.31	-1.25883	-7.17443
35	1	1132.23	-1.44159	-5.06905
36	1	1138.18	-1.52545	-2.65815
37	1	1028.25	-1.5075	-0.107202
38	1	807.497	-1.39315	2.41339
39	1	500.667	-1.19143	4.74259
40	1	145.885	-0.916378	6.73479
41	1	-218.213	-0.589451	8.26726
42	1	-556.003	-0.226111	9.25267
43	1	-827.301	0.153998	9.63001
44	1	-991.427	0.522987	9.37173
45	1	-1027.13	0.868565	8.497
46	1	-931.889	1.1843	7.04486
47	1	-710.234	1.43839	5.06486
48	1	-384.652	1.59117	2.66006
49	1	0	7.07678e-08	0
0	2	-111.479	0.439782	9.4918
1	2	-687.299	1.55147	8.79453
2	2	-1195.23	2.48949	7.50871
3	2	-1591.72	3.175	5.47971
4	2	-1840.38	3.55012	2.9028
5	2	-1918.45	3.58059	0.0262685
6	2	-1818.85	3.26935	-2.87253
7	2	-1551.45	2.64451	-5.51808
8	2	-1140.61	1.76956	-7.65766
9	2	-625.86	0.724559	-9.08971
10	2	-53.5953	-0.390326	-9.67712
11	2	520.569	-1.47123	-9.36393
12	2	1045.3	-2.41971	-8.17742
13	2	1468.65	-3.14383	-6.22499
14	2	1752.72	-3.58332	-3.68753
15	2	1869.37	-3.68818	-0.794998
16	2	1808.22	-3.45186	2.18224
17	2	1578.24	-2.88242	4.96918
18	2	1201.25	-2.02432	7.29635
19	2	717.947	-0.954849	8.93102
20	2	169.894	0.225567	9.70255
21	2	-397.852	1.3766	9.52094
22	2	-944.273	2.36432	8.41031
23	2	-1432.84	3.07716	6.50224
24	2	-1819.83	3.45541	4.0183
25	2	-2059.55	3.50953	1.22911
26	2	-2111.63	3.2816	-1.60391
27	2	-1952.69	2.81079	-4.25347
28	2	-1593.06	2.14219	-6.52277
29	2	-1072.63	1.32564	-8.25253
30	2	-437.501	0.430378	-9.324
31	2	254.899	-0.439765	-9.67254
32	2	935.56	-1.22813	-9.31808
33	2	1535.72	-1.91917	-8.32681
34	2	1980.01	-2.46248	-6.77678
35	2	2214.64	-2.81992	-4.78753
36	2	2226.41	-2.98387	-2.50973
37	2	2011.47	-2.94859	-0.0999369
38	2	1579.63	-2.72482	2.28059
39	2	979.44	-2.33042	4.48013
40	2	285.468	-1.79252	6.36187
41	2	-426.83	-1.15283	7.80959
42	2	-1087.7	-0.441829	8.73993
43	2	-1618.4	0.301665	9.09497
44	2	-1939.39	1.02309	8.84959
45	2	-2009.23	1.69877	8.0229
46	2	-1822.93	2.31629	6.65173
47	2	-1389.25	2.81326	4.78217
48	2	-752.315	3.11197	2.51146
49	2	0	1.46691e-07	0
0	3	-163.779	0.677304	8.89248
1	3	-1005.05	2.28236	8.12005
2	3	-1747.3	3.64725	6.9316
3	3	-2326.72	4.64708	5.06269
4	3	-2690.12	5.19402	2.69449
5	3	-2804.19	5.23749	0.0545884
6	3	-2658.6	4.7816	-2.60343
7	3	-2267.75	3.86757	-5.028
8	3	-1667.3	2.58817	-6.98844
9	3	-914.922	1.06031	-8.30093
10	3	-78.5474	-0.569424	-8.84047
11	3	760.674	-2.1496	-8.55621
12	3	1527.63	-3.53594	-7.47322
13	3	2146.4	-4.59451	-5.68989
14	3	2561.71	-5.23699	-3.37149
15	3	2732.19	-5.39025	-0.728434
16	3	2642.94	-5.04514	1.99232
17	3	2306.9	-4.21284	4.5394
18	3	1755.92	-2.95882	6.66628
19	3	1049.68	-1.3959	8.16069
20	3	248.663	0.329432	8.86634
21	3	-581.127	2.0116	8.70087
22	3	-1379.71	3.45523	7.68649
23	3	-2093.9	4.49729	5.94324
24	3	-2659.58	5.05004	3.67346
25	3	-3009.97	5.12921	1.12462
26	3	-3086.32	4.7964	-1.46437
27	3	-2854.14	4.10818	-3.88608
28	3	-2328.48	3.13112	-5.96028
29	3	-1567.96	1.9382	-7.54151
30	3	-639.628	0.629632	-8.52188
31	3	372.542	-0.642412	-8.84171
32	3	1367.28	-1.79484	-8.51844
33	3	2244.36	-2.80532	-7.6125
34	3	2893.85	-3.59974	-6.19517
35	3	3236.98	-4.12216	-4.37592
36	3	3254.49	-4.3616	-2.29282
37	3	2940.48	-4.30961	-0.0895421
38	3	2309.22	-3.98236	2.08615
39	3	1431.92	-3.40625	4.0963
40	3	417.538	-2.62022	5.81657
41	3	-623.874	-1.68472	7.14022
42	3	-1590.18	-0.644804	7.99008
43	3	-2365.97	0.441964	8.31295
44	3	-2835.08	1.49572	8.08672
45	3	-2937.14	2.48268	7.33027
46	3	-2664.79	3.38515	6.07737
47	3	-2030.66	4.11146	4.36921
48	3	-1099.48	4.54782	2.29445
49	3	0	2.21515e-07	0
0	4	-212.045	0.894431	8.07421
1	4	-1295.94	2.95787	7.24048
2	4	-2252.29	4.71366	6.17997
3	4	-2998.85	5.99993	4.51926
4	4	-3467.05	6.7027	2.42125
5	4	-3613.97	6.75677	0.0872595
6	4	-3426.34	6.16754	-2.2596
7	4	-2922.63	4.98823	-4.39861
8	4	-2148.88	3.33844	-6.12754
9	4	-1179.3	1.3687	-7.28545
10	4	-101.532	-0.731978	-7.76286
11	4	979.96	-2.76878	-7.51554
12	4	1968.32	-4.55549	-6.5657
13	4	2765.74	-5.91995	-5.00005
14	4	3301.04	-6.74803	-2.96385
15	4	3520.77	-6.94571	-0.642124
16	4	3405.96	-6.50129	1.74816
17	4	2972.99	-5.42876	3.98608
18	4	2263.12	-3.81315	5.85499
19	4	1353.25	-1.79929	7.16848
20	4	321.021	0.424069	7.7889
21	4	-748.238	2.59157	7.64417
22	4	-1777.27	4.4519	6.75366
23	4	-2697.76	5.79497	5.22252
24	4	-3426.84	6.50726	3.22874
25	4	-3878.47	6.60938	0.989531
26	4	-3977.17	6.18093	-1.28509
27	4	-3678.18	5.29404	-3.41293
28	4	-3000.74	4.03512	-5.2357
29	4	-2020.83	2.49867	-6.62559
30	4	-824.537	0.812476	-7.48818
31	4	480.022	-0.827224	-7.77063
32	4	1761.82	-2.31276	-7.48743
33	4	2891.9	-3.61561	-6.69137
34	4	3728.92	-4.63982	-5.44515
35	4	4171.48	-5.31309	-3.84523
36	4	4194.56	-5.62126	-2.01335
37	4	3790.14	-5.55351	-0.0765437
38	4	2976.55	-5.13163	1.83508
39	4	1845.97	-4.38978	3.60134
40	4	538.601	-3.37698	5.11345
41	4	-803.989	-2.1706	6.27689
42	4	-2049.86	-0.829377	7.02313
43	4	-3049.85	0.571312	7.3051
44	4	-3654.32	1.9282	7.10408
45	4	-3785.8	3.19897	6.43824
46	4	-3434.72	4.36173	5.33766
47	4	-2617.1	5.29764	3.83744
48	4	-1416.76	5.85959	2.01509
49	4	0	2.90617e-07	0
0	5	-255.091	1.08875	7.05711
1	5	-1552.16	3.56065	6.17791
2	5	-2696.56	5.66126	5.27065
3	5	-3589.89	7.19843	3.86025
4	5	-4150.11	8.03655	2.08699
5	5	-4325.84	8.09819	0.120562
6	5	-4101.21	7.39026	-1.85252
7	5	-3498.3	5.97656	-3.6486
8	5	-2572.26	4.00035	-5.09945
9	5	-1411.82	1.64159	-6.07157
10	5	-121.915	-0.873411	-6.47399
11	5	1172.48	-3.31182	-6.27041
12	5	2355.41	-5.45059	-5.47955
13	5	3309.85	-7.08406	-4.17408
14	5	3950.63	-8.07536	-2.47546
15	5	4213.7	-8.31223	-0.538079
16	5	4076.53	-7.7807	1.45673
17	5	3558.47	-6.49719	3.32462
18	5	2709.1	-4.56406	4.88476
19	5	1620.34	-2.15395	5.98145
20	5	384.983	0.506845	6.49968
21	5	-894.598	3.10071	6.3796
22	5	-2126.19	5.3273	5.63698
23	5	-3227.98	6.93487	4.35949
24	5	-4100.74	7.78746	2.69598
25	5	-4641.45	7.90981	0.827289
26	5	-4759.94	7.39745	-1.07116
27	5	-4402.4	6.33615	-2.8471
28	5	-3591.63	4.82974	-4.36878
29	5	-2418.91	2.99182	-5.52965
30	5	-987.121	0.973953	-6.25091
31	5	574.474	-0.989129	-6.48811
32	5	2108.51	-2.76787	-6.25274
33	5	3460.7	-4.32808	-5.58823
34	5	4462.49	-5.5545	-4.54688
35	5	4992.71	-6.36039	-3.20975
36	5	5021.09	-6.72856	-1.67904
37	5	4537.33	-6.64643	-0.0615625
38	5	3563.54	-6.14145	1.53404
39	5	2210.43	-5.2543	3.00853
40	5	645.427	-4.04215	4.2713
41	5	-962.255	-2.59723	5.24265
42	5	-2454.24	-0.990569	5.86498
43	5	-3651.53	0.686252	6.09867
44	5	-4374.97	2.30888	5.92853
45	5	-4532.21	3.82818	5.37138
46	5	-4111.82	5.21942	4.45299
47	5	-3132.71	6.33951	3.20153
48	5	-1695.59	7.01164	1.68109
49	5	0	3.50869e-07	0
0	6	-291.855	1.25815	5.86625
1	6	-1766.82	4.07631	4.95795
2	6	-3068.1	6.46602	4.22401
3	6	-4083.81	8.21141	3.09909
4	6	-4720.76	9.16035	1.69682
5	6	-4920.42	9.22598	0.150399
6	6	-4664.87	8.41695	-1.39568
7	6	-3979.1	6.80593	-2.80004
8	6	-2925.9	4.55605	-3.93328
9	6	-1606.11	1.87162	-4.693
10	6	-139.099	-0.989829	-5.00935
11	6	1333.02	-3.76398	-4.85485
12	6	2678.43	-6.19694	-4.24433
13	6	3763.94	-8.05517	-3.23441
14	6	4492.86	-9.18296	-1.91939
15	6	4792.18	-9.45266	-0.418955
16	6	4636.4	-8.84857	1.1262
17	6	4047.42	-7.38912	2.57326
18	6	3081.67	-5.19102	3.78207
19	6	1843.6	-2.4502	4.63199
20	6	438.775	0.575522	5.03394
21	6	-1016.3	3.52529	4.94155
22	6	-2417.04	6.05768	4.36677
23	6	-3670.17	7.88593	3.37759
24	6	-4662.91	8.85582	2.08946
25	6	-5278.19	8.99519	0.642058
26	6	-5413.31	8.41279	-0.828512
27	6	-5007.04	7.20612	-2.20416
28	6	-4085.08	5.49343	-3.38323
29	6	-2751.37	3.40417	-4.28339
30	6	-1122.85	1.10956	-4.84345
31	6	653.393	-1.12369	-5.02877
32	6	2397.89	-3.14777	-4.84773
33	6	3935.34	-4.92341	-4.33288
34	6	5074.64	-6.31894	-3.5246
35	6	5678.34	-7.23552	-2.48676
36	6	5711.5	-7.65331	-1.29923
37	6	5161.65	-7.55868	-0.0452308
38	6	4054.21	-6.98446	1.19112
39	6	2515.4	-5.97626	2.33385
40	6	735.125	-4.59749	3.31272
41	6	-1094.32	-2.95302	4.06531
42	6	-2792.27	-1.12416	4.54682
43	6	-4154.64	0.783541	4.72627
44	6	-4977.5	2.62742	4.5921
45	6	-5156.09	4.35323	4.159
46	6	-4677.65	5.9349	3.44771
47	6	-3563.52	7.20877	2.47894
48	6	-1928.51	7.97274	1.30163
49	6	0	4.00035e-07	0
0	7	-321.433	1.40149	4.53095
1	7	-1934.13	4.49348	3.60944
2	7	-3356.81	7.10787	3.06334
3	7	-4467.2	9.01246	2.25139
4	7	-5163.45	10.0441	1.25701
5	7	-5381.55	10.1097	0.172593
6	7	-5101.96	9.21973	-0.903954
7	7	-4351.92	7.45374	-1.87771
8	7	-3200.15	4.99035	-2.66189
9	7	-1756.85	2.05245	-3.18794
10	7	-152.571	-1.07817	-3.40918
11	7	1457.28	-4.11303	-3.30757
12	7	2928.64	-6.77433	-2.89373
13	7	4115.74	-8.80697	-2.20662
14	7	4913.01	-10.0408	-1.31079
15	7	5240.45	-10.336	-0.288058
16	7	5070.29	-9.67585	0.765511
17	7	4426.41	-8.08018	1.75247
18	7	3370.56	-5.67691	2.57707
19	7	2016.89	-2.67998	3.15706
20	7	480.853	0.628361	3.43166
21	7	-1110.17	3.85392	3.36918
22	7	-2641.99	6.62322	2.9776
23	7	-4012.33	8.62239	2.30354
24	7	-5098.12	9.68333	1.42562
25	7	-5771.34	9.83594	0.438763
26	7	-5919.45	9.19927	-0.563824
27	7	-5475.58	7.88021	-1.50167
28	7	-4467.6	6.00806	-2.30593
29	7	-3009.1	3.72436	-2.92063
30	7	-1227.98	1.21551	-3.30393
31	7	714.615	-1.2272	-3.43216
32	7	2622.07	-3.44211	-3.31039
33	7	4302.97	-5.38551	-2.9592
34	7	5548.79	-6.91228	-2.40603
35	7	6209.65	-7.91445	-1.69609
36	7	6246.89	-8.37025	-0.884512
37	7	5646.04	-8.26554	-0.0281356
38	7	4435.15	-7.63779	0.815605
39	7	2752.52	-6.53591	1.59549
40	7	805.223	-5.02776	2.2636
41	7	-1196.55	-3.22831	2.77672
42	7	-3054.67	-1.22674	3.10431
43	7	-4545.46	0.860265	3.225
44	7	-5445.47	2.87503	3.1311
45	7	-5640.38	4.75988	2.83424
46	7	-5116.76	6.48876	2.34936
47	7	-3897.83	7.88185	1.68942
48	7	-2109.24	8.7169	0.88707
49	7	0	4.36516e-07	0
0	8	-343.097	1.51892	3.08407
1	8	-2049.59	4.80389	2.16377
2	8	-3554.86	7.57115	1.81426
3	8	-4729.59	9.58051	1.33468
4	8	-5466.11	10.6639	0.775004
5	8	-5696.65	10.7251	0.183185
6	8	-5400.54	9.77637	-0.393078
7	8	-4606.58	7.90202	-0.90826
8	8	-3387.5	5.29107	-1.32085
9	8	-1859.9	2.17892	-1.59796
10	8	-161.933	-1.13627	-1.71738
11	8	1541.91	-4.34963	-1.67091
12	8	3099.24	-7.16715	-1.46462
13	8	4355.7	-9.31912	-1.11877
14	8	5199.64	-10.6255	-0.666279
15	8	5546.3	-10.9383	-0.148974
16	8	5366.41	-10.2401	0.384491
17	8	4685.13	-8.5516	0.884512
18	8	3567.85	-6.00848	1.30253
19	8	2135.41	-2.83697	1.59685
20	8	509.913	0.664094	1.73642
21	8	-1173.84	4.0778	1.70537
22	8	-2795.01	7.00859	1.50757
23	8	-4245.25	9.12431	1.16671
24	8	-5394.59	10.2475	0.722591
25	8	-6107.44	10.4091	0.223009
26	8	-6264.53	9.73545	-0.284301
27	8	-5795.2	8.34003	-0.758776
28	8	-4728.66	6.35949	-1.16624
29	8	-3184.97	3.9435	-1.47848
30	8	-1299.62	1.28882	-1.67428
31	8	756.408	-1.29681	-1.74166
32	8	2774.92	-3.64288	-1.68226
33	8	4553.63	-5.70177	-1.50432
34	8	5872.07	-7.31816	-1.22166
35	8	6572.11	-8.37844	-0.859445
36	8	6612.61	-8.85985	-0.446281
37	8	5977.27	-8.74792	-0.0108228
38	8	4695.89	-8.08368	0.417565
39	8	2915.19	-6.91789	0.813391
40	8	853.742	-5.32113	1.15235
41	8	-1266.11	-3.4156	1.41193
42	8	-3234.22	-1.29573	1.57665
43	8	-4813.23	0.913966	1.6356
44	8	-5765.99	3.04475	1.58521
45	8	-5971.78	5.0371	1.43317
46	8	-5417.11	6.86605	1.18784
47	8	-4126.53	8.34056	0.854458
48	8	-2232.88	9.22405	0.448677
49	8	0	4.59287e-07	0
0	9	-356.312	1.61229	1.56126
1	9	-2110.05	5.0026	0.654088
2	9	-3656.81	7.84479	0.503937
3	9	-4863.82	9.90023	0.367924
4	9	-5620.46	11.0021	0.259406
5	9	-5857.09	11.0545	0.17873
6	9	-5552.46	10.0709	0.120989
7	9	-4736.13	8.13789	0.0805879
8	9	-3482.85	5.44949	0.0525293
9	9	-1912.45	2.24718	0.0331707
10	9	-166.936	-1.16284	0.0197644
11	9	1584.63	-4.46757	0.0104499
12	9	3185.58	-7.36488	0.00404235
13	9	4477.27	-9.57781	-0.000492434
14	9	5344.94	-10.9212	-0.00342646
15	9	5701.42	-11.2433	-0.00547614
16	9	5516.68	-10.526	-0.00654322
17	9	4816.51	-8.79058	-0.00704151
18	9	3668.18	-6.17674	-0.00705819
19	9	2195.82	-2.91675	-0.00639022
20	9	525.029	0.681849	-0.00570138
21	9	-1205.66	4.19089	-0.0044665
22	9	-2872.06	7.20346	-0.00309055
23	9	-4362.72	9.37823	-0.0017585
24	9	-5544.35	10.5332	-0.000228737
25	9	-6277.37	10.6992	0.00102167
26	9	-6439.09	10.0067	0.00258886
27	9	-5957.11	8.57298	0.00421196
28	9	-4861.08	6.53801	0.0047387
29	9	-3274.13	4.05544	0.00372426
30	9	-1335.82	1.32734	0.00101239
31	9	777.613	-1.33076	-0.00333452
32	9	2852.27	-3.74461	-0.0074982
33	9	4680.5	-5.86337	-0.00769045
34	9	6035.65	-7.52525	-0.00381349
35	9	6755.78	-8.61465	0.000317416
36	9	6798.65	-9.10881	0.00356297
37	9	6146.25	-8.99285	0.00618171
38	9	4829.18	-8.30999	0.00765176
39	9	2998.79	-7.11169	0.00867306
40	9	879.266	-5.46954	0.00920358
41	9	-1301.12	-3.50977	0.00811427
42	9	-3325.97	-1.32943	0.00546631
43	9	-4950.5	0.942785	0.00130489
44	9	-5930.13	3.13168	-0.00359341
45	9	-6141.08	5.17736	-0.0062159
46	9	-5570.41	7.05665	-0.00534509
47	9	-4243.3	8.57255	-0.00330184
48	9	-2296.02	9.48056	-0.00165762
49	9	0	4.67876e-07	0
0	10	-360.753	1.68542	-1.03207e-12
1	10	-2113.83	5.08807	-0.885878
2	10	-3659.81	7.9224	-0.83973
3	10	-4866.12	9.96224	-0.628773
4	10	-5622.21	11.0482	-0.279996
5	10	-5858.44	11.0875	0.156682
6	10	-5553.52	10.094	0.62268
7	10	-4736.98	8.15395	1.06099
8	10	-3483.57	5.46057	1.42037
9	10	-1913.04	2.25486	1.66077
10	10	-167.443	-1.15751	1.75481
11	10	1584.26	-4.4639	1.69071
12	10	3185.3	-7.36228	1.47228
13	10	4477.14	-9.57613	1.11784
14	10	5344.94	-10.92	0.659739
15	10	5701.56	-11.2427	0.138505
16	10	5517	-10.5257	-0.397073
17	10	4816.9	-8.79057	-0.898007
18	10	3668.77	-6.17712	-1.31609
19	10	2196.48	-2.91715	-1.60917
20	10	525.768	0.681142	-1.7473
21	10	-1204.76	4.19011	-1.71379
22	10	-2871.15	7.2027	-1.51332
23	10	-4361.72	9.37736	-1.16993
24	10	-5543.41	10.5324	-0.722782
25	10	-6276.55	10.6983	-0.220791
26	10	-6438.45	10.0058	0.28924
27	10	-5956.9	8.57268	0.7666
28	10	-4861.15	6.53859	1.1751
29	10	-3274.1	4.05699	1.48551
30	10	-1335.59	1.32983	1.67619
31	10	777.673	-1.32838	1.73538
32	10	2852.02	-3.7445	1.66826
33	10	4680.07	-5.86559	1.48991
34	10	6035.03	-7.52761	1.21437
35	10	6755.69	-8.61651	0.859902
36	10	6799.86	-9.11031	0.45292
37	10	6148.26	-8.99369	0.022414
38	10	4831.28	-8.31057	-0.403128
39	10	3000.89	-7.11199	-0.796894
40	10	880.977	-5.46891	-1.13479
41	10	-1300.68	-3.50826	-1.39646
42	10	-3327.36	-1.32704	-1.5663
43	10	-4953.33	0.945591	-1.63323
44	10	-5933.15	3.13318	-1.59213
45	10	-6143.51	5.17686	-1.44501
46	10	-5572.36	7.05548	-1.19797
47	10	-4244.8	8.57161	-0.860669
48	10	-2296.8	9.47961	-0.451758
49	10	0	4.62359e-07	0
0	11	-356.312	1.74462	-1.56126
1	11	-2060.76	5.06205	-2.42322
2	11	-3563.66	7.80206	-2.18903
3	11	-4736.31	9.76304	-1.63449
4	11	-5471.19	10.7987	-0.832091
5	11	-5700.55	10.8212	0.115847
6	11	-5403.62	9.84348	1.09753
7	11	-4609.06	7.94854	2.00597
8	11	-3389.59	5.32316	2.74533
9	11	-1861.61	2.20111	3.24053
10	11	-163.398	-1.12085	3.44056
11	11	1540.82	-4.33902	3.32413
12	11	3098.41	-7.15964	2.90013
13	11	4355.28	-9.31424	2.20577
14	11	5199.61	-10.622	1.30513
15	11	5546.65	-10.9365	0.279086
16	11	5367.31	-10.2393	-0.776459
17	11	4686.29	-8.55156	-1.76422
18	11	3569.56	-6.00958	-2.58895
19	11	2137.37	-2.83819	-3.16785
20	11	512.14	0.661976	-3.441
21	11	-1171.19	4.07549	-3.3762
22	11	-2792.32	7.00638	-2.98214
23	11	-4242.3	9.12171	-2.30591
24	11	-5391.81	10.2455	-1.42525
25	11	-6105.14	10.4067	-0.436336
26	11	-6262.8	9.73288	0.568056
27	11	-5794.61	8.33914	1.508
28	11	-4728.84	6.36112	2.31318
29	11	-3184.85	3.94798	2.92645
30	11	-1298.95	1.29599	3.30545
31	11	756.619	-1.29	3.42697
32	11	2774.22	-3.64254	3.29916
33	11	4552.31	-5.70806	2.94756
34	11	5870.23	-7.32496	2.39975
35	11	6571.82	-8.38383	1.69608
36	11	6616.14	-8.86419	0.889761
37	11	5983.12	-8.7504	0.0375628
38	11	4702	-8.08545	-0.803613
39	11	2921.32	-6.91881	-1.5815
40	11	858.687	-5.31931	-2.24858
41	11	-1264.87	-3.41115	-2.76351
42	11	-3238.28	-1.28878	-3.09564
43	11	-4821.4	0.922093	-3.22331
44	11	-5774.73	3.04907	-3.13722
45	11	-5978.82	5.03562	-2.84434
46	11	-5422.76	6.86264	-2.35787
47	11	-4130.82	8.33783	-1.69451
48	11	-2235.06	9.22133	-0.889494
49	11	0	4.43322e-07	0
0	12	-343.097	1.79938	-3.08407
1	12	-1952.15	4.9293	-3.92785
2	12	-3370.81	7.48573	-3.51753
3	12	-4477.75	9.30474	-2.62767
4	12	-5171.39	10.257	-1.38425
5	12	-5387.61	10.2601	0.0567636
6	12	-5106.75	9.32422	1.53279
7	12	-4355.77	7.52591	2.89018
8	12	-3203.41	5.0401	3.99173
9	12	-1759.52	2.08678	4.72975
10	12	-154.87	-1.05426	5.0313
11	12	1455.53	-4.09661	4.86636
12	12	2927.3	-6.76266	4.24873
13	12	4115	-8.79934	3.23365
14	12	4912.89	-10.0354	1.91515
15	12	5240.88	-10.3331	0.412347
16	12	5071.61	-9.6746	-1.13434
17	12	4428.21	-8.08007	-2.582
18	12	3373.24	-5.67864	-3.79095
19	12	2020.09	-2.68204	-4.63999
20	12	484.513	0.624911	-5.0408
21	12	-1105.87	3.85019	-4.94658
22	12	-2637.73	6.61976	-4.36967
23	12	-4007.7	8.61822	-3.37884
24	12	-5093.76	9.68007	-2.08862
25	12	-5767.94	9.83246	-0.639791
26	12	-5917.01	9.1955	0.831637
27	12	-5474.73	7.8788	2.20854
28	12	-4467.82	6.0105	3.38823
29	12	-3008.88	3.73131	4.28739
30	12	-1226.92	1.22652	4.84438
31	12	715.052	-1.21693	5.02522
32	12	2621.03	-3.44153	4.84053
33	12	4300.74	-5.39488	4.32534
34	12	5545.78	-6.92267	3.52004
35	12	6209.21	-7.92285	2.48621
36	12	6252.38	-8.37697	1.30243
37	12	5655.14	-8.26948	0.0514935
38	12	4444.74	-7.64071	-1.18278
39	12	2762.12	-6.53742	-2.32386
40	12	812.86	-5.02491	-3.30194
41	12	-1194.73	-3.22126	-4.05577
42	12	-3061.03	-1.21579	-4.54071
43	12	-4558.11	0.872873	-4.72545
44	12	-5458.98	2.88162	-4.59686
45	12	-5651.35	4.75751	-4.16635
46	12	-5125.54	6.48338	-3.45373
47	12	-3904.3	7.87759	-2.48235
48	12	-2112.37	8.71279	-1.30311
49	12	0	4.11814e-07	0
0	13	-321.433	1.86375	-4.53095
1	13	-1790.76	4.69663	-5.37569
2	13	-3086.27	6.97816	-4.80116
3	13	-4097.28	8.59454	-3.58608
4	13	-4730.8	9.43358	-1.92204
5	13	-4928.04	9.41648	-0.0179424
6	13	-4670.9	8.54833	1.91793
7	13	-3983.95	6.89624	3.69072
8	13	-2930.03	4.61823	5.12651
9	13	-1609.51	1.91442	6.0885
10	13	-142.051	-0.959945	6.48412
11	13	1330.71	-3.74349	6.27566
12	13	2676.66	-6.18233	5.48148
13	13	3762.86	-8.04555	4.17352
14	13	4492.62	-9.1763	2.47317
15	13	4792.61	-9.44884	0.534579
16	13	4637.98	-8.84698	-1.46105
17	13	4049.67	-7.38893	-3.32918
18	13	3085.09	-5.19325	-4.88945
19	13	1847.79	-2.45291	-5.98561
20	13	443.574	0.571027	-6.50325
21	13	-1010.65	3.52034	-6.38223
22	13	-2411.53	6.05328	-5.63817
23	13	-3664.28	7.88058	-4.3597
24	13	-4657.42	8.85175	-2.69509
25	13	-5274.16	8.99123	-0.825655
26	13	-5410.51	8.4083	1.07294
27	13	-5006.06	7.20434	2.84924
28	13	-4085.37	5.49644	4.37112
29	13	-2751.12	3.41288	5.53149
30	13	-1121.51	1.12314	6.25125
31	13	654.128	-1.11134	6.48661
32	13	2396.68	-3.147	6.2502
33	13	3932.29	-4.93449	5.58548
34	13	5070.6	-6.33162	4.54463
35	13	5677.76	-7.24607	3.20885
36	13	5718.39	-7.66179	1.67991
37	13	5173.12	-7.56381	0.0641363
38	13	4066.37	-6.98832	-1.53013
39	13	2527.48	-5.97823	-3.00375
40	13	744.627	-4.59392	-4.26616
41	13	-1092.17	-2.94401	-5.23799
42	13	-2800.33	-1.11018	-5.8621
43	13	-4170.44	0.799347	-6.09875
44	13	-4994.35	2.63548	-5.93138
45	13	-5169.86	4.35009	-5.37519
46	13	-4688.62	5.92803	-4.45588
47	13	-3571.27	7.2034	-3.20294
48	13	-1932.01	7.96779	-1.68152
49	13	0	3.69278e-07	0
0	14	-291.855	1.95889	-5.86625
1	14	-1580.69	4.37093	-6.75399
2	14	-2717.49	6.28515	-6.01906
3	14	-3605.03	7.6441	-4.48614
4	14	-4161.26	8.34549	-2.42867
5	14	-4334.23	8.31	-0.103241
6	14	-4107.87	7.53498	2.24504
7	14	-3503.65	6.07549	4.38772
8	14	-2576.85	4.06832	6.12011
9	14	-1415.63	1.68829	7.28071
10	14	-125.255	-0.84074	7.76007
11	14	1169.82	-3.28943	7.51403
12	14	2353.35	-5.43455	6.56507
13	14	3308.51	-7.07345	4.99989
14	14	3950.26	-8.06801	2.96399
15	14	4214.09	-8.30794	0.64239
16	14	4078.26	-7.77898	-1.74794
17	14	3560.98	-6.49694	-3.98576
18	14	2712.93	-4.5666	-5.85484
19	14	1625.08	-2.157	-7.16828
20	14	390.381	0.501815	-7.78863
21	14	-888.126	3.09493	-7.64406
22	14	-2119.9	5.32234	-6.75318
23	14	-3221.42	6.92888	-5.22192
24	14	-4094.66	7.78296	-3.22828
25	14	-4637.19	7.90578	-0.989018
26	14	-4757.08	7.39276	1.28532
27	14	-4401.43	6.33426	3.41264
28	14	-3592	4.83304	5.23515
29	14	-2418.69	3.00139	6.62515
30	14	-985.658	0.988576	7.48807
31	14	575.481	-0.976188	7.77148
32	14	2107.3	-2.76698	7.48964
33	14	3457.05	-4.33944	6.69343
34	14	4457.71	-5.56795	5.44554
35	14	4992.01	-6.37196	3.84438
36	14	5028.71	-6.73802	2.01208
37	14	4550.04	-6.65233	0.0753241
38	14	3577	-6.14581	-1.83604
39	14	2223.65	-5.25647	-3.60248
40	14	655.772	-4.0383	-5.11479
41	14	-959.985	-2.5872	-6.27786
42	14	-2463.17	-0.974886	-7.02388
43	14	-3668.82	0.703647	-7.30595
44	14	-4393.35	2.3175	-7.10455
45	14	-4547.35	3.82451	-6.43802
46	14	-4123.81	5.21171	-5.33711
47	14	-3140.77	6.33358	-3.83679
48	14	-1698.9	7.00644	-2.01453
49	14	0	3.1745e-07	0
0	15	-255.091	2.11827	-7.05711
1	15	-1327.22	3.95455	-8.07173
2	15	-2274.11	5.41096	-7.15308
3	15	-3014.15	6.46896	-5.30116
4	15	-3478.13	7.0166	-2.88442
5	15	-3622.25	6.96779	-0.191612
6	15	-3432.9	6.31018	2.50895
7	15	-2927.92	5.08519	4.96469
8	15	-2153.46	3.40488	6.94717
9	15	-1183.13	1.41429	8.27501
10	15	-104.919	-0.700042	8.82516
11	15	977.237	-2.74688	8.54823
12	15	1966.18	-4.53971	7.47026
13	15	2764.31	-5.90952	5.69037
14	15	3300.6	-6.74075	3.3742
15	15	3521.05	-6.94139	0.732632
16	15	3407.64	-6.49963	-1.98742
17	15	2975.44	-5.4284	-4.53412
18	15	2266.91	-3.81572	-6.66114
19	15	1358.04	-1.80237	-8.15608
20	15	326.4	0.41913	-8.86215
21	15	-741.687	2.58558	-8.69786
22	15	-1770.87	4.44687	-7.6845
23	15	-2691.24	5.78907	-5.94212
24	15	-3420.82	6.50273	-3.67368
25	15	-3874.28	6.6055	-1.1255
26	15	-3974.49	6.17654	1.46282
27	15	-3677.35	5.2923	3.8833
28	15	-3001.17	4.03836	5.95693
29	15	-2020.66	2.50806	7.53889
30	15	-823.12	0.826549	8.52143
31	15	481.167	-0.815065	8.84491
32	15	1760.71	-2.31179	8.52503
33	15	2888.02	-3.62601	7.61898
34	15	3723.92	-4.65255	6.19828
35	15	4170.72	-5.32442	4.37557
36	15	4202.13	-5.63075	2.28986
37	15	3802.77	-5.55955	0.0847381
38	15	2989.8	-5.13589	-2.09202
39	15	1858.84	-4.39184	-4.10339
40	15	548.684	-3.37335	-5.82437
41	15	-801.781	-2.16069	-7.14694
42	15	-2058.68	-0.813633	-7.99457
43	15	-3066.8	0.588488	-8.31442
44	15	-3672.25	1.93643	-8.08454
45	15	-3800.66	3.19511	-7.3259
46	15	-3446.42	4.35395	-6.07346
47	15	-2624.57	5.29177	-4.3667
48	15	-1419.47	5.8547	-2.29312
49	15	0	2.58255e-07	0
0	16	-212.045	2.3981	-8.07421
1	16	-1036.55	3.43458	-9.38073
2	16	-1767.73	4.35495	-8.18285
3	16	-2340.48	5.08859	-5.99783
4	16	-2699.88	5.47773	-3.266
5	16	-2811.41	5.42419	-0.273294
6	16	-2664.32	4.9064	2.70703
7	16	-2272.36	3.95191	5.40876
8	16	-1671.33	2.64583	7.58685
9	16	-918.312	1.09982	9.04538
10	16	-81.5909	-0.54168	9.65098
11	16	758.195	-2.13058	9.35043
12	16	1525.66	-3.52213	8.17255
13	16	2145.02	-4.58536	6.22619
14	16	2561.24	-5.23056	3.69264
15	16	2732.32	-5.38634	0.802793
16	16	2644.37	-5.0437	-2.17303
17	16	2309.02	-4.2124	-4.95943
18	16	1759.21	-2.96109	-7.2866
19	16	1054.01	-1.39874	-8.92236
20	16	253.428	0.325168	-9.69501
21	16	-575.334	2.00619	-9.51537
22	16	-1373.96	3.4507	-8.407
23	16	-2088.18	4.49215	-6.50081
24	16	-2654.24	5.04589	-4.01912
25	16	-3006.19	5.12571	-1.23135
26	16	-3084	4.79271	1.60045
27	16	-2853.52	4.10678	4.24832
28	16	-2328.91	3.13394	6.51698
29	16	-1567.85	1.94633	8.24808
30	16	-638.379	0.641614	9.32333
31	16	373.65	-0.632191	9.67771
32	16	1366.28	-1.7938	9.32823
33	16	2240.71	-2.81379	8.33704
34	16	2889.27	-3.61049	6.78247
35	16	3236.28	-4.132	4.78797
36	16	3261.14	-4.37003	2.50558
37	16	2951.59	-4.31504	0.0920175
38	16	2320.73	-3.98593	-2.29095
39	16	1442.97	-3.4079	-4.49246
40	16	426.276	-2.61721	-6.37523
41	16	-621.908	-1.67609	-7.82146
42	16	-1597.89	-0.630786	-8.74788
43	16	-2380.72	0.457049	-9.09691
44	16	-2850.62	1.5027	-8.84483
45	16	-2950.06	2.47907	-8.01474
46	16	-2674.89	3.37817	-6.64487
47	16	-2036.79	4.10627	-4.77815
48	16	-1101.42	4.5437	-2.50959
49	16	0	1.93792e-07	0
0	17	-163.779	2.89939	-8.89248
1	17	-715.388	2.75746	-10.8214
2	17	-1211.61	3.10896	-9.06807
3	17	-1602.19	3.52811	-6.53062
4	17	-1847.63	3.76741	-3.54666
5	17	-1923.75	3.72065	-0.337199
6	17	-1823.03	3.362	2.83875
7	17	-1554.82	2.70681	5.71057
8	17	-1143.59	1.81206	8.02336
9	17	-628.383	0.753651	9.57177
10	17	-55.9131	-0.369812	10.2156
11	17	518.644	-1.45715	9.89904
12	17	1043.73	-2.40937	8.65294
13	17	1467.48	-3.13691	6.59277
14	17	1752.28	-3.57843	3.91061
15	17	1869.35	-3.68507	0.850964
16	17	1809.22	-3.45072	-2.29984
17	17	1579.8	-2.88198	-5.25023
18	17	1203.67	-2.02595	-7.71434
19	17	721.233	-0.95705	-9.44651
20	17	173.474	0.222429	-10.2648
21	17	-393.531	1.37249	-10.0747
22	17	-939.943	2.36087	-8.90126
23	17	-1428.57	3.07331	-6.88287
24	17	-1815.76	3.45206	-4.25525
25	17	-2056.57	3.50673	-1.30372
26	17	-2109.86	3.27888	1.6945
27	17	-1952.25	2.80975	4.49793
28	17	-1593.39	2.14425	6.90017
29	17	-1072.56	1.33161	8.7334
30	17	-436.53	0.439011	9.87195
31	17	255.793	-0.432393	10.2473
32	17	934.724	-1.22714	9.87754
33	17	1532.78	-1.92504	8.82824
34	17	1976.47	-2.47023	7.18227
35	17	2214.07	-2.82714	5.07027
36	17	2231.33	-2.99015	2.65322
37	17	2019.69	-2.95263	0.0969204
38	17	1588.06	-2.72726	-2.42722
39	17	987.472	-2.33147	-4.7588
40	17	291.909	-1.79037	-6.75217
41	17	-425.312	-1.14645	-8.283
42	17	-1093.38	-0.431257	-9.26334
43	17	-1629.27	0.312915	-9.63226
44	17	-1950.8	1.02812	-9.36489
45	17	-2018.72	1.6959	-8.4859
46	17	-1830.29	2.31094	-7.0358
47	17	-1393.53	2.8093	-5.05981
48	17	-753.482	3.10892	-2.65788
49	17	0	1.26578e-07	0
0	18	-111.479	3.81528	-9.4918
1	18	-370.312	1.76789	-12.7251
2	18	-620.426	1.66133	-9.69469
3	18	-819.382	1.82332	-6.83627
4	18	-944.654	1.9331	-3.69876
5	18	-983.498	1.90525	-0.372873
6	18	-931.978	1.72034	2.90477
7	18	-794.858	1.38469	5.86418
8	18	-584.631	0.926912	8.24614
9	18	-321.258	0.385645	9.84063
10	18	-28.616	-0.188799	10.5041
11	18	265.099	-0.744727	10.1794
12	18	533.516	-1.23154	8.89847
13	18	750.141	-1.6035	6.78017
14	18	895.731	-1.82923	4.02205
15	18	955.578	-1.88375	0.875648
16	18	924.862	-1.76399	-2.36455
17	18	807.608	-1.47326	-5.39877
18	18	615.348	-1.0357	-7.93294
19	18	368.732	-0.489267	-9.71446
20	18	88.7038	0.113693	-10.5561
21	18	-201.145	0.701593	-10.3606
22	18	-480.48	1.20689	-9.15392
23	18	-730.253	1.57104	-7.07809
24	18	-928.139	1.76461	-4.3759
25	18	-1051.25	1.79259	-1.34074
26	18	-1078.51	1.67611	1.74256
27	18	-997.963	1.43634	4.62552
28	18	-814.532	1.09617	7.09607
29	18	-548.246	0.680702	8.98153
30	18	-223.07	0.224418	10.1524
31	18	130.812	-0.221	10.5384
32	18	477.804	-0.627259	10.1583
33	18	783.456	-0.984037	9.07932
34	18	1010.26	-1.26278	7.38671
35	18	1131.8	-1.44528	5.21464
36	18	1140.69	-1.52866	2.7287
37	18	1032.55	-1.5095	0.0993803
38	18	811.887	-1.39422	-2.49695
39	18	504.856	-1.1918	-4.89498
40	18	149.31	-0.915163	-6.94486
41	18	-217.349	-0.585984	-8.51895
42	18	-558.974	-0.220359	-9.52687
43	18	-833.021	0.160037	-9.90593
44	18	-997.396	0.525578	-9.6307
45	18	-1032.07	0.866871	-8.72669
46	18	-935.695	1.18124	-7.23563
47	18	-712.361	1.43608	-5.20385
48	18	-385.144	1.58937	-2.73376
49	18	0	6.02425e-08	0
0	19	0	0	-9.85739
1	19	0	0	-0.211454
2	19	0	0	-0.161069
3	19	0	0	-0.113577
4	19	0	0	-0.0614352
5	19	0	0	-0.00614256
6	19	0	0	0.0483563
7	19	0	0	0.0975725
8	19	0	0	0.137184
9	19	0	0	0.163703
10	19	0	0	0.174734
11	19	0	0	0.16933
12	19	0	0	0.148022
13	19	0	0	0.112783
14	19	0	0	0.0669045
15	19	0	0	0.014568
16	19	0	0	-0.039331
17	19	0	0	-0.0898
18	19	0	0	-0.131953
19	19	0	0	-0.161589
20	19	0	0	-0.175587
21	19	0	0	-0.17234
22	19	0	0	-0.152264
23	19	0	0	-0.117726
24	19	0	0	-0.0727749
25	19	0	0	-0.0222793
26	19	0	0	0.0290014
27	19	0	0	0.0769502
28	19	0	0	0.118052
29	19	0	0	0.149403
30	19	0	0	0.168857
31	19	0	0	0.175265
32	19	0	0	0.168936
33	19	0	0	0.150987
34	19	0	0	0.122838
35	19	0	0	0.0867255
36	19	0	0	0.0453968
37	19	0	0	0.00167511
38	19	0	0	-0.0415168
39	19	0	0	-0.0814244
40	19	0	0	-0.115536
41	19	0	0	-0.141721
42	19	0	0	-0.158474
43	19	0	0	-0.164753
44	19	0	0	-0.160156
45	19	0	0	-0.145126
46	19	0	0	-0.120339
47	19	0	0	-0.0865427
48	19	0	0	-0.0454567
49	19	0	0	0
