0	0	-0
1	0	0
2	0	0
3	0	0
4	0	0
5	0	0
6	0	0
7	0	0
8	0	0
9	0	0
10	0	0
11	0	0
12	0	0
13	0	0
14	0	0
15	0	0
16	0	0
17	0	0
18	0	0
19	0	0
20	0	0
21	0	0
22	0	0
23	0	0
24	0	0
25	0	0
26	0	0
27	0	0
28	0	0
29	0	0
30	0	0
31	0	0
32	0	0
33	0	0
34	0	0
35	0	0
36	0	0
37	0	0
38	0	0
39	0	0
40	0	0
41	0	0
42	0	0
43	0	0
44	0	0
45	0	0
46	0	0
47	0	0
48	0	0
49	0	0
50	0	0
0	1	-56.4342
1	1	-188.508
2	1	-471.684
3	1	-264.102
4	1	247.579
5	1	735.681
6	1	886.914
7	1	532.46
8	1	-103.679
9	1	-638.308
10	1	-782.979
11	1	-384.288
12	1	263.778
13	1	918.807
14	1	917.836
15	1	-750.863
16	1	7282.43
17	1	-28800.1
18	1	50889.6
19	1	146851
20	1	-1.74885e+06
21	1	8.28138e+06
22	1	-2.26673e+07
23	1	6.45106e+06
24	1	3.25876e+08
25	1	-2.11197e+09
26	1	7.74304e+09
27	1	-1.35861e+10
28	1	-4.1419e+10
29	1	4.75088e+11
30	1	-2.25821e+12
31	1	6.23133e+12
32	1	-1.8791e+12
33	1	-8.91942e+13
34	1	5.80314e+14
35	1	-2.13528e+15
36	1	3.7746e+15
37	1	1.12983e+16
38	1	-1.30844e+17
39	1	6.24251e+17
40	1	-1.73184e+18
41	1	5.69893e+17
42	1	2.45598e+19
43	1	-1.60849e+20
44	1	5.94684e+20
45	1	-1.06236e+21
46	1	-3.08935e+21
47	1	3.63199e+22
48	1	-1.74167e+23
49	1	4.84928e+23
50	1	0
0	2	-111.479
1	2	-425.522
2	2	-979.666
3	2	-568.682
4	2	441.155
5	2	1407.34
6	2	1714.34
7	2	1028.9
8	2	-212.254
9	2	-1257.84
10	2	-1543.6
11	2	-768.681
12	2	498.637
13	2	1780.03
14	2	1737.15
15	2	-1396.69
16	2	14213.9
17	2	-56328.1
18	2	101956
19	2	263659
20	2	-3.33707e+06
21	2	1.61285e+07
22	2	-4.50877e+07
23	2	1.79034e+07
24	2	6.16694e+08
25	2	-4.08998e+09
26	2	1.52317e+10
27	2	-2.77235e+10
28	2	-7.55551e+10
29	2	9.14618e+11
30	2	-4.41503e+12
31	2	1.24073e+13
32	2	-5.01449e+12
33	2	-1.69928e+14
34	2	1.12908e+15
35	2	-4.21155e+15
36	2	7.68505e+15
37	2	2.0845e+16
38	2	-2.53178e+17
39	2	1.22427e+18
40	2	-3.44978e+18
41	2	1.43522e+18
42	2	4.71031e+19
43	2	-3.14053e+20
44	2	1.17444e+21
45	2	-2.1538e+21
46	2	-5.76655e+21
47	2	7.05796e+22
48	2	-3.42229e+23
49	2	9.64609e+23
50	2	0
0	3	-163.779
1	3	-755.366
2	3	-1563.95
3	3	-951.726
4	3	545.095
5	3	1983.38
6	3	2457.84
7	3	1474.74
8	3	-330.923
9	3	-1859.4
10	3	-2283.96
11	3	-1162.92
12	3	686.892
13	3	2557.28
14	3	2415.07
15	3	-1855.74
16	3	20613.1
17	3	-82472.9
18	3	155093
19	3	332979
20	3	-4.69018e+06
21	3	2.34031e+07
22	3	-6.7569e+07
23	3	3.81343e+07
24	3	8.54195e+08
25	3	-5.88278e+09
26	3	2.24496e+10
27	3	-4.31124e+10
28	3	-9.80126e+10
29	3	1.30312e+12
30	3	-6.446e+12
31	3	1.86235e+13
32	3	-1.0362e+13
33	3	-2.37982e+14
34	3	1.63592e+15
35	3	-6.23227e+15
36	3	1.19134e+16
37	3	2.76043e+16
38	3	-3.63631e+17
39	3	1.79596e+18
40	3	-5.18159e+18
41	3	2.82595e+18
42	3	6.66836e+19
43	3	-4.5751e+20
44	3	1.74135e+21
45	3	-3.31933e+21
46	3	-7.79415e+21
47	3	1.02054e+23
48	3	-5.03512e+23
49	3	1.44594e+24
50	3	0
0	4	-212.045
1	4	-1196.73
2	4	-2235.51
3	4	-1427.52
4	4	535.962
5	4	2432.69
6	4	3086.93
7	4	1852.91
8	4	-457.972
9	4	-2428.73
10	4	-2988.76
11	4	-1563.99
12	4	811.712
13	4	3214.99
14	4	2928.12
15	4	-2060.52
16	4	26103
17	4	-106700
18	4	211025
19	4	345965
20	4	-5.7477e+06
21	4	2.98566e+07
22	4	-8.9668e+07
23	4	6.84599e+07
24	4	1.02382e+09
25	4	-7.42207e+09
26	4	2.92104e+10
27	4	-5.97045e+10
28	4	-1.06134e+11
29	4	1.62356e+12
30	4	-8.28904e+12
31	4	2.47718e+13
32	4	-1.82476e+13
33	4	-2.89624e+14
34	4	2.08313e+15
35	4	-8.14857e+15
36	4	1.64431e+16
37	4	3.08973e+16
38	4	-4.5777e+17
39	4	2.32295e+18
40	4	-6.89775e+18
41	4	4.82281e+18
42	4	8.23321e+19
43	4	-5.86556e+20
44	4	2.28226e+21
45	4	-4.55294e+21
46	4	-8.99818e+21
47	4	1.29575e+23
48	4	-6.53625e+23
49	4	1.92054e+24
50	4	0
0	5	-255.091
1	5	-1740.27
2	5	-2979.29
3	5	-1987.02
4	5	410.073
5	5	2740.18
6	5	3582.79
7	5	2153.73
8	5	-588.103
9	5	-2949.51
10	5	-3640.8
11	5	-1965.52
12	5	860.879
13	5	3727.59
14	5	3276.44
15	5	-2017.27
16	5	30340.7
17	5	-128297
18	5	269231
19	5	305332
20	5	-6.49612e+06
21	5	3.52826e+07
22	5	-1.10526e+08
23	5	1.07444e+08
24	5	1.12182e+09
25	5	-8.66273e+09
26	5	3.52855e+10
27	5	-7.68398e+10
28	5	-1.0015e+11
29	5	1.86664e+12
30	5	-9.88363e+12
31	5	3.06302e+13
32	5	-2.82965e+13
33	5	-3.23501e+14
34	5	2.4562e+15
35	5	-9.89368e+15
36	5	2.11015e+16
37	5	3.06949e+16
38	5	-5.32591e+17
39	5	2.78724e+18
40	5	-8.53682e+18
41	5	7.34254e+18
42	5	9.35566e+19
43	5	-6.96813e+20
44	5	2.77834e+21
45	5	-5.81031e+21
46	5	-9.34337e+21
47	5	1.52204e+23
48	5	-7.87384e+23
49	5	2.37197e+24
50	5	0
0	6	-291.855
1	6	-2339.21
2	6	-3745.54
3	6	-2589.39
4	6	192.521
5	6	2916.26
6	6	3948.42
7	6	2383.71
8	6	-704.681
9	6	-3396.34
10	6	-4212.84
11	6	-2350.12
12	6	837.361
13	6	4090
14	6	3478.7
15	6	-1806.82
16	6	33154.5
17	6	-146310
18	6	326959
19	6	223981
20	6	-6.95776e+06
21	6	3.95223e+07
22	6	-1.28974e+08
23	6	1.5113e+08
24	6	1.15483e+09
25	6	-9.58257e+09
26	6	4.04166e+10
27	6	-9.33192e+10
28	6	-8.29664e+10
29	6	2.03066e+12
30	6	-1.11732e+13
31	6	3.58816e+13
32	6	-3.95021e+13
33	6	-3.40528e+14
34	6	2.74432e+15
35	6	-1.13875e+16
36	6	2.55786e+16
37	6	2.75753e+16
38	6	-5.86571e+17
39	6	3.17024e+18
40	6	-1.00107e+19
41	6	1.01529e+19
42	6	1.00339e+20
43	6	-7.84408e+20
44	6	3.20639e+21
45	6	-7.0135e+21
46	6	-8.92724e+21
47	6	1.69272e+23
48	6	-8.99149e+23
49	6	2.77712e+24
50	6	0
0	7	-321.433
1	7	-2918.89
2	7	-4459.09
3	7	-3169.95
4	7	-69.0936
5	7	2991.8
6	7	4204.25
7	7	2561.8
8	7	-783.354
9	7	-3737.71
10	7	-4670.56
11	7	-2689.66
12	7	759.108
13	7	4313.88
14	7	3562.34
15	7	-1534.92
16	7	34613.1
17	7	-159787
18	7	378930
19	7	122340
20	7	-7.17215e+06
21	7	4.24657e+07
22	7	-1.43753e+08
23	7	1.93832e+08
24	7	1.13736e+09
25	7	-1.01778e+10
26	7	4.43402e+10
27	7	-1.07628e+11
28	7	-5.93595e+10
29	7	2.12008e+12
30	7	-1.21087e+13
31	7	4.01592e+13
32	7	-5.04458e+13
33	7	-3.43336e+14
34	7	2.94057e+15
35	7	-1.25462e+16
36	7	2.94824e+16
37	7	2.25522e+16
38	7	-6.19523e+17
39	7	3.45457e+18
40	7	-1.12181e+19
41	7	1.2922e+19
42	7	1.0305e+20
43	7	-8.46253e+20
44	7	3.54188e+21
45	7	-8.0644e+21
46	7	-7.94764e+21
47	7	1.80399e+23
48	7	-9.83457e+23
49	7	3.1096e+24
50	7	0
0	8	-343.097
1	8	-3402.71
2	8	-5043.94
3	8	-3662.54
4	8	-324.871
5	8	2999.38
6	8	4370.12
7	8	2702.65
8	8	-807.31
9	8	-3951.09
10	8	-4987.63
11	8	-2958.82
12	8	645.788
13	8	4407.81
14	8	3548.87
15	8	-1280.2
16	8	34981.2
17	8	-168054
18	8	418304
19	8	23692.3
20	8	-7.18107e+06
21	8	4.40556e+07
22	8	-1.53743e+08
23	8	2.29308e+08
24	8	1.08785e+09
25	8	-1.04572e+10
26	8	4.68243e+10
27	8	-1.18244e+11
28	8	-3.47883e+10
29	8	2.14333e+12
30	8	-1.26538e+13
31	8	4.31122e+13
32	8	-5.96076e+13
33	8	-3.35465e+14
34	8	3.04197e+15
35	8	-1.32957e+16
36	8	3.2416e+16
37	8	1.6823e+16
38	8	-6.3231e+17
39	8	3.62638e+18
40	8	-1.2062e+19
41	8	1.52899e+19
42	8	1.02308e+20
43	8	-8.80338e+20
44	8	3.76291e+21
45	8	-8.86342e+21
46	8	-6.65342e+21
47	8	1.85493e+23
48	8	-1.0358e+24
49	8	3.34421e+24
50	8	0
0	9	-356.312
1	9	-3719.9
2	9	-5430.1
3	9	-4004.79
4	9	-526.178
5	9	2971.17
6	9	4464.67
7	9	2817.71
8	9	-764.493
9	9	-4019.88
10	9	-5142.58
11	9	-3132.3
12	9	521.484
13	9	4379.35
14	9	3459.71
15	9	-1067.87
16	9	34588.2
17	9	-170768
18	9	438823
19	9	-52045.2
20	9	-7.02307e+06
21	9	4.42968e+07
22	9	-1.58134e+08
23	9	2.52092e+08
24	9	1.02396e+09
25	9	-1.04371e+10
26	9	4.77084e+10
27	9	-1.23956e+11
28	9	-1.4136e+10
29	9	2.11036e+12
30	9	-1.27897e+13
31	9	4.44739e+13
32	9	-6.56904e+13
33	9	-3.20486e+14
34	9	3.04943e+15
35	9	-1.35847e+16
36	9	3.40579e+16
37	9	1.15012e+16
38	9	-6.26524e+17
39	9	3.6776e+18
40	9	-1.2469e+19
41	9	1.69431e+19
42	9	9.88301e+19
43	9	-8.85993e+20
44	9	3.8541e+21
45	9	-9.32903e+21
46	9	-5.29078e+21
47	9	1.84741e+23
48	9	-1.0534e+24
49	9	3.46173e+24
50	9	0
0	10	-360.753
1	10	-3816.34
2	10	-5563.61
3	10	-4147.15
4	10	-633.583
5	10	2932.84
6	10	4501.2
7	10	2912.64
8	10	-650.239
9	10	-3935.74
10	10	-5121.81
11	10	-3189.36
12	10	408.654
13	10	4238.34
14	10	3317.61
15	10	-897.349
16	10	33651.7
17	10	-167832
18	10	437145
19	10	-93316.1
20	10	-6.7337e+06
21	10	4.32549e+07
22	10	-1.56537e+08
23	10	2.5871e+08
24	10	9.5843e+08
25	10	-1.01394e+10
26	10	4.694e+10
27	10	-1.24104e+11
28	10	-6.96768e+08
29	10	2.03054e+12
30	10	-1.25197e+13
31	10	4.4117e+13
32	10	-6.78826e+13
33	10	-3.01296e+14
34	10	2.96758e+15
35	10	-1.33953e+16
36	10	3.42273e+16
37	10	7.39674e+15
38	10	-6.04184e+17
39	10	3.60761e+18
40	10	-1.24033e+19
41	10	1.76754e+19
42	10	9.32934e+19
43	10	-8.64039e+20
44	10	3.8097e+21
45	10	-9.41333e+21
46	10	-4.05753e+21
47	10	1.78578e+23
48	10	-1.03575e+24
49	10	3.45243e+24
50	10	0
0	11	-356.312
1	11	-3672.76
2	11	-5424.06
3	11	-4069.71
4	11	-632.292
5	11	2890.56
6	11	4477.19
7	11	2978.49
8	11	-475.996
9	11	-3706.89
10	11	-4927.22
11	11	-3123.26
12	11	319.251
13	11	3998.3
14	11	3146.04
15	11	-777.845
16	11	32173.1
17	11	-159405
18	11	414097
19	11	-98155.4
20	11	-6.34386e+06
21	11	4.10406e+07
22	11	-1.49071e+08
23	11	2.48473e+08
24	11	8.96904e+08
25	11	-9.59041e+09
26	11	4.45943e+10
27	11	-1.18704e+11
28	11	4.36688e+09
29	11	1.91138e+12
30	11	-1.18708e+13
31	11	4.20834e+13
32	11	-6.60021e+13
33	11	-2.7969e+14
34	11	2.80455e+15
35	11	-1.27482e+16
36	11	3.29169e+16
37	11	4.8895e+15
38	11	-5.67511e+17
39	11	3.42381e+18
40	11	-1.1874e+19
41	11	1.74219e+19
42	11	8.62457e+19
43	11	-8.16777e+20
44	11	3.63484e+21
45	11	-9.11029e+21
46	11	-3.07446e+21
47	11	1.67646e+23
48	11	-9.84791e+23
49	11	3.31796e+24
50	11	0
0	12	-343.097
1	12	-3306.03
2	12	-5026.29
3	12	-3783.89
4	12	-532.778
5	12	2831.78
6	12	4376.69
7	12	2994.76
8	12	-265.895
9	12	-3355.14
10	12	-4573.29
11	12	-2939.48
12	12	256.216
13	12	3679.34
14	12	2965.45
15	12	-725.898
16	12	29994.7
17	12	-146042
18	12	374094
19	12	-72177.7
20	12	-5.8738e+06
21	12	3.77886e+07
22	12	-1.36391e+08
23	12	2.23609e+08
24	12	8.38047e+08
25	12	-8.82104e+09
26	12	4.0869e+10
27	12	-1.08438e+11
28	12	2.01999e+09
29	12	1.75817e+12
30	12	-1.08913e+13
31	12	3.85777e+13
32	12	-6.0495e+13
33	12	-2.56291e+14
34	12	2.57135e+15
35	12	-1.16998e+16
36	12	3.029e+16
37	12	3.91476e+15
38	12	-5.18765e+17
39	12	3.14092e+18
40	12	-1.09335e+19
41	12	1.62601e+19
42	12	7.80677e+19
43	12	-7.47766e+20
44	12	3.34489e+21
45	12	-8.45515e+21
46	12	-2.3775e+21
47	12	1.52732e+23
48	12	-9.04725e+23
49	12	3.07085e+24
50	12	0
0	13	-321.433
1	13	-2766.1
2	13	-4417.39
3	13	-3329.55
4	13	-367.191
5	13	2729.19
6	13	4173.91
7	13	2932.95
8	13	-52.4272
9	13	-2912.6
10	13	-4085.02
11	13	-2654.09
12	13	215.371
13	13	3300.17
14	13	2777.94
15	13	-739.422
16	13	26988.4
17	13	-128750
18	13	323157
19	13	-26037.4
20	13	-5.32788e+06
21	13	3.36486e+07
22	13	-1.19626e+08
23	13	1.88627e+08
24	13	7.75445e+08
25	13	-7.86575e+09
26	13	3.60553e+10
27	13	-9.4496e+10
28	13	-5.13133e+09
29	13	1.57443e+12
30	13	-9.64543e+12
31	13	3.39286e+13
32	13	-5.22952e+13
33	13	-2.30767e+14
34	13	2.28097e+15
35	13	-1.03338e+16
36	13	2.66405e+16
37	13	4.0514e+15
38	13	-4.60145e+17
39	13	2.77894e+18
40	13	-9.66677e+18
41	13	1.43802e+19
42	13	6.89824e+19
43	13	-6.61415e+20
44	13	2.96282e+21
45	13	-7.51543e+21
46	13	-1.92942e+21
47	13	1.34699e+23
48	13	-8.01348e+23
49	13	2.73201e+24
50	13	0
0	14	-291.855
1	14	-2124.85
2	14	-3665.28
3	14	-2763.66
4	14	-178.869
5	14	2550.4
6	14	3841.2
7	14	2763.67
8	14	130.419
9	14	-2415.62
10	14	-3494.66
11	14	-2290.23
12	14	187.648
13	14	2869
14	14	2555.06
15	14	-782.474
16	14	23215.2
17	14	-108807
18	14	266852
19	14	26241.9
20	14	-4.69591e+06
21	14	2.87916e+07
22	14	-1.00176e+08
23	14	1.49075e+08
24	14	7.00449e+08
25	14	-6.76047e+09
26	14	3.0489e+10
27	14	-7.83253e+10
28	14	-1.36478e+10
29	14	1.36274e+12
30	14	-8.20478e+12
31	14	2.85249e+13
32	14	-4.25855e+13
33	14	-2.02252e+14
34	14	1.94718e+15
35	14	-8.74694e+15
36	14	2.23289e+16
37	14	4.68039e+15
38	14	-3.93713e+17
39	14	2.36025e+18
40	14	-8.17542e+18
41	14	1.2035e+19
42	14	5.90985e+19
43	14	-5.6244e+20
44	14	2.51532e+21
45	14	-6.37623e+21
46	14	-1.64551e+21
47	14	1.14403e+23
48	14	-6.81188e+23
49	14	2.32679e+24
50	14	0
0	15	-255.091
1	15	-1465.42
2	15	-2847.03
3	15	-2149.09
4	15	-12.6586
5	15	2266.19
6	15	3356.25
7	15	2463.18
8	15	253.299
9	15	-1898.81
10	15	-2836.67
11	15	-1872.45
12	15	163.177
13	15	2385.46
14	15	2250.44
15	15	-795.454
16	15	18918.6
17	15	-87419.9
18	15	209249
19	15	69299.7
20	15	-3.96173e+06
21	15	2.34138e+07
22	15	-7.9455e+07
23	15	1.10095e+08
24	15	6.05217e+08
25	15	-5.53943e+09
26	15	2.4495e+10
27	15	-6.13406e+10
28	15	-2.0181e+10
29	15	1.1257e+12
30	15	-6.63889e+12
31	15	2.27443e+13
32	15	-3.25242e+13
33	15	-1.69833e+14
34	15	1.58307e+15
35	15	-7.03273e+15
36	15	1.77097e+16
37	15	5.16843e+15
38	15	-3.21339e+17
39	15	1.90631e+18
40	15	-6.55909e+18
41	15	9.48121e+18
42	15	4.84683e+19
43	15	-4.55281e+20
44	15	2.02839e+21
45	15	-5.12336e+21
46	15	-1.42525e+21
47	15	9.26169e+22
48	15	-5.5053e+23
49	15	1.8805e+24
50	15	0
0	16	-212.045
1	16	-873.306
2	16	-2038.75
3	16	-1545.49
4	16	91.9592
5	16	1855.65
6	16	2707.02
7	16	2017.53
8	16	294.794
9	16	-1392.04
10	16	-2143.78
11	16	-1424.01
12	16	133.191
13	16	1847.85
14	16	1829.66
15	16	-726.615
16	16	14363.4
17	16	-65490.5
18	16	152971
19	16	90172.6
20	16	-3.11444e+06
21	16	1.77167e+07
22	16	-5.86293e+07
23	16	7.52568e+07
24	16	4.85267e+08
25	16	-4.23235e+09
26	16	1.83374e+10
27	16	-4.46619e+10
28	16	-2.2299e+10
29	16	8.66617e+11
30	16	-5.00622e+12
31	16	1.68882e+13
32	16	-2.30029e+13
33	16	-1.3298e+14
34	16	1.19986e+15
35	16	-5.26777e+15
36	16	1.30659e+16
37	16	5.03186e+15
38	16	-2.44659e+17
39	16	1.43487e+18
40	16	-4.8992e+18
41	16	6.92657e+18
42	16	3.71433e+19
43	16	-3.4361e+20
44	16	1.52351e+21
45	16	-3.82813e+21
46	16	-1.18197e+21
47	16	6.99649e+22
48	16	-4.14577e+23
49	16	1.41444e+24
50	16	0
0	17	-163.779
1	17	-411.272
2	17	-1290.48
3	17	-987.196
4	17	119.704
5	17	1322.28
6	17	1906.68
7	17	1436.36
8	17	253.155
9	17	-909.989
10	17	-1437.08
11	17	-959.983
12	17	94.1886
13	17	1261.81
14	17	1292.26
15	17	-558.618
16	17	9688.84
17	17	-43564.1
18	17	99492.7
19	17	82604.6
20	17	-2.15749e+06
21	17	1.18709e+07
22	17	-3.84353e+07
23	17	4.59999e+07
24	17	3.40916e+08
25	17	-2.86365e+09
26	17	1.21869e+10
27	17	-2.89319e+10
28	17	-1.9028e+10
29	17	5.89815e+11
30	17	-3.348e+12
31	17	1.11411e+13
32	17	-1.44907e+13
33	17	-9.18276e+13
34	17	8.06073e+14
35	17	-3.50213e+15
36	17	8.56674e+15
37	17	4.04522e+15
38	17	-1.65048e+17
39	17	9.5809e+17
40	17	-3.24814e+18
41	17	4.49507e+18
42	17	2.52155e+19
43	17	-2.30017e+20
44	17	1.01514e+21
45	17	-2.5373e+21
46	17	-8.6386e+20
47	17	4.68916e+22
48	17	-2.76913e+23
49	17	9.43253e+23
50	17	0
0	18	-111.479
1	18	-115.712
2	18	-620.353
3	18	-480.888
4	18	79.6908
5	18	692.74
6	18	991.791
7	18	751.773
8	18	145.299
9	18	-452.251
10	18	-726.017
11	18	-487.162
12	18	48.2079
13	18	642.966
14	18	670.943
15	18	-306.409
16	18	4920.92
17	18	-21866.6
18	18	49115.6
19	18	49303.8
20	18	-1.11264e+06
21	18	5.9845e+06
22	18	-1.90873e+07
23	18	2.17288e+07
24	18	1.77257e+08
25	18	-1.45423e+09
26	18	6.11278e+09
27	18	-1.4249e+10
28	18	-1.0998e+10
29	18	3.00606e+11
30	18	-1.68649e+12
31	18	5.55941e+12
32	18	-6.9911e+12
33	18	-4.72574e+13
34	18	4.07309e+14
35	18	-1.75694e+15
36	18	4.25579e+15
37	18	2.2752e+15
38	18	-8.36417e+16
39	18	4.82105e+17
40	18	-1.62626e+18
41	18	2.21574e+18
42	18	1.28362e+19
43	18	-1.15952e+20
44	18	5.10034e+20
45	18	-1.26983e+21
46	18	-4.62435e+20
47	18	2.36607e+22
48	18	-1.39368e+23
49	18	4.74113e+23
50	18	0
0	19	-56.4342
1	19	0
2	19	0
3	19	0
4	19	0
5	19	0
6	19	0
7	19	0
8	19	0
9	19	0
10	19	0
11	19	0
12	19	0
13	19	0
14	19	0
15	19	0
16	19	0
17	19	0
18	19	0
19	19	0
20	19	0
21	19	0
22	19	0
23	19	0
24	19	0
25	19	0
26	19	0
27	19	0
28	19	0
29	19	0
30	19	0
31	19	0
32	19	0
33	19	0
34	19	0
35	19	0
36	19	0
37	19	0
38	19	0
39	19	0
40	19	0
41	19	0
42	19	0
43	19	0
44	19	0
45	19	0
46	19	0
47	19	0
48	19	0
49	19	0
50	19	0
0	20	0
1	20	0
2	20	0
3	20	0
4	20	0
5	20	0
6	20	0
7	20	0
8	20	0
9	20	0
10	20	0
11	20	0
12	20	0
13	20	0
14	20	0
15	20	0
16	20	0
17	20	0
18	20	0
19	20	0
20	20	0
21	20	0
22	20	0
23	20	0
24	20	0
25	20	0
26	20	0
27	20	0
28	20	0
29	20	0
30	20	0
31	20	0
32	20	0
33	20	0
34	20	0
35	20	0
36	20	0
37	20	0
38	20	0
39	20	0
40	20	0
41	20	0
42	20	0
43	20	0
44	20	0
45	20	0
46	20	0
47	20	0
48	20	0
49	20	0
50	20	0
