0	0	0	0	9.95562
1	0	0	0	3.43948
2	0	0	0	-0.166531
3	0	0	0	-3.54206
4	0	0	0	-4.47611
5	0	0	0	-2.31143
6	0	0	0	1.62854
7	0	0	0	4.84269
8	0	0	0	5.23844
9	0	0	0	2.46185
10	0	0	0	-1.8491
11	0	0	0	-5.04837
12	0	0	0	-5.14027
13	0	0	0	-1.98387
14	0	0	0	2.53488
15	0	0	0	5.69712
16	0	0	0	5.5443
17	0	0	0	2.13118
18	0	0	0	-2.50206
19	0	0	0	-5.60554
20	0	0	0	-5.32487
21	0	0	0	-1.92765
22	0	0	0	2.47913
23	0	0	0	5.21841
24	0	0	0	4.64947
25	0	0	0	1.24796
26	0	0	0	-2.85046
27	0	0	0	-5.10692
28	0	0	0	-4.13034
29	0	0	0	-0.634903
30	0	0	0	3.1581
31	0	0	0	4.87361
32	0	0	0	3.39187
33	0	0	0	-0.350073
34	0	0	0	-4.01262
35	0	0	0	-5.34795
36	0	0	0	-3.4443
37	0	0	0	0.769479
38	0	0	0	4.9865
39	0	0	0	6.71747
40	0	0	0	4.66457
41	0	0	0	-0.393711
42	0	0	0	-5.84028
43	0	0	0	-8.50326
44	0	0	0	-6.38032
45	0	0	0	-0.15085
46	0	0	0	6.66497
47	0	0	0	9.75394
48	0	0	0	7.01631
49	0	0	0	0
0	1	-56.4342	0.845236	9.83305
1	1	-680.319	2.09745	3.34779
2	1	-861.044	1.96585	-0.201893
3	1	-480.622	0.547318	-3.52007
4	1	224.222	-1.25451	-4.45391
5	1	801.424	-2.28764	-2.35665
6	1	874.051	-1.86703	1.48735
7	1	376.468	-0.230036	4.64235
8	1	-388.196	1.61255	5.06351
9	1	-947.351	2.50272	2.39417
10	1	-938.651	1.85453	-1.78234
11	1	-357.115	0.0465906	-4.89847
12	1	455.983	-1.84238	-5.00902
13	1	1002.1	-2.63353	-1.96903
14	1	940.555	-1.84272	2.401
15	1	299.176	0.0875863	5.46812
16	1	-549.27	1.98621	5.33204
17	1	-1085.47	2.69801	2.04495
18	1	-995.835	1.80996	-2.42029
19	1	-328.83	-0.157377	-5.40244
20	1	507.392	-1.97	-5.10944
21	1	1005.56	-2.55804	-1.80735
22	1	888.375	-1.58976	2.45764
23	1	231.686	0.332459	5.08992
24	1	-540.723	1.9781	4.50605
25	1	-955.148	2.38198	1.18046
26	1	-778.311	1.3098	-2.80474
27	1	-119.179	-0.570865	-4.9828
28	1	589.411	-2.03574	-4.00811
29	1	899.891	-2.2084	-0.585703
30	1	639.73	-0.999405	3.1134
31	1	-25.0769	0.861076	4.77549
32	1	-651.267	2.17659	3.31502
33	1	-811.711	2.13121	-0.351573
34	1	-412.348	0.778216	-3.94035
35	1	270.037	-1.1054	-5.25323
36	1	765.648	-2.44926	-3.39722
37	1	707.63	-2.45188	0.721405
38	1	104.818	-1.00688	4.85086
39	1	-621.977	1.19314	6.55974
40	1	-909.107	2.9408	4.57701
41	1	-495.726	3.1668	-0.343551
42	1	325.924	1.54833	-5.6546
43	1	946.987	-1.23461	-8.265
44	1	921.039	-3.62256	-6.21852
45	1	250.017	-3.96349	-0.169628
46	1	-634.826	-1.7962	6.45808
47	1	-1130.78	1.59213	9.46671
48	1	-868.069	4.08029	6.81254
49	1	0	-4.54188e-08	0
0	2	-111.479	1.70645	9.46836
1	2	-1336.25	4.12737	3.15235
2	2	-1692.69	3.86562	-0.26425
3	2	-948.152	1.08515	-3.46309
4	2	434.274	-2.44938	-4.39295
5	2	1569.18	-4.48185	-2.42691
6	2	1716.91	-3.66876	1.22777
7	2	747.358	-0.470761	4.26347
8	2	-748.302	3.13653	4.73003
9	2	-1845.01	4.88632	2.26709
10	2	-1833.33	3.63029	-1.64869
11	2	-700.932	0.103225	-4.60151
12	2	886.528	-3.58686	-4.74687
13	2	1954.98	-5.13736	-1.93168
14	2	1838.84	-3.59981	2.14984
15	2	590.28	0.164133	5.03067
16	2	-1062.96	3.86669	4.92548
17	2	-2107.72	5.25419	1.88007
18	2	-1932.56	3.51978	-2.26277
19	2	-631.792	-0.319307	-5.01204
20	2	997.376	-3.85245	-4.69726
21	2	1964.99	-4.99185	-1.58187
22	2	1730.55	-3.09151	2.40712
23	2	443.922	0.667827	4.83364
24	2	-1065.15	3.87936	4.22461
25	2	-1871.38	4.65897	1.0498
26	2	-1520.75	2.55268	-2.71368
27	2	-228.157	-1.13092	-4.73921
28	2	1158.68	-3.99523	-3.76973
29	2	1763.73	-4.32569	-0.491535
30	2	1250.57	-1.95131	3.02376
31	2	-53.8097	1.69545	4.58215
32	2	-1281.36	4.27328	3.16432
33	2	-1595.99	4.18418	-0.352989
34	2	-812.373	1.53041	-3.79471
35	2	527.65	-2.16492	-5.06205
36	2	1502.52	-4.80275	-3.30017
37	2	1392.47	-4.81226	0.629286
38	2	213.765	-1.9841	4.58389
39	2	-1210.48	2.326	6.24708
40	2	-1776.61	5.75316	4.40105
41	2	-972.823	6.20258	-0.24903
42	2	630.77	3.04043	-5.29305
43	2	1844.85	-2.40461	-7.79858
44	2	1796.96	-7.0806	-5.90022
45	2	489.396	-7.75239	-0.204091
46	2	-1237.21	-3.5161	6.0554
47	2	-2206.05	3.10962	8.90638
48	2	-1694.09	7.97506	6.41481
49	2	0	6.72612e-08	0
0	3	-163.779	2.54099	8.87052
1	3	-1966.22	6.08112	2.87004
2	3	-2494.44	5.69699	-0.33482
3	3	-1405.24	1.62047	-3.34688
4	3	624.322	-3.5695	-4.26335
5	3	2297.15	-6.56807	-2.48744
6	3	2526.72	-5.40248	0.886649
7	3	1118.37	-0.737534	3.73953
8	3	-1067.49	4.54253	4.26238
9	3	-2677.78	7.12102	2.09271
10	3	-2673.37	5.31298	-1.44675
11	3	-1030.39	0.180113	-4.15988
12	3	1282.6	-5.20245	-4.35191
13	3	2845.02	-7.47593	-1.85847
14	3	2684.89	-5.25022	1.80608
15	3	874.088	0.223032	4.41482
16	3	-1527.4	5.60884	4.35035
17	3	-3045.23	7.62577	1.64768
18	3	-2789.17	5.0961	-2.03621
19	3	-896.565	-0.494051	-4.4563
20	3	1469.06	-5.62846	-4.11729
21	3	2866.95	-7.26808	-1.27561
22	3	2512.23	-4.47573	2.31457
23	3	626.99	1.01756	4.4482
24	3	-1574.53	5.69445	3.81102
25	3	-2742.55	6.80929	0.862195
26	3	-2218.55	3.70848	-2.57593
27	3	-321.025	-1.68785	-4.38047
28	3	1708.11	-5.87213	-3.42269
29	3	2586.99	-6.33776	-0.359324
30	3	1826.38	-2.84383	2.88634
31	3	-90.2571	2.50549	4.29521
32	3	-1891.21	6.28461	2.94298
33	3	-2352.76	6.15303	-0.351018
34	3	-1201.29	2.25649	-3.57147
35	3	769.832	-3.17072	-4.76884
36	3	2207.57	-7.04819	-3.14686
37	3	2054.91	-7.07274	0.499328
38	3	333.27	-2.93522	4.19032
39	3	-1754.45	3.38073	5.78081
40	3	-2592.57	8.41093	4.13289
41	3	-1429.27	9.08576	-0.119658
42	3	905.878	4.47261	-4.76896
43	3	2678.55	-3.4899	-7.11629
44	3	2615.36	-10.337	-5.43084
45	3	716.073	-11.3308	-0.248995
46	3	-1797.58	-5.14586	5.47185
47	3	-3210.6	4.53412	8.09119
48	3	-2466.84	11.6424	5.83562
49	3	0	2.40315e-07	0
0	4	-212.045	3.33357	8.05427
1	4	-2556.9	7.91372	2.52079
2	4	-3250.46	7.42133	-0.389342
3	4	-1845.22	2.14778	-3.14184
4	4	786.013	-4.58132	-4.02875
5	4	2966.28	-8.49425	-2.49498
6	4	3286.16	-7.03197	0.510639
7	4	1486.43	-1.03663	3.1133
8	4	-1329.91	5.78092	3.6912
9	4	-3418.26	9.14082	1.88454
10	4	-3434.68	6.85905	-1.17796
11	4	-1339.04	0.284211	-3.58106
12	4	1628.65	-6.63356	-3.8252
13	4	3643.4	-9.57568	-1.73469
14	4	3453.23	-6.74481	1.401
15	4	1144.46	0.258687	3.66081
16	4	-1924.46	7.15484	3.64062
17	4	-3864.76	9.73459	1.3623
18	4	-3534.3	6.48374	-1.7498
19	4	-1110.21	-0.683161	-3.76483
20	4	1911.46	-7.24841	-3.40733
21	4	3684.77	-9.31662	-0.919483
22	4	3206.99	-5.69268	2.16448
23	4	769.861	1.38333	3.93397
24	4	-2059.58	7.38041	3.2751
25	4	-3546.52	8.77374	0.627362
26	4	-2850.63	4.73814	-2.38886
27	4	-390.434	-2.23789	-3.91219
28	4	2228.19	-7.62601	-2.97749
29	4	3351.02	-8.1955	-0.199355
30	4	2351.74	-3.65072	2.69595
31	4	-137.06	3.27809	3.91566
32	4	-2470.38	8.16828	2.65521
33	4	-3067.73	7.99533	-0.340784
34	4	-1572.64	2.94246	-3.26523
35	4	989.295	-4.09668	-4.36733
36	4	2864.28	-9.13181	-2.92971
37	4	2682	-9.18261	0.340414
38	4	465.943	-3.8448	3.67839
39	4	-2234.4	4.32224	5.16476
40	4	-3332.89	10.8415	3.76836
41	4	-1854.25	11.7433	0.0311546
42	4	1139.26	5.81441	-4.10195
43	4	3420.07	-4.45345	-6.23658
44	4	3350.5	-13.2993	-4.81876
45	4	923.865	-14.6012	-0.297084
46	4	-2297.69	-6.64322	4.72889
47	4	-4113.07	5.82368	7.04758
48	4	-3162.53	14.9786	5.09313
49	4	0	4.20557e-07	0
0	5	-255.091	4.06251	7.03969
1	5	-3094.64	9.57769	2.12524
2	5	-3944	8.99694	-0.403967
3	5	-2259.87	2.65773	-2.82022
4	5	912.678	-5.45521	-3.65468
5	5	3558.42	-10.2102	-2.40651
6	5	3976.92	-8.51876	0.147879
7	5	1845.2	-1.36735	2.42973
8	5	-1524.77	6.81185	3.04773
9	5	-4044.19	10.8883	1.65353
10	5	-4096.71	8.22844	-0.84957
11	5	-1621.1	0.418778	-2.88005
12	5	1911.17	-7.83361	-3.17388
13	5	4324.06	-11.3725	-1.54811
14	5	4119.77	-8.03956	0.968194
15	5	1393.14	0.269081	2.81366
16	5	-2242.35	8.458	2.83526
17	5	-4541.24	11.516	1.04117
18	5	-4144.73	7.63917	-1.41569
19	5	-1265.8	-0.883473	-2.97322
20	5	2311.9	-8.66664	-2.60955
21	5	4393.87	-11.0762	-0.546345
22	5	3792.11	-6.70171	1.94273
23	5	864.974	1.76143	3.29624
24	5	-2509.27	8.89429	2.63258
25	5	-4261.3	10.4972	0.359234
26	5	-3397.11	5.60726	-2.14861
27	5	-430.076	-2.77447	-3.34171
28	5	2709.26	-9.21656	-2.44783
29	5	4038.25	-9.85269	-0.0247739
30	5	2813.16	-4.34929	2.44545
31	5	-195.185	3.99832	3.44368
32	5	-3007.45	9.88157	2.30546
33	5	-3725.85	9.6683	-0.316886
34	5	-1919.32	3.5738	-2.871
35	5	1179.01	-4.91742	-3.85235
36	5	3455.74	-11.0006	-2.64124
37	5	3259.34	-11.0908	0.16374
38	5	611.763	-4.69488	3.06055
39	5	-2633.91	5.12	4.40671
40	5	-3975.55	12.9775	3.30444
41	5	-2236.68	14.1059	0.187199
42	5	1321.92	7.03468	-3.31739
43	5	4045.76	-5.26395	-5.18389
44	5	3979.88	-15.8842	-4.07569
45	5	1106.82	-17.4744	-0.339811
46	5	-2722.14	-7.96871	3.85358
47	5	-4886.25	6.94106	5.80911
48	5	-3760.35	17.8903	4.21041
49	5	0	5.8097e-07	0
0	6	-291.855	4.70081	5.85177
1	6	-3565.62	11.0237	1.70186
2	6	-4557.46	10.3799	-0.360941
3	6	-2639.29	3.13713	-2.36368
4	6	999.712	-6.16642	-3.11699
5	6	4056.72	-11.6688	-2.18836
6	6	4579.84	-9.82251	-0.160336
7	6	2184.75	-1.72114	1.72889
8	6	-1647.16	7.60712	2.3588
9	6	-4539.41	12.3164	1.40522
10	6	-4643.09	9.38547	-0.47657
11	6	-1871.33	0.58258	-2.08041
12	6	2119.5	-8.76715	-2.41337
13	6	4865.08	-12.8145	-1.29234
14	6	4662.99	-9.09699	0.539031
15	6	1610.14	0.255687	1.9185
16	6	-2475.48	9.48408	1.97441
17	6	-5058.96	12.9223	0.701556
18	6	-4606.65	8.53235	-1.04779
19	6	-1361.9	-1.08805	-2.11875
20	6	2657.02	-9.84278	-1.76718
21	6	4972.34	-12.4962	-0.187902
22	6	4249.46	-7.47322	1.64077
23	6	908.927	2.14215	2.54845
24	6	-2910.85	10.1942	1.90639
25	6	-4865.71	11.9301	0.076181
26	6	-3840.1	6.28786	-1.8505
27	6	-435.4	-3.2874	-2.67895
28	6	3141.09	-10.6038	-1.85093
29	6	4632.03	-11.2666	0.149181
30	6	3199.21	-4.92102	2.12716
31	6	-263.495	4.64878	2.87929
32	6	-3489.56	11.3812	1.89783
33	6	-4311.23	11.1295	-0.275156
34	6	-2233.72	4.13593	-2.38624
35	6	1332.32	-5.60888	-3.22142
36	6	3965.08	-12.6036	-2.27497
37	6	3771.44	-12.7468	-0.0175911
38	6	767.848	-5.46482	2.35371
39	6	-2940.51	5.74965	3.51935
40	6	-4501.6	14.7592	2.74078
41	6	-2565.53	16.1092	0.331005
42	6	1448.43	8.10174	-2.44525
43	6	4537.45	-5.89739	-3.98826
44	6	4485.25	-18.0199	-3.21699
45	6	1259.42	-19.8717	-0.36828
46	6	-3059.04	-9.08663	2.87724
47	6	-5508.21	7.85503	4.41523
48	6	-4243.26	20.2973	3.21464
49	6	0	7.10103e-07	0
0	7	-321.433	5.2187	4.51976
1	7	-3956.11	12.2029	1.26451
2	7	-5072.66	11.526	-0.253211
3	7	-2971.92	3.56952	-1.76917
4	7	1044.96	-6.69559	-2.40891
5	7	4446.26	-12.827	-1.82332
6	7	5075.64	-10.9022	-0.386364
7	7	2491.89	-2.08186	1.04051
8	7	-1697.93	8.1507	1.6433
9	7	-4894.16	13.3898	1.13775
10	7	-5061.72	10.2994	-0.0817494
11	7	-2084.73	0.769694	-1.21448
12	7	2246.55	-9.41117	-1.5678
13	7	5250.02	-13.8642	-0.968498
14	7	5065.15	-9.88751	0.138923
15	7	1784.86	0.222819	1.01647
16	7	-2623.94	10.2119	1.09538
17	7	-5411.49	13.9236	0.358817
18	7	-4915.07	9.1466	-0.660019
19	7	-1401.94	-1.28654	-1.23724
20	7	2933.41	-10.743	-0.920745
21	7	5402.51	-13.5392	0.129708
22	7	4567.03	-7.99023	1.25838
23	7	902.639	2.51035	1.71257
24	7	-3250.67	11.2408	1.12613
25	7	-5340.56	13.0311	-0.199638
26	7	-4165.14	6.76028	-1.48968
27	7	-404.562	-3.76233	-1.93649
28	7	3512.84	-11.7489	-1.20703
29	7	5116.98	-12.3987	0.306227
30	7	3500.57	-5.35181	1.73427
31	7	-338.811	5.20974	2.22361
32	7	-3902.43	12.624	1.43599
33	7	-4807.17	12.3372	-0.214247
34	7	-2507.68	4.61428	-1.813
35	7	1443.29	-6.14925	-2.47629
36	7	4376.2	-13.8938	-1.8263
37	7	4202.36	-14.1025	-0.189184
38	7	928.512	-6.13155	1.57889
39	7	-3146.33	6.19431	2.52067
40	7	-4896.08	16.1365	2.08091
41	7	-2830.41	17.6963	0.445692
42	7	1517.08	8.98394	-1.51838
43	7	4883.17	-6.33817	-2.68443
44	7	4853.26	-19.6483	-2.26186
45	7	1376.86	-21.7271	-0.374322
46	7	-3300.41	-9.96586	1.83392
47	7	-5963	8.54137	2.90962
48	7	-4598.63	22.1351	2.13608
49	7	0	8.05042e-07	0
0	8	-343.097	5.58742	3.07646
1	8	-4252.86	13.0703	0.820915
2	8	-5471.4	12.3933	-0.0869156
3	8	-3244.86	3.93632	-1.05208
4	8	1048.86	-7.02934	-1.54467
5	8	4714.78	-13.6479	-1.31453
6	8	5445.95	-11.7179	-0.519727
7	8	2751.22	-2.42714	0.38149
8	8	-1682.95	8.43842	0.911214
9	8	-5104.57	14.0851	0.842393
10	8	-5344.35	10.9448	0.305809
11	8	-2256.02	0.969484	-0.322113
12	8	2289.66	-9.75588	-0.669861
13	8	5468.84	-14.499	-0.586691
14	8	5313.36	-10.3905	-0.215295
15	8	1907.13	0.176989	0.142213
16	8	-2692.26	10.633	0.231282
17	8	-5599.86	14.5067	0.0262511
18	8	-5072.2	9.47779	-0.265842
19	8	-1393.14	-1.46586	-0.361291
20	8	3128.89	-11.3417	-0.104174
21	8	5672.43	-14.1827	0.389648
22	8	4739.61	-8.24843	0.804433
23	8	851.113	2.84656	0.817573
24	8	-3514.99	11.999	0.325988
25	8	-5669.9	13.7682	-0.444622
26	8	-4362.59	7.01485	-1.06267
27	8	-339.334	-4.18053	-1.12914
28	8	3812.94	-12.6152	-0.537608
29	8	5479.28	-13.2161	0.430563
30	8	3710.13	-5.63211	1.262
31	8	-416.304	5.65998	1.47993
32	8	-4230.92	13.5678	0.923756
33	8	-5196.58	13.2519	-0.136251
34	8	-2732.37	4.99414	-1.1593
35	8	1507.45	-6.52037	-1.62424
36	8	4674.64	-14.8295	-1.29351
37	8	4536.37	-15.1134	-0.336368
38	8	1085.51	-6.6703	0.760256
39	8	-3248.44	6.44534	1.43367
40	8	-5148.78	17.0711	1.33326
41	8	-3022.21	18.8191	0.516918
42	8	1529.75	9.65071	-0.570488
43	8	5077.45	-6.57957	-1.31063
44	8	5076.04	-20.7273	-1.23336
45	8	1455.32	-22.9895	-0.3516
46	8	-3442.22	-10.5808	0.758653
47	8	-6241.08	8.98355	1.33851
48	8	-4818.54	23.3561	1.00693
49	8	0	8.6678e-07	0
0	9	-356.312	5.78364	1.5574
1	9	-4443.69	13.5888	0.372312
2	9	-5736.31	12.9452	0.118497
3	9	-3444.49	4.21831	-0.246348
4	9	1014.49	-7.16057	-0.559676
5	9	4853.44	-14.1022	-0.686036
6	9	5674.47	-12.2334	-0.567559
7	9	2946.56	-2.73065	-0.244039
8	9	-1612.08	8.47681	0.164711
9	9	-5171.85	14.3908	0.50622
10	9	-5486.29	11.3027	0.653862
11	9	-2379.5	1.16719	0.55324
12	9	2251.06	-9.80443	0.242024
13	9	5518.65	-14.7122	-0.164665
14	9	5401.04	-10.5956	-0.51526
15	9	1969.08	0.125586	-0.677835
16	9	-2687.79	10.75	-0.590639
17	9	-5630.98	14.6737	-0.285002
18	9	-5085.67	9.53276	0.123151
19	9	-1344.59	-1.61214	0.481948
20	9	3234.21	-11.6231	0.656929
21	9	5776.46	-14.4188	0.58473
22	9	4768.35	-8.255	0.296044
23	9	762.826	3.12827	-0.10242
24	9	-3690.74	12.4399	-0.458309
25	9	-5842.12	14.1214	-0.637137
26	9	-4428.48	7.05232	-0.56931
27	9	-245.492	-4.51945	-0.27351
28	9	4029.12	-13.1694	0.136513
29	9	5706.79	-13.692	0.508913
30	9	3822.92	-5.75697	0.709049
31	9	-489.959	5.97802	0.654857
32	9	-4459.94	14.1742	0.366012
33	9	-5462.65	13.8372	-0.0461905
34	9	-2898.13	5.26037	-0.439425
35	9	1522.64	-6.7092	-0.679164
36	9	4848.55	-15.3767	-0.67928
37	9	4758.72	-15.7405	-0.44574
38	9	1228.49	-7.05561	-0.0761242
39	9	-3248.8	6.50246	0.285822
40	9	-5254.61	17.5377	0.511704
41	9	-3133.64	19.4408	0.534633
42	9	1491.43	10.074	0.366052
43	9	5121.14	-6.62354	0.0929761
44	9	5151.26	-21.2313	-0.158097
45	9	1492.32	-23.6241	-0.296564
46	9	-3484.24	-10.9124	-0.314335
47	9	-6339.39	9.17304	-0.251251
48	9	-4899.97	23.9317	-0.139811
49	9	0	8.97216e-07	0
0	10	-360.753	5.79384	-1.02953e-12
1	10	-4518.26	13.7332	-0.0856737
2	10	-5851.92	13.1533	0.332683
3	10	-3557.32	4.39714	0.599053
4	10	947.25	-7.08866	0.493239
5	10	4857.42	-14.1704	0.0207912
6	10	5748.38	-12.419	-0.551545
7	10	3062.59	-2.96494	-0.841639
8	10	-1497.42	8.28104	-0.598536
9	10	-5101.25	14.306	0.116069
10	10	-5485.71	11.36	0.931733
11	10	-2448.81	1.34515	1.36918
12	10	2138	-9.5718	1.12796
13	10	5404.2	-14.5117	0.275176
14	10	5328.65	-10.5027	-0.75964
15	10	1966.5	0.0755148	-1.42522
16	10	-2618.68	10.5749	-1.34964
17	10	-5515.55	14.4399	-0.566488
18	10	-4966.64	9.32727	0.497544
19	10	-1265.67	-1.71237	1.27185
20	10	3244.2	-11.5818	1.34611
21	10	5715.57	-14.2534	0.716455
22	10	4660.19	-8.02681	-0.244095
23	10	648.666	3.33212	-1.01132
24	10	-3766.73	12.5424	-1.19275
25	10	-5850.71	14.0827	-0.760349
26	10	-4364.52	6.88306	-0.0145868
27	10	-132.428	-4.75413	0.611404
28	10	4148.45	-13.3826	0.796033
29	10	5788.92	-13.8066	0.532555
30	10	3835.95	-5.72598	0.0798043
31	10	-553.018	6.14334	-0.240153
32	10	-4575.39	14.4101	-0.230117
33	10	-5589.84	14.0623	0.049147
34	10	-2994.73	5.3976	0.326814
35	10	1489.59	-6.70911	0.337849
36	10	4889.59	-15.5104	0.00754013
37	10	4856.42	-15.9521	-0.507113
38	10	1345.59	-7.2628	-0.903785
39	10	-3153.88	6.37315	-0.891784
40	10	-5213.56	17.5245	-0.364235
41	10	-3159.7	19.5373	0.494409
42	10	1409.45	10.2304	1.26217
43	10	5020.72	-6.4798	1.48601
44	10	5081.89	-21.152	0.934413
45	10	1486.82	-23.614	-0.209098
46	10	-3429.66	-10.9485	-1.35323
47	10	-6260.99	9.10924	-1.81399
48	10	-4844.6	23.8516	-1.2716
49	10	0	8.9746e-07	0
0	11	-356.312	5.61789	-1.5574
1	11	-4468.8	13.4932	-0.561038
2	11	-5805.93	13.0002	0.519128
3	11	-3571.27	4.45671	1.42694
4	11	854.329	-6.81952	1.5513
5	11	4726.21	-13.8441	0.754625
6	11	5659.6	-12.2539	-0.501218
7	11	3086.64	-3.10439	-1.42039
8	11	-1351.49	7.87245	-1.37934
9	11	-4900.6	13.8401	-0.335676
10	11	-5342.84	11.1108	1.11626
11	11	-2456.64	1.48422	2.08927
12	11	1962.42	-9.08303	1.95059
13	11	5137.62	-13.9191	0.708187
14	11	5103.65	-10.1215	-0.953521
15	11	1899.29	0.0323715	-2.08879
16	11	-2492.56	10.1266	-2.03102
17	11	-5266.18	13.8307	-0.812407
18	11	-4728.01	8.8835	0.850327
19	11	-1164.72	-1.75589	1.99443
20	11	3158.14	-11.2227	1.9551
21	11	5496.68	-13.7048	0.792701
22	11	4426.84	-7.58841	-0.790548
23	11	520.977	3.43589	-1.87431
24	11	-3734.63	12.2954	-1.84867
25	11	-5694.83	13.6566	-0.804879
26	11	-4177.71	6.52542	0.590184
27	11	-12.2048	-4.85947	1.50355
28	11	4158.17	-13.2318	1.42305
29	11	5716.85	-13.5475	0.49862
30	11	3747.93	-5.54278	-0.613218
31	11	-598.564	6.13786	-1.18665
32	11	-4565.01	14.2506	-0.853959
33	11	-5564.93	13.9036	0.142469
34	11	-3012.03	5.3912	1.11523
35	11	1412	-6.52049	1.39849
36	11	4793.59	-15.2165	0.750476
37	11	4819.15	-15.7256	-0.515451
38	11	1424.42	-7.26986	-1.69737
39	11	-2973.87	6.0715	-2.06528
40	11	-5030.34	17.0338	-1.26954
41	11	-3097.92	19.0986	0.398152
42	11	1292.61	10.1026	2.09353
43	11	4787.24	-6.16428	2.82945
44	11	4875.59	-20.4982	2.01273
45	11	1439.44	-22.9599	-0.0927637
46	11	-3284.45	-10.6851	-2.32996
47	11	-6014.38	8.79906	-3.30692
48	11	-4658.41	23.1246	-2.35743
49	11	0	8.67211e-07	0
0	12	-343.097	5.27133	-3.07646
1	12	-4291	12.8747	-1.06308
2	12	-5590.5	12.4799	0.641165
3	12	-3476.89	4.38412	2.18023
4	12	743.963	-6.36558	2.55105
5	12	4463.73	-13.1274	1.4628
6	12	5405.64	-11.7293	-0.446244
7	12	3010.08	-3.12815	-1.9866
8	12	-1186	7.27626	-2.17147
9	12	-4579.4	13.0113	-0.845903
10	12	-5060.05	10.5565	1.19655
11	12	-2395.59	1.56576	2.68832
12	12	1739.9	-8.37046	2.67935
13	12	4737.15	-12.9671	1.11104
14	12	4740.19	-9.47127	-1.10569
15	12	1771.94	-0.000292039	-2.66455
16	12	-2315.81	9.42942	-2.62638
17	12	-4896.01	12.8789	-1.01938
18	12	-4382.94	8.22764	1.17627
19	12	-1048.36	-1.73533	2.64085
20	12	2979.47	-10.5599	2.48173
21	12	5131.65	-12.8011	0.825597
22	12	4083.7	-6.96966	-1.31699
23	12	392.496	3.42089	-2.6607
24	12	-3589.84	11.6987	-2.40635
25	12	-5379.41	12.8595	-0.771286
26	12	-3879.62	6.00389	1.22659
27	12	101.593	-4.81273	2.37778
28	12	4047.05	-12.7025	2.00108
29	12	5484.47	-12.9112	0.410612
30	12	3559.29	-5.21441	-1.34788
31	12	-620.331	5.94798	-2.15734
32	12	-4419.58	13.681	-1.48996
33	12	-5378.16	13.3472	0.227106
34	12	-2941.02	5.22888	1.89848
35	12	1296.02	-6.15048	2.46779
36	12	4560.92	-14.4932	1.52478
37	12	4640.38	-15.0502	-0.472237
38	12	1453.29	-7.05962	-2.434
39	12	-2721.61	5.61668	-3.19903
40	12	-4713.76	16.0806	-2.17427
41	12	-2948.47	18.1296	0.254104
42	12	1150.27	9.68208	2.84133
43	12	4435.04	-5.69724	4.08703
44	12	4543.79	-19.2944	3.04468
45	12	1352.27	-21.6809	0.045446
46	12	-3056.7	-10.1267	-3.22111
47	12	-5612.58	8.25616	-4.69152
48	12	-4351.02	21.7767	-3.36887
49	12	0	8.0499e-07	0
0	13	-321.433	4.78589	-4.51976
1	13	-3984.63	11.8996	-1.60054
2	13	-5203.45	11.5985	0.668127
3	13	-3268.62	4.17016	2.81059
4	13	624.522	-5.74545	3.43728
5	13	4078.15	-12.0377	2.0995
6	13	4990.1	-10.8497	-0.409939
7	13	2829.29	-3.02251	-2.53874
8	13	-1010.79	6.51946	-2.9583
9	13	-4148.52	11.8457	-1.39792
10	13	-4642.25	9.70646	1.17669
11	13	-2259.65	1.57417	3.1553
12	13	1487.48	-7.4706	3.29422
13	13	4225.18	-11.6971	1.46536
14	13	4257.34	-8.57825	-1.22537
15	13	1592.94	-0.0214556	-3.15271
16	13	-2092.71	8.51012	-3.13252
17	13	-4417.76	11.622	-1.18767
18	13	-3944.23	7.38796	1.46971
19	13	-921.318	-1.64705	3.20512
20	13	2715.13	-9.61563	2.928
21	13	4636.32	-11.5783	0.830163
22	13	3648.54	-6.20295	-1.79838
23	13	274.639	3.27474	-3.34691
24	13	-3332.36	10.764	-2.85693
25	13	-4914.48	11.7179	-0.670704
26	13	-3485.21	5.3468	1.8686
27	13	195.219	-4.59613	3.20598
28	13	3807.03	-11.792	2.51582
29	13	5089.93	-11.9048	0.278628
30	13	3272.6	-4.75085	-2.09262
31	13	-613.578	5.56677	-3.11585
32	13	-4134.21	12.6992	-2.11685
33	13	-5024.56	12.3912	0.298001
34	13	-2775.06	4.90271	2.64719
35	13	1149.3	-5.61206	3.50528
36	13	4196.49	-13.3521	2.29803
37	13	4318.3	-13.929	-0.385812
38	13	1422.64	-6.62222	-3.09429
39	13	-2411.36	5.03109	-4.25691
40	13	-4275.98	14.6926	-3.04471
41	13	-2714.23	16.6507	0.0761309
42	13	991.436	8.97007	3.49237
43	13	3980.42	-5.10128	5.22622
44	13	4100.67	-17.5798	3.9987
45	13	1228.76	-19.8135	0.19577
46	13	-2755.94	-9.2861	-4.00831
47	13	-5072.03	7.49994	-5.93452
48	13	-3934.9	19.8507	-4.28078
49	13	0	7.09103e-07	0
0	14	-291.855	4.20883	-5.85177
1	14	-3554.13	10.602	-2.18125
2	14	-4649.18	10.372	0.580949
3	14	-2945.95	3.80952	3.28599
4	14	503.588	-4.98309	4.17054
5	14	3581.27	-10.605	2.63217
6	14	4422.8	-9.63366	-0.404405
7	14	2546.07	-2.78245	-3.06467
8	14	-833.207	5.62893	-3.71128
9	14	-3619.91	10.3765	-1.96137
10	14	-4097.37	8.57901	1.07608
11	14	-2045.43	1.49895	3.49365
12	14	1221.5	-6.4209	3.78681
13	14	3625.81	-10.1553	1.75965
14	14	3676.85	-7.47403	-1.3204
15	14	1373.1	-0.0320769	-3.55534
16	14	-1826.36	7.39765	-3.54993
17	14	-3843.84	10.1008	-1.32052
18	14	-3423.83	6.3929	1.72495
19	14	-785.987	-1.49202	3.68299
20	14	2375.47	-8.41966	3.29739
21	14	4029.36	-10.0785	0.820869
22	14	3139.43	-5.31976	-2.21446
23	14	175.657	2.99349	-3.9181
24	14	-2967.22	9.514	-3.20116
25	14	-4314.39	10.267	-0.523131
26	14	-3011.25	4.58365	2.48309
27	14	256.618	-4.19981	3.95762
28	14	3435.04	-10.5112	2.95619
29	14	4537.2	-10.5475	0.119134
30	14	2893.22	-4.16484	-2.80848
31	14	-575.752	4.99597	-4.01855
32	14	-3709.83	11.3183	-2.70803
33	14	-4505.34	11.0473	0.352469
34	14	-2511.28	4.41116	3.33129
35	14	979.921	-4.92281	4.46682
36	14	3709.51	-11.8184	3.03201
37	14	3856.76	-12.3808	-0.270489
38	14	1326.49	-5.95736	-3.66288
39	14	-2057.4	4.33851	-5.20367
40	14	-3731.66	12.9089	-3.84501
41	14	-2400.72	14.698	-0.117669
42	14	824.007	7.97893	4.03853
43	14	3440.44	-4.39954	6.21887
44	14	3562.1	-15.4057	4.84513
45	14	1073.38	-17.4101	0.346683
46	14	-2392.55	-8.18496	-4.67808
47	14	-4411.49	6.55446	-7.00842
48	14	-3424.52	17.4034	-5.07184
49	14	0	5.79323e-07	0
0	15	-255.091	3.60165	-7.03969
1	15	-3008.77	9.02275	-2.81475
2	15	-3939.23	8.82378	0.377055
3	15	-2514.19	3.30113	3.59639
4	15	387.124	-4.10642	4.7316
5	15	2987.95	-8.87124	3.04464
6	15	3719.42	-8.11383	-0.428944
7	15	2167.78	-2.41233	-3.54189
8	15	-657.984	4.63052	-4.39184
9	15	-3006.56	8.64347	-2.49502
10	15	-3436.96	7.20139	0.926342
11	15	-1753.59	1.33635	3.71917
12	15	955.677	-5.25709	4.15907
13	15	2962.24	-8.39033	1.98912
14	15	3020.9	-6.1935	-1.3961
15	15	1123.7	-0.0339988	-3.87557
16	15	-1520.17	6.1225	-3.88071
17	15	-3186.64	8.35754	-1.42126
18	15	-2832.9	5.27011	1.93692
19	15	-642.972	-1.2756	4.07112
20	15	1973.43	-7.0079	3.59298
21	15	3330.99	-8.34676	0.807904
22	15	2573.18	-4.34846	-2.55251
23	15	99.9181	2.58213	-4.36787
24	15	-2504.38	7.98275	-3.4472
25	15	-3597.4	8.54929	-0.354496
26	15	-2474.98	3.74247	3.03287
27	15	277.725	-3.62502	4.60173
28	15	2934.95	-8.88688	3.31455
29	15	3836.97	-8.87184	-0.0466614
30	15	2429.7	-3.4718	-3.45242
31	15	-506.811	4.24705	-4.81819
32	15	-3154.18	9.56808	-3.23336
33	15	-3829.24	9.34327	0.390471
34	15	-2151.79	3.7607	3.92157
35	15	795.379	-4.10368	5.30719
36	15	3113.21	-9.93105	3.68574
37	15	3265.77	-10.4415	-0.144574
38	15	1163.59	-5.07613	-4.12847
39	15	-1672.8	3.56236	-6.00657
40	15	-3097.23	10.7785	-4.53936
41	15	-2016.08	12.3222	-0.3069
42	15	654.176	6.73248	4.4758
43	15	2831.93	-3.61429	7.04157
44	15	2944.68	-12.8341	5.55742
45	15	891.244	-14.5376	0.486084
46	15	-1977.24	-6.85279	-5.22132
47	15	-3651	5.44731	-7.89154
48	15	-2835.48	14.5039	-5.72473
49	15	0	4.19508e-07	0
0	16	-212.045	3.04017	-8.05427
1	16	-2362.56	7.19874	-3.52049
2	16	-3092.47	6.98167	0.0755643
3	16	-1984.77	2.64917	3.75656
4	16	278.799	-3.14513	5.12184
5	16	2315.41	-6.88779	3.33655
6	16	2900.75	-6.3352	-0.471981
7	16	1706.86	-1.92574	-3.94063
8	16	-487.434	3.54855	-4.95639
9	16	-2322.78	6.69148	-2.95237
10	16	-2676.64	5.60986	0.76548
11	16	-1390.11	1.09051	3.85503
12	16	699.301	-4.01102	4.42048
13	16	2254.73	-6.45036	2.15427
14	16	2310.04	-4.77279	-1.45453
15	16	855.113	-0.02968	-4.11534
16	16	-1178.25	4.71585	-4.127
17	16	-2459.32	6.43529	-1.49288
18	16	-2182.88	4.04621	2.1012
19	16	-492.17	-1.00681	4.3666
20	16	1522.89	-5.42034	3.8159
21	16	2561.41	-6.42978	0.796312
22	16	1964.88	-3.31376	-2.80645
23	16	48.3536	2.05399	-4.69678
24	16	-1958.26	6.21433	-3.60928
25	16	-2785.24	6.6138	-0.193435
26	16	-1893.08	2.84768	3.48204
27	16	256.294	-2.88642	5.1105
28	16	2318.94	-6.96248	3.58614
29	16	3007.15	-6.92244	-0.196092
30	16	1893.75	-2.68957	-3.98176
31	16	-409.259	3.3413	-5.46843
32	16	-2482.24	7.49561	-3.66213
33	16	-3013.35	7.32317	0.414207
34	16	-1704.68	2.96699	4.39147
35	16	601.842	-3.17803	5.98343
36	16	2424.38	-7.74203	4.21928
37	16	2561.62	-8.16394	-0.027687
38	16	938.118	-4.0019	-4.48335
39	16	-1268.49	2.72431	-6.63703
40	16	-2390.18	8.35943	-5.09463
41	16	-1570.9	9.58823	-0.471156
42	16	486.072	5.26562	4.80308
43	16	2170.78	-2.766	7.67566
44	16	2265.09	-9.93507	6.11312
45	16	687.803	-11.2748	0.602517
46	16	-1520.76	-5.3263	-5.63245
47	16	-2811.06	4.20857	-8.56769
48	16	-2183.89	11.2312	-6.22613
49	16	0	2.41584e-07	0
0	17	-163.779	2.61891	-8.87052
1	17	-1633.69	5.14509	-4.34658
2	17	-2134.65	4.87568	-0.27346
3	17	-1375.26	1.86539	3.80554
4	17	179.667	-2.1279	5.35907
5	17	1582.32	-4.71302	3.51865
6	17	1991.69	-4.3532	-0.515879
7	17	1179.95	-1.34417	-4.22958
8	17	-322.086	2.40561	-5.36271
9	17	-1584.34	4.57041	-3.28863
10	17	-1836.48	3.8492	0.631413
11	17	-966.386	0.773408	3.92671
12	17	456.509	-2.70946	4.58425
13	17	1519.73	-4.38216	2.2595
14	17	1562.35	-3.24811	-1.49509
15	17	575.703	-0.0214754	-4.27535
16	17	-806.347	3.20935	-4.29045
17	17	-1676.62	4.37802	-1.53836
18	17	-1486.44	2.74701	2.21377
19	17	-334.014	-0.696956	4.56637
20	17	1037.14	-3.69918	3.96556
21	17	1740.09	-4.3747	0.788052
22	17	1327.93	-2.23659	-2.97458
23	17	18.5956	1.43022	-4.91025
24	17	-1346.85	4.26111	-3.70475
25	17	-1901.7	4.51371	-0.0673208
26	17	-1280.53	1.91909	3.80063
27	17	196.278	-2.01186	5.46233
28	17	1607.56	-4.79703	3.76833
29	17	2072.6	-4.75557	-0.308805
30	17	1300.08	-1.83808	-4.35908
31	17	-287.95	2.3089	-5.92873
32	17	-1715.83	5.16428	-3.96669
33	17	-2083.17	5.04777	0.427117
34	17	-1184.39	2.05508	4.71897
35	17	403.758	-2.17093	6.45863
36	17	1662.96	-5.31484	4.59785
37	17	1766.44	-5.61661	0.0621641
38	17	659.726	-2.76998	-4.72275
39	17	-852.721	1.84339	-7.07206
40	17	-1628.49	5.71689	-5.48292
41	17	-1078.01	6.57326	-0.592413
42	17	321.68	3.62329	5.0209
43	17	1471.7	-1.87296	8.10727
44	17	1539.58	-6.78492	6.49472
45	17	468.547	-7.71046	0.686292
46	17	-1033.67	-3.6483	-5.90842
47	17	-1912.03	2.86995	-9.02555
48	17	-1485.77	7.67186	-6.56645
49	17	0	7.18211e-08	0
0	18	-111.479	2.46591	-9.46836
1	18	-843.435	2.82137	-5.4096
2	18	-1097.6	2.54186	-0.565464
3	18	-708.57	0.973647	3.80075
4	18	88.3199	-1.07939	5.46857
5	18	808.245	-2.40915	3.60528
6	18	1020.31	-2.2311	-0.543408
7	18	606.93	-0.69538	-4.38281
8	18	-161.139	1.22286	-5.57707
9	18	-808.468	2.33405	-3.46821
10	18	-940.512	1.97124	0.555034
11	18	-498.91	0.403986	3.95641
12	18	226.368	-1.37411	4.66295
13	18	769.543	-2.23034	2.31067
14	18	792.831	-1.65494	-1.51614
15	18	291.17	-0.0111838	-4.35611
16	18	-412.501	1.6354	-4.37235
17	18	-855.332	2.23029	-1.56035
18	18	-757.813	1.39775	2.2712
19	18	-170.095	-0.358727	4.66778
20	18	528.565	-1.88807	4.0413
21	18	885.506	-2.22854	0.783849
22	18	673.615	-1.13377	-3.05835
23	18	5.0545	0.738809	-5.0154
24	18	-690.617	2.18116	-3.74864
25	18	-970.788	2.30367	0.0022976
26	18	-649.801	0.971686	3.96709
27	18	106.997	-1.04008	5.64316
28	18	828.371	-2.46272	3.86018
29	18	1064.31	-2.4372	-0.369701
30	18	666.031	-0.939046	-4.55674
31	18	-149.664	1.18746	-6.16895
32	18	-882.645	2.65133	-4.12601
33	18	-1071.75	2.59233	0.432577
34	18	-611.235	1.05858	4.88827
35	18	203.835	-1.10869	6.70554
36	18	851.423	-2.72259	4.79568
37	18	907.344	-2.88097	0.111234
38	18	342.889	-1.42611	-4.84401
39	18	-431.112	0.935854	-7.29557
40	18	-830.314	2.92171	-5.68405
41	18	-552.092	3.36442	-0.6572
42	18	161.031	1.8587	5.13031
43	18	748.099	-0.951364	8.32717
44	18	783.842	-3.46454	6.69018
45	18	238.858	-3.94045	0.730389
46	18	-526.286	-1.8663	-6.04779
47	18	-973.889	1.46414	-9.25807
48	18	-756.871	3.91799	-6.73951
49	18	0	-3.9332e-08	0
0	19	0	0	-9.83305
1	19	0	0	-0.0898947
2	19	0	0	-0.00943025
3	19	0	0	0.0629901
4	19	0	0	0.0904645
5	19	0	0	0.0592618
6	19	0	0	-0.00978422
7	19	0	0	-0.0733627
8	19	0	0	-0.0926263
9	19	0	0	-0.0567545
10	19	0	0	0.010894
11	19	0	0	0.0677966
12	19	0	0	0.079338
13	19	0	0	0.0393608
14	19	0	0	-0.0254901
15	19	0	0	-0.0739982
16	19	0	0	-0.0752602
17	19	0	0	-0.0288877
18	19	0	0	0.0350067
19	19	0	0	0.0756061
20	19	0	0	0.0662699
21	19	0	0	0.0132877
22	19	0	0	-0.049402
23	19	0	0	-0.0809883
24	19	0	0	-0.0593384
25	19	0	0	0.00311111
26	19	0	0	0.0684154
27	19	0	0	0.0951381
28	19	0	0	0.064075
29	19	0	0	-0.00773405
30	19	0	0	-0.0784497
31	19	0	0	-0.105575
32	19	0	0	-0.0710435
33	19	0	0	0.00600765
34	19	0	0	0.0815226
35	19	0	0	0.112852
36	19	0	0	0.0816985
37	19	0	0	0.00377457
38	19	0	0	-0.0793216
39	19	0	0	-0.121136
40	19	0	0	-0.0952472
41	19	0	0	-0.0120853
42	19	0	0	0.0843145
43	19	0	0	0.138026
44	19	0	0	0.111322
45	19	0	0	0.0124549
46	19	0	0	-0.100195
47	19	0	0	-0.153558
48	19	0	0	-0.111784
49	19	0	0	0
