0	0	0	-0	8.55906
1	0	0	0	1.54376
2	0	0	0	-0.0226899
3	0	0	0	-2.6445
4	0	0	0	-3.26944
5	0	0	0	-1.30688
6	0	0	0	0.745422
7	0	0	0	0.402564
8	0	0	0	-1.79948
9	0	0	0	-2.83466
10	0	0	0	-1.23114
11	0	0	0	1.39641
12	0	0	0	1.74473
13	0	0	0	-0.607205
14	0	0	0	-2.9011
15	0	0	0	-2.30117
16	0	0	0	0.950066
17	0	0	0	3.05478
18	0	0	0	1.82178
19	0	0	0	-1.25212
20	0	0	0	-2.82238
21	0	0	0	-0.886469
22	0	0	0	2.05673
23	0	0	0	2.37079
24	0	0	0	0.158427
25	0	0	0	-1.86165
26	0	0	0	-1.28347
27	0	0	0	1.73479
28	0	0	0	3.71766
29	0	0	0	1.95759
30	0	0	0	-1.28566
31	0	0	0	-1.8804
32	0	0	0	0.397478
33	0	0	0	2.18384
34	0	0	0	1.36896
35	0	0	0	-0.847213
36	0	0	0	-2.20939
37	0	0	0	-1.91678
38	0	0	0	-0.743548
39	0	0	0	0.257558
40	0	0	0	0.643061
41	0	0	0	0.553529
42	0	0	0	0.302621
43	0	0	0	0.0967949
44	0	0	0	-0.00835683
45	0	0	0	-0.0385892
46	0	0	0	-0.034072
47	0	0	0	-0.0208723
48	0	0	0	-0.00919951
49	0	0	0	0
0	1	511.682	-0.760541	8.45369
1	1	-304.957	0.911114	1.64911
2	1	-770.724	1.5251	0.15103
3	1	-561.718	0.363926	-2.35932
4	1	112.356	-1.14089	-2.91631
5	1	469.368	-1.19339	-0.962451
6	1	175.406	0.198967	1.04116
7	1	-354.524	1.27968	0.658577
8	1	-360.534	0.600947	-1.58277
9	1	176.055	-0.933189	-2.69647
10	1	632.043	-1.52808	-1.19863
11	1	401.941	-0.20203	1.35764
12	1	-289.321	1.36828	1.74324
13	1	-564.831	1.33388	-0.505922
14	1	-120.41	-0.349639	-2.75542
15	1	636.17	-1.89183	-2.24449
16	1	762.755	-1.22474	0.827676
17	1	74.0251	0.717111	2.81668
18	1	-605.707	1.7884	1.62222
19	1	-627.477	0.914388	-1.29875
20	1	74.6932	-1.1249	-2.72144
21	1	681.313	-1.71158	-0.758252
22	1	404.32	-0.183324	2.11535
23	1	-273.975	1.28582	2.3739
24	1	-515.565	1.17441	0.161355
25	1	-126.963	-0.336087	-1.84028
26	1	526.444	-1.755	-1.28254
27	1	672.084	-1.15309	1.66136
28	1	-30.6632	1.02353	3.59499
29	1	-725.761	1.88622	1.89008
30	1	-486.737	0.346008	-1.2492
31	1	283.814	-1.32471	-1.8137
32	1	534.589	-1.03898	0.40292
33	1	61.6895	0.47382	2.13084
34	1	-445.687	1.28882	1.329
35	1	-455.29	0.792211	-0.829189
36	1	-99.5403	-0.170143	-2.15194
37	1	210.484	-0.682301	-1.86466
38	1	271.89	-0.582202	-0.722407
39	1	158.922	-0.224192	0.251156
40	1	26.0908	0.0520697	0.625647
41	1	-43.7697	0.145919	0.538298
42	1	-52.3237	0.119699	0.294214
43	1	-33.5496	0.0611506	0.0940736
44	1	-13.7395	0.0175809	-0.00814865
45	1	-2.22787	-0.0026275	-0.0375288
46	1	1.9165	-0.00767649	-0.03313
47	1	2.2237	-0.00678829	-0.020294
48	1	1.23371	-0.0053499	-0.00894447
49	1	0	-2.60212e-10	0
0	2	1010.76	-1.50236	8.14015
1	2	-503.58	1.76756	1.77097
2	2	-1422.83	2.96053	0.392079
3	2	-1024.94	0.682733	-1.9159
4	2	277.699	-2.25759	-2.35325
5	2	951.572	-2.33868	-0.425365
6	2	346.564	0.417462	1.49259
7	2	-717.945	2.56054	1.05235
8	2	-745.827	1.23699	-1.22873
9	2	307.66	-1.78992	-2.45849
10	2	1214.88	-2.98934	-1.1428
11	2	782.09	-0.421996	1.29381
12	2	-562.229	2.65445	1.74942
13	2	-1111.28	2.61972	-0.316818
14	2	-258.874	-0.642454	-2.48715
15	2	1210.63	-3.64912	-2.14603
16	2	1460.98	-2.36228	0.592214
17	2	131.355	1.40032	2.38542
18	2	-1171.77	3.45903	1.2918
19	2	-1190.78	1.72849	-1.3392
20	2	187.082	-2.24682	-2.51866
21	2	1353.69	-3.35453	-0.547337
22	2	784.241	-0.331569	2.18056
23	2	-557.94	2.55029	2.35468
24	2	-1028.37	2.31856	0.171519
25	2	-256.485	-0.654839	-1.78053
26	2	1031.05	-3.4379	-1.26638
27	2	1318.04	-2.2586	1.52267
28	2	-57.2889	1.9982	3.35412
29	2	-1416.12	3.68109	1.75596
30	2	-948.043	0.66888	-1.17944
31	2	557.005	-2.59197	-1.68455
32	2	1044.33	-2.02695	0.412483
33	2	118.081	0.932167	2.02674
34	2	-873.349	2.52269	1.25111
35	2	-890.627	1.54848	-0.793424
36	2	-194.087	-0.334365	-2.03922
37	2	412.207	-1.33534	-1.76261
38	2	531.976	-1.13881	-0.681119
39	2	310.808	-0.438297	0.238555
40	2	50.9565	0.10201	0.591542
41	2	-85.6552	0.285467	0.508496
42	2	-102.354	0.234123	0.277776
43	2	-65.619	0.119593	0.0887571
44	2	-26.8697	0.0343776	-0.00773803
45	2	-4.35534	-0.00514271	-0.0354537
46	2	3.74932	-0.0150152	-0.0312875
47	2	4.34954	-0.013277	-0.0191632
48	2	2.41302	-0.0104636	-0.00844573
49	2	0	-4.25494e-10	0
0	3	1484.96	-2.20718	7.62618
1	3	-541.48	2.55573	1.79561
2	3	-1900.3	4.28002	0.569907
3	3	-1338.87	0.932868	-1.47413
4	3	533.212	-3.35955	-1.77119
5	3	1469.37	-3.43496	0.10137
6	3	521.141	0.669248	1.90153
7	3	-1095.16	3.86455	1.42253
8	3	-1168.32	1.93983	-0.850779
9	3	377.55	-2.54214	-2.18391
10	3	1739.93	-4.3822	-1.08486
11	3	1141.71	-0.682095	1.18429
12	3	-818.686	3.83608	1.73022
13	3	-1648.41	3.8604	-0.0716822
14	3	-438.428	-0.838002	-2.11861
15	3	1690.31	-5.21516	-2.00347
16	3	2071.58	-3.38755	0.286542
17	3	174.624	2.02603	1.84005
18	3	-1675.66	4.96366	0.921086
19	3	-1662.91	2.40294	-1.3115
20	3	354.559	-3.37398	-2.21689
21	3	2019.48	-4.91432	-0.316316
22	3	1133.46	-0.431233	2.17794
23	3	-859.474	3.79841	2.27288
24	3	-1544.69	3.4346	0.192075
25	3	-393.677	-0.948706	-1.65719
26	3	1507.86	-5.03242	-1.21171
27	3	1932.43	-3.30578	1.33205
28	3	-78.1462	2.9118	3.0013
29	3	-2061.26	5.35939	1.55602
30	3	-1375.52	0.957804	-1.08101
31	3	818.876	-3.79084	-1.49915
32	3	1523.26	-2.94992	0.423705
33	3	166.319	1.37554	1.87354
34	3	-1280.35	3.69158	1.13791
35	3	-1301.95	2.26075	-0.73993
36	3	-282.203	-0.492487	-1.87367
37	3	603.693	-1.95365	-1.61328
38	3	777.927	-1.66461	-0.620915
39	3	454.177	-0.640108	0.219963
40	3	74.2943	0.149489	0.541607
41	3	-125.294	0.417375	0.464921
42	3	-149.624	0.342189	0.253761
43	3	-95.9002	0.17476	0.0809982
44	3	-39.2619	0.0502227	-0.00713186
45	3	-6.36025	-0.00752483	-0.0324189
46	3	5.4815	-0.0219469	-0.0285944
47	3	6.35725	-0.0194044	-0.0175108
48	3	3.52664	-0.0152921	-0.007717
49	3	0	-5.39752e-10	0
0	4	1922.59	-2.85765	6.92443
1	4	-420.917	3.25617	1.67803
2	4	-2191.88	5.44833	0.61929
3	4	-1492.92	1.10249	-1.13604
4	4	880.011	-4.43015	-1.30773
5	4	2019.61	-4.46394	0.454311
6	4	704.129	0.943337	2.1039
7	4	-1469.52	5.16444	1.62184
8	4	-1615.28	2.70213	-0.562767
9	4	388.211	-3.17037	-1.94773
10	4	2198.7	-5.67924	-1.08161
11	4	1476.4	-0.993806	0.983836
12	4	-1045.63	4.86654	1.64068
13	4	-2165.26	5.03073	0.173639
14	4	-670.809	-0.903796	-1.68544
15	4	2045.54	-6.52443	-1.78906
16	4	2576.46	-4.27566	0.000491755
17	4	218.066	2.55164	1.28536
18	4	-2086.6	6.24016	0.585388
19	4	-2027.09	2.9203	-1.18611
20	4	564.81	-4.4611	-1.83385
21	4	2653.58	-6.34068	-0.118984
22	4	1443.65	-0.485407	2.04587
23	4	-1165.52	4.9884	2.08956
24	4	-2049.18	4.49215	0.219048
25	4	-537.921	-1.2033	-1.45076
26	4	1939.4	-6.48683	-1.09504
27	4	2495.11	-4.26034	1.10766
28	4	-93.1913	3.73797	2.54859
29	4	-2640.67	6.86709	1.294
30	4	-1753.39	1.197	-0.959693
31	4	1064.39	-4.89013	-1.26653
32	4	1957.52	-3.77887	0.432863
33	4	203.112	1.79605	1.67409
34	4	-1656.87	4.76516	0.993187
35	4	-1678.19	2.90894	-0.668808
36	4	-361.059	-0.641341	-1.65889
37	4	780.103	-2.521	-1.42051
38	4	1003.18	-2.14535	-0.543587
39	4	585.109	-0.823999	0.1957
40	4	95.4174	0.193332	0.477103
41	4	-161.64	0.538099	0.408738
42	4	-192.855	0.440961	0.222832
43	4	-123.568	0.225146	0.0710196
44	4	-50.5765	0.0646795	-0.00634072
45	4	-8.18661	-0.00971151	-0.0285053
46	4	7.06645	-0.0282837	-0.0251241
47	4	8.19229	-0.0250036	-0.0153819
48	4	4.54424	-0.019704	-0.00677824
49	4	0	-6.26954e-10	0
0	5	2312.88	-3.43776	6.05217
1	5	-211.718	3.86107	1.39154
2	5	-2352.65	6.45138	0.498218
3	5	-1536.84	1.20018	-0.97101
4	5	1267.88	-5.43774	-1.06132
5	5	2561.21	-5.40687	0.520215
6	5	876.68	1.2194	1.98821
7	5	-1837.32	6.41401	1.56182
8	5	-2073.81	3.4944	-0.415423
9	5	345.342	-3.66527	-1.76681
10	5	2592.27	-6.86004	-1.1286
11	5	1798.57	-1.36933	0.681587
12	5	-1218.86	5.70547	1.42743
13	5	-2637.64	6.09404	0.352746
14	5	-940.148	-0.843989	-1.22008
15	5	2276.65	-7.54711	-1.476
16	5	2970.4	-5.01013	-0.181263
17	5	269.216	2.95163	0.817461
18	5	-2389.46	7.2526	0.332863
19	5	-2284.61	3.29017	-0.972442
20	5	787.82	-5.44207	-1.40305
21	5	3220.33	-7.57875	0.0143784
22	5	1708.7	-0.510244	1.75992
23	5	-1451.14	6.05834	1.78313
24	5	-2514.48	5.4473	0.240204
25	5	-683.342	-1.40651	-1.15837
26	5	2307.38	-7.74632	-0.901929
27	5	2983.27	-5.08444	0.869516
28	5	-105.032	4.45507	2.01505
29	5	-3136.45	8.15561	0.978533
30	5	-2067.46	1.37255	-0.82119
31	5	1289.02	-5.86165	-0.997977
32	5	2334.89	-4.48852	0.435081
33	5	226.042	2.18531	1.43195
34	5	-1993.61	5.71535	0.821641
35	5	-2009.21	3.475	-0.580347
36	5	-428.233	-0.77762	-1.39965
37	5	936.88	-3.02236	-1.1893
38	5	1201.69	-2.56802	-0.45142
39	5	700.028	-0.984883	0.166204
40	5	113.719	0.232418	0.399673
41	5	-193.723	0.644385	0.341452
42	5	-230.878	0.527755	0.185842
43	5	-147.871	0.269374	0.0591063
44	5	-60.5042	0.0773512	-0.00537921
45	5	-9.78386	-0.0116448	-0.0238175
46	5	8.46135	-0.0338535	-0.0209709
47	5	9.80483	-0.0299225	-0.0128348
48	5	5.43815	-0.0235792	-0.0056552
49	5	0	-6.98282e-10	0
0	6	2646.21	-3.93322	5.03089
1	6	-15.535	4.37138	0.964898
2	6	-2469.37	7.29079	0.228669
3	6	-1548.53	1.25122	-0.972632
4	6	1626.59	-6.34228	-1.04027
5	6	3043.93	-6.24606	0.280118
6	6	1020.85	1.46371	1.53349
7	6	-2184.47	7.54521	1.22817
8	6	-2521.17	4.26774	-0.408531
9	6	260.89	-4.02978	-1.6156
10	6	2918.17	-7.89495	-1.1855
11	6	2106.37	-1.79592	0.318395
12	6	-1316.43	6.31985	1.11288
13	6	-3020.39	6.99358	0.45501
14	6	-1200.56	-0.69702	-0.753552
15	6	2409.39	-8.28662	-1.08452
16	6	3257.25	-5.5808	-0.239037
17	6	321.549	3.22831	0.483523
18	6	-2592.55	7.99816	0.186775
19	6	-2450.57	3.53582	-0.694574
20	6	991.374	-6.25281	-0.960814
21	6	3684.69	-8.57698	0.0767104
22	6	1922.45	-0.523458	1.33553
23	6	-1688.95	6.9409	1.3579
24	6	-2907.25	6.24744	0.239977
25	6	-818.479	-1.55285	-0.797101
26	6	2596.03	-8.7592	-0.633751
27	6	3373.92	-5.73966	0.63528
28	6	-118.6	5.04746	1.42619
29	6	-3534.44	9.18452	0.624346
30	6	-2306.14	1.47369	-0.669887
31	6	1488.56	-6.6809	-0.706255
32	6	2645.22	-5.05844	0.424652
33	6	233.818	2.53423	1.1513
34	6	-2281.87	6.51689	0.628688
35	6	-2286.1	3.94341	-0.47516
36	6	-481.806	-0.897883	-1.1018
37	6	1069.85	-3.44422	-0.925647
38	6	1368.1	-2.92113	-0.347109
39	6	795.808	-1.11836	0.132044
40	6	128.691	0.265704	0.311303
41	6	-220.675	0.733351	0.26487
42	6	-262.66	0.600212	0.143809
43	6	-168.146	0.306241	0.0455965
44	6	-68.7748	0.0878924	-0.00426627
45	6	-11.1084	-0.0132723	-0.0184807
46	6	9.62835	-0.038505	-0.0162476
47	6	11.151	-0.0340272	-0.0099392
48	6	6.18407	-0.0268123	-0.0043786
49	6	0	-7.57139e-10	0
0	7	2914.39	-4.33183	3.88573
1	7	70.8194	4.79198	0.482789
2	7	-2626.77	7.97712	-0.101239
3	7	-1605.57	1.28934	-1.05102
4	7	1887.15	-7.09759	-1.15206
5	7	3420.71	-6.96265	-0.173674
6	7	1126.24	1.63872	0.826798
7	7	-2487.08	8.48172	0.696696
8	7	-2920.55	4.95862	-0.475186
9	7	159.739	-4.27532	-1.42392
10	7	3181.97	-8.75482	-1.17607
11	7	2401.03	-2.2505	-0.0285541
12	7	-1323.52	6.6956	0.753725
13	7	-3280.59	7.68458	0.495107
14	7	-1411.68	-0.507366	-0.308838
15	7	2476.73	-8.76939	-0.659341
16	7	3452.14	-5.99343	-0.218374
17	7	366.366	3.39781	0.25891
18	7	-2719.66	8.50136	0.139087
19	7	-2549.44	3.68747	-0.369378
20	7	1149.61	-6.84617	-0.528112
21	7	4021.49	-9.29674	0.0785009
22	7	2078.75	-0.536291	0.814652
23	7	-1857.94	7.58024	0.842427
24	7	-3196.59	6.84079	0.207018
25	7	-928.114	-1.64589	-0.399158
26	7	2795.26	-9.48471	-0.309358
27	7	3647.52	-6.19205	0.416145
28	7	-139.941	5.50568	0.811345
29	7	-3825.04	9.92436	0.25185
30	7	-2461.56	1.49448	-0.507945
31	7	1658.93	-7.32742	-0.40451
32	7	2880.69	-5.47383	0.395637
33	7	226.449	2.83305	0.836923
34	7	-2513.77	7.148	0.420175
35	7	-2501.41	4.30166	-0.354339
36	7	-520.431	-0.998604	-0.772248
37	7	1175.31	-3.77499	-0.636439
38	7	1497.85	-3.19507	-0.233672
39	7	869.853	-1.22084	0.0939249
40	7	139.944	0.292253	0.214283
41	7	-241.756	0.802565	0.181051
42	7	-287.335	0.656361	0.0978873
43	7	-183.844	0.334748	0.0308709
44	7	-75.1645	0.0960189	-0.00302547
45	7	-12.1247	-0.0145492	-0.0126383
46	7	10.5356	-0.0421117	-0.0110827
47	7	12.1943	-0.0372063	-0.00677401
48	7	6.76173	-0.0293156	-0.00298336
49	7	0	-8.03228e-10	0
0	8	3110.81	-4.62378	2.6449
1	8	-8.57519	5.12575	0.069453
2	8	-2874.01	8.51992	-0.354332
3	8	-1755.92	1.34675	-1.04739
4	8	2004.09	-7.65729	-1.21662
5	8	3662.05	-7.53478	-0.642796
6	8	1195.46	1.71335	0.0610718
7	8	-2711.57	9.15227	0.13555
8	8	-3224.2	5.50156	-0.481296
9	8	76.6158	-4.41686	-1.0917
10	8	3395.15	-9.41126	-1.01461
11	8	2681.42	-2.69847	-0.295422
12	8	-1241.97	6.84289	0.376458
13	8	-3409.99	8.14418	0.466571
14	8	-1556.26	-0.306672	0.0875776
15	8	2497.15	-9.02116	-0.239474
16	8	3570.98	-6.26598	-0.177471
17	8	405.333	3.46644	0.076282
18	8	-2789.45	8.79174	0.14707
19	8	-2605.95	3.77778	-0.0104365
20	8	1243.53	-7.19307	-0.105442
21	8	4217.49	-9.71753	0.0432006
22	8	2173.1	-0.552257	0.249563
23	8	-1947.75	7.94342	0.280228
24	8	-3361.43	7.18755	0.139591
25	8	-997.02	-1.69688	-0.00215153
26	8	2902.4	-9.89931	0.0386527
27	8	3791.57	-6.41805	0.214391
28	8	-174.324	5.82538	0.199865
29	8	-4003.5	10.3586	-0.114835
30	8	-2530.46	1.43525	-0.335074
31	8	1795.8	-7.78487	-0.105071
32	8	3035.96	-5.72604	0.342723
33	8	205.313	3.07138	0.49436
34	8	-2682.38	7.59082	0.202126
35	8	-2649.28	4.54058	-0.219622
36	8	-543.371	-1.07627	-0.418894
37	8	1250.15	-4.00527	-0.329277
38	8	1587.33	-3.38237	-0.114346
39	8	920.17	-1.28965	0.0526939
40	8	147.21	0.311255	0.111158
41	8	-256.37	0.850112	0.0922552
42	8	-304.226	0.694676	0.0493363
43	8	-194.539	0.354127	0.0153408
44	8	-79.5016	0.101514	-0.00168505
45	8	-12.8064	-0.0154386	-0.00644744
46	8	11.158	-0.0445751	-0.00561668
47	8	12.9062	-0.0393735	-0.00342559
48	8	7.15546	-0.0310213	-0.00150756
49	8	0	-8.35017e-10	0
0	9	3230.63	-4.80187	1.33893
1	9	-233.829	5.36815	-0.168199
2	9	-3191.44	8.9163	-0.404801
3	9	-1988.94	1.44348	-0.807429
4	9	1977.83	-7.98558	-1.04244
5	9	3769.23	-7.93745	-0.91171
6	9	1243.39	1.67073	-0.550089
7	9	-2823.42	9.50505	-0.278316
8	9	-3396.15	5.85072	-0.311255
9	9	31.9161	-4.46114	-0.54853
10	9	3551.07	-9.8231	-0.66532
11	9	2919.46	-3.08337	-0.461341
12	9	-1096.68	6.79064	0.0021579
13	9	-3414.46	8.36057	0.364072
14	9	-1629.18	-0.119374	0.391827
15	9	2473.3	-9.05625	0.131175
16	9	3618.08	-6.41095	-0.14971
17	9	446.783	3.42608	-0.116813
18	9	-2802.61	8.88185	0.152988
19	9	-2633.33	3.83197	0.355978
20	9	1260.89	-7.27805	0.31332
21	9	4268.34	-9.83534	0.00141423
22	9	2203.6	-0.569874	-0.307795
23	9	-1958.27	8.02352	-0.280972
24	9	-3394.25	7.26849	0.0463507
25	9	-1014.24	-1.71998	0.360689
26	9	2921.58	-9.99947	0.371603
27	9	3803.01	-6.40959	0.0237221
28	9	-224.181	6.00521	-0.382876
29	9	-4069.59	10.4843	-0.451184
30	9	-2514.64	1.30357	-0.149157
31	9	1894.26	-8.04091	0.181593
32	9	3108.12	-5.81264	0.262215
33	9	173.071	3.23856	0.130096
34	9	-2781.89	7.83198	-0.0194789
35	9	-2725.66	4.65449	-0.073528
36	9	-550.486	-1.12753	-0.0505287
37	9	1291.93	-4.12816	-0.0123036
38	9	1633.97	-3.47787	0.00752284
39	9	945.42	-1.32307	0.00933746
40	9	150.35	0.322065	0.00466299
41	9	-264.085	0.874651	0.000885005
42	9	-312.865	0.714112	-0.000517593
43	9	-199.943	0.363861	-0.000563997
44	9	-81.6715	0.104237	-0.000277789
45	9	-13.1366	-0.0159136	-7.55296e-05
46	9	11.4781	-0.0458278	1.99611e-06
47	9	13.2674	-0.04047	1.48539e-05
48	9	7.35462	-0.0318831	8.58641e-06
49	9	0	-8.5102e-10	0
0	10	3270.9	-4.86173	-8.85106e-13
1	10	-512.489	5.50376	-0.231582
2	10	-3493.68	9.14697	-0.238705
3	10	-2238.31	1.57813	-0.290928
4	10	1850.91	-8.0604	-0.555779
5	10	3764.51	-8.14452	-0.879634
6	10	1286.28	1.515	-0.903982
7	10	-2809.35	9.52373	-0.478931
8	10	-3428.06	5.98627	0.0571122
9	10	16.8881	-4.39459	0.188778
10	10	3616.04	-9.94028	-0.142125
11	10	3073.68	-3.34923	-0.516525
12	10	-927.236	6.58303	-0.3612
13	10	-3322.45	8.34437	0.192197
14	10	-1634.72	0.0298194	0.591791
15	10	2411.77	-8.89524	0.422448
16	10	3594.04	-6.42972	-0.152739
17	10	494.251	3.27174	-0.339547
18	10	-2749.24	8.76598	0.112933
19	10	-2628.54	3.85656	0.690123
20	10	1199.34	-7.09954	0.723724
21	10	4176.14	-9.65834	-0.0186777
22	10	2170.66	-0.585274	-0.811888
23	10	-1896.87	7.83596	-0.79772
24	10	-3300.97	7.08842	-0.056806
25	10	-976.313	-1.72616	0.666975
26	10	2861.44	-9.80019	0.653552
27	10	3688.64	-6.17678	-0.167604
28	10	-287.541	6.04428	-0.918222
29	10	-4026.65	10.3113	-0.736059
30	10	-2420.78	1.11421	0.0523233
31	10	1948.84	-8.08706	0.447545
32	10	3096.55	-5.737	0.152988
33	10	133.425	3.32419	-0.248144
34	10	-2807.86	7.86292	-0.238858
35	10	-2728.34	4.64132	0.0805484
36	10	-542.196	-1.14941	0.323293
37	10	1299.01	-4.13951	0.305993
38	10	1636.35	-3.47891	0.128577
39	10	944.952	-1.3204	-0.0350277
40	10	149.354	0.324228	-0.102336
41	10	-264.65	0.875454	-0.0905816
42	10	-313.007	0.714138	-0.0503161
43	10	-199.91	0.363697	-0.0164081
44	10	-81.6192	0.104121	0.00115948
45	10	-13.1086	-0.015958	0.00630461
46	10	11.4866	-0.0458352	0.00562052
47	10	13.268	-0.0404664	0.00345373
48	10	7.35383	-0.0318782	0.00152382
49	10	0	-8.50398e-10	0
0	11	3230.63	-4.80187	-1.33893
1	11	-730.893	5.50832	-0.202352
2	11	-3676.05	9.17754	0.0690003
3	11	-2419.01	1.73008	0.441018
4	11	1679.7	-7.87519	0.207895
5	11	3677.67	-8.131	-0.555874
6	11	1334.58	1.27139	-1.00538
7	11	-2666.79	9.21681	-0.499997
8	11	-3324	5.91069	0.544164
9	11	15.2755	-4.2056	1.00886
10	11	3557.58	-9.72647	0.45414
11	11	3093.14	-3.43847	-0.512271
12	11	-785.632	6.26644	-0.712594
13	11	-3169.52	8.11575	-0.00231489
14	11	-1583.88	0.126443	0.740688
15	11	2322.73	-8.56624	0.645874
16	11	3505.59	-6.32287	-0.195894
17	11	545.786	3.01283	-0.595876
18	11	-2622.53	8.43607	0.00537968
19	11	-2578.66	3.83776	0.952377
20	11	1068.99	-6.67468	1.10683
21	11	3949.99	-9.20456	-0.000181075
22	11	2076.58	-0.593409	-1.22829
23	11	-1775.37	7.41192	-1.23638
24	11	-3097.99	6.67409	-0.151746
25	11	-888.306	-1.71864	0.907216
26	11	2732.11	-9.33036	0.858692
27	11	3463.7	-5.74715	-0.371887
28	11	-357.519	5.94029	-1.39514
29	11	-3880.4	9.86035	-0.955063
30	11	-2259.61	0.88794	0.270418
31	11	1953.67	-7.91875	0.687549
32	11	3002.68	-5.50756	0.017191
33	11	90.7264	3.31901	-0.63116
34	11	-2757.51	7.68036	-0.450524
35	11	-2657.06	4.50252	0.238335
36	11	-519.403	-1.13955	0.692426
37	11	1270.63	-4.0381	0.616984
38	11	1594.2	-3.38537	0.245551
39	11	918.816	-1.28191	-0.0791762
40	11	144.33	0.31751	-0.20692
41	11	-258.003	0.852434	-0.179656
42	11	-304.637	0.694752	-0.0987071
43	11	-194.444	0.353653	-0.0317626
44	11	-79.3503	0.10118	0.00258668
45	11	-12.7253	-0.0155669	0.0125192
46	11	11.1825	-0.0445964	0.0110862
47	11	12.9079	-0.0393631	0.00679763
48	11	7.15319	-0.031007	0.00299699
49	11	0	-8.3319e-10	0
0	12	3110.81	-4.62378	-2.6449
1	12	-799.598	5.3537	-0.219655
2	12	-3655.91	8.96561	0.373752
3	12	-2463.38	1.86403	1.23834
4	12	1506.87	-7.43838	1.11283
5	12	3522.84	-7.87437	-0.0535798
6	12	1377.17	0.981797	-0.951553
7	12	-2418.05	8.61922	-0.446665
8	12	-3107.91	5.64476	1.01256
9	12	6.03614	-3.88855	1.77021
10	12	3357.65	-9.17376	0.996292
11	12	2951.2	-3.32373	-0.514206
12	12	-697.037	5.86052	-1.03997
13	12	-2974.98	7.69111	-0.174896
14	12	-1496.49	0.180454	0.904079
15	12	2203.38	-8.08528	0.863063
16	12	3361.19	-6.09443	-0.257887
17	12	599.019	2.6688	-0.887122
18	12	-2424.06	7.89464	-0.179995
19	12	-2470.58	3.7499	1.11448
20	12	890.269	-6.04122	1.43792
21	12	3607.24	-8.50208	0.0597664
22	12	1925.89	-0.588785	-1.53747
23	12	-1607.44	6.79144	-1.57657
24	12	-2808.04	6.06808	-0.223132
25	12	-762.69	-1.69122	1.08319
26	12	2542.78	-8.62656	0.975679
27	12	3148.99	-5.16159	-0.596929
28	12	-423.114	5.68895	-1.80927
29	12	-3637.89	9.15952	-1.10264
30	12	-2044.45	0.649141	0.502931
31	12	1903.17	-7.53561	0.898751
32	12	2829.74	-5.1368	-0.139483
33	12	49.4758	3.21585	-1.00818
34	12	-2629.96	7.28657	-0.64932
35	12	-2513.49	4.2429	0.394775
36	12	-483.389	-1.09645	1.04638
37	12	1206.97	-3.82575	0.912126
38	12	1508.47	-3.19972	0.355352
39	12	867.76	-1.20888	-0.121806
40	12	135.49	0.301925	-0.306196
41	12	-244.281	0.806155	-0.263907
42	12	-287.97	0.656479	-0.144381
43	12	-183.697	0.334015	-0.0462167
44	12	-74.9304	0.0955009	0.00396168
45	12	-11.9993	-0.0147476	0.0183985
46	12	10.5735	-0.0421445	0.0162503
47	12	12.1969	-0.0371902	0.00995582
48	12	6.75821	-0.0292936	0.00438817
49	12	0	-8.003e-10	0
0	13	2914.39	-4.33183	-3.88573
1	13	-684.177	5.01487	-0.442151
2	13	-3399.76	8.47199	0.496245
3	13	-2342.09	1.93643	1.89922
4	13	1349.37	-6.77125	1.95249
5	13	3292.91	-7.36119	0.445097
6	13	1386.33	0.692677	-0.895094
7	13	-2105.91	7.78452	-0.45157
8	13	-2812.17	5.21154	1.33915
9	13	-27.1897	-3.44586	2.36139
10	13	3018.22	-8.30966	1.41146
11	13	2661.26	-3.02263	-0.547744
12	13	-656.276	5.36625	-1.32886
13	13	-2739.4	7.07461	-0.299617
14	13	-1381.1	0.20395	1.12185
15	13	2041.79	-7.44495	1.1363
16	13	3154.98	-5.73527	-0.296318
17	13	646.164	2.26417	-1.20309
18	13	-2161.17	7.15451	-0.442649
19	13	-2295.25	3.56536	1.16414
20	13	688.958	-5.25269	1.69617
21	13	3172.43	-7.58852	0.15269
22	13	1725.63	-0.566386	-1.7361
23	13	-1406.58	6.01741	-1.81262
24	13	-2455.94	5.32071	-0.2622
25	13	-616.455	-1.63018	1.20421
26	13	2300.33	-7.72737	1.0084
27	13	2767.41	-4.46797	-0.842319
28	13	-471.167	5.28527	-2.16082
29	13	-3306.84	8.24147	-1.18251
30	13	-1789.56	0.42257	0.743244
31	13	1792.92	-6.94215	1.08003
32	13	2582.64	-4.6401	-0.308043
33	13	13.7821	3.01078	-1.367
34	13	-2426.58	6.68968	-0.830433
35	13	-2301.23	3.87035	0.544232
36	13	-435.706	-1.01972	1.37463
37	13	1109.28	-3.50745	1.18319
38	13	1381.33	-2.92692	0.455143
39	13	793.202	-1.10346	-0.161584
40	13	123.145	0.277749	-0.397375
41	13	-223.819	0.73782	-0.341027
42	13	-263.45	0.600357	-0.186106
43	13	-167.963	0.305327	-0.0593884
44	13	-68.4832	0.0872471	0.00524174
45	13	-10.9523	-0.0135194	0.023781
46	13	9.67561	-0.0385458	0.0209727
47	13	11.1543	-0.0340071	0.0128427
48	13	6.17968	-0.0267848	0.00565969
49	13	0	-7.53272e-10	0
0	14	2646.21	-3.93322	-5.03089
1	14	-411.115	4.47855	-0.922559
2	14	-2926.51	7.67029	0.347679
3	14	-2061.55	1.90642	2.29208
4	14	1207.23	-5.90913	2.56916
5	14	2980.92	-6.59507	0.79544
6	14	1341.45	0.438886	-0.957087
7	14	-1759.43	6.7605	-0.608689
8	14	-2454.09	4.62716	1.44108
9	14	-80.2116	-2.90224	2.70392
10	14	2564.24	-7.18892	1.65785
11	14	2254.12	-2.57519	-0.63163
12	14	-647.682	4.77844	-1.55647
13	14	-2450.81	6.26206	-0.323837
14	14	-1226.62	0.195612	1.41338
15	14	1830.07	-6.62633	1.47056
16	14	2866.31	-5.21747	-0.288486
17	14	669.108	1.82904	-1.51699
18	14	-1845.92	6.23576	-0.761181
19	14	-2048.62	3.26143	1.10882
20	14	491.101	-4.36975	1.87098
21	14	2674.16	-6.50831	0.263325
22	14	1485.06	-0.522539	-1.83581
23	14	-1184.72	5.13091	-1.95281
24	14	-2064.99	4.48197	-0.268445
25	14	-467.426	-1.51868	1.28285
26	14	2009.54	-6.66934	0.973653
27	14	2340.77	-3.71381	-1.09804
28	14	-489.029	4.72627	-2.45197
29	14	-2895.5	7.14047	-1.20646
30	14	-1508.48	0.22984	0.980151
31	14	1620.75	-6.14867	1.23123
32	14	2267.83	-4.03465	-0.476973
33	14	-13.1374	2.70408	-1.69446
34	14	-2151.23	5.90378	-0.989413
35	14	-2025.79	3.39558	0.680793
36	14	-378.068	-0.910274	1.667
37	14	979.816	-3.09122	1.42249
38	14	1216.11	-2.57433	0.542397
39	14	697.189	-0.968648	-0.197197
40	14	107.679	0.245534	-0.477867
41	14	-197.145	0.649249	-0.408898
42	14	-231.738	0.52791	-0.22276
43	14	-147.67	0.268377	-0.0709333
44	14	-60.1863	0.076648	0.00638526
45	14	-9.61377	-0.0119138	0.0285188
46	14	8.51277	-0.0338977	0.025125
47	14	9.80833	-0.0299004	0.0153803
48	14	5.43334	-0.0235491	0.0067772
49	14	0	-6.93688e-10	0
0	15	2312.88	-3.43776	-6.05217
1	15	-65.5946	3.75218	-1.57046
2	15	-2305.98	6.55862	-0.0269521
3	15	-1665.71	1.74815	2.40362
4	15	1060.93	-4.8949	2.91363
5	15	2575.43	-5.59309	0.940596
6	15	1225.23	0.239598	-1.16974
7	15	-1397.89	5.58856	-0.934912
8	15	-2044.05	3.90527	1.31311
9	15	-129.748	-2.30367	2.7897
10	15	2039.7	-5.87927	1.72662
11	15	1779.45	-2.04557	-0.757537
12	15	-631.136	4.07436	-1.70884
13	15	-2098.38	5.26885	-0.236523
14	15	-1033.84	0.162716	1.76888
15	15	1564.89	-5.62096	1.84087
16	15	2479.76	-4.51552	-0.238108
17	15	647.078	1.39667	-1.80313
18	15	-1495.51	5.16651	-1.09759
19	15	-1733.26	2.82573	0.978129
20	15	318.625	-3.45036	1.96686
21	15	2141.08	-5.30794	0.374286
22	15	1214.51	-0.455496	-1.86016
23	15	-951.516	4.168	-2.01658
24	15	-1654.38	3.59491	-0.248992
25	15	-330.702	-1.34227	1.33149
26	15	1674.18	-5.48512	0.896723
27	15	1887.42	-2.93961	-1.3457
28	15	-467.309	4.01444	-2.6849
29	15	-2412.98	5.89044	-1.19175
30	15	-1212.65	0.0862334	1.19882
31	15	1387.7	-5.17212	1.35251
32	15	1893.3	-3.33861	-0.633418
33	15	-29.3478	2.301	-1.97719
34	15	-1810.39	4.9489	-1.12223
35	15	-1694.42	2.83175	0.798643
36	15	-312.247	-0.770487	1.91403
37	15	821.905	-2.58805	1.62316
38	15	1017.21	-2.15148	0.614947
39	15	582.341	-0.808184	-0.227417
40	15	89.535	0.206102	-0.545352
41	15	-164.971	0.54283	-0.465651
42	15	-193.69	0.441108	-0.253362
43	15	-123.372	0.224173	-0.080553
44	15	-50.2664	0.0639942	0.00735364
45	15	-8.02091	-0.00997339	0.0324808
46	15	7.11645	-0.0283265	0.0285944
47	15	8.19562	-0.0249819	0.0174999
48	15	4.53951	-0.0196745	0.00771056
49	15	0	-6.21902e-10	0
0	16	1922.59	-2.85765	-6.92443
1	16	231.066	2.86922	-2.22212
2	16	-1640.57	5.16862	-0.510178
3	16	-1223.3	1.45645	2.29866
4	16	874.944	-3.76683	3.01687
5	16	2060.49	-4.38637	0.905215
6	16	1020.46	0.105458	-1.47971
7	16	-1040.71	4.30351	-1.35114
8	16	-1589.83	3.06117	1.05418
9	16	-151.588	-1.69565	2.71202
10	16	1498.9	-4.45865	1.6821
11	16	1297.66	-1.50146	-0.889147
12	16	-563.466	3.23292	-1.81328
13	16	-1676.36	4.12258	-0.102939
14	16	-813.423	0.12149	2.14232
15	16	1243.87	-4.4326	2.21523
16	16	1990.48	-3.62091	-0.161494
17	16	566.376	0.993277	-2.04407
18	16	-1127.33	3.97972	-1.40835
19	16	-1358.04	2.2603	0.817449
20	16	185.163	-2.53994	2.00312
21	16	1597.21	-4.03039	0.470207
22	16	924.068	-0.365864	-1.83952
23	16	-713.875	3.15768	-2.02997
24	16	-1237.84	2.69138	-0.216141
25	16	-215.965	-1.09394	1.36021
26	16	1298.62	-4.20339	0.806089
27	16	1420.95	-2.17405	-1.5619
28	16	-402.052	3.16092	-2.86065
29	16	-1869.84	4.52388	-1.15791
30	16	-910.565	-0.00155306	1.38272
31	16	1098.77	-4.03675	1.4439
32	16	1468.56	-2.5704	-0.764619
33	16	-34.4194	1.81217	-2.20259
34	16	-1413.15	3.85068	-1.22539
35	16	-1316.06	2.19407	0.89247
36	16	-240.004	-0.604178	2.1075
37	16	639.843	-2.01163	1.77934
38	16	790.054	-1.66989	0.671024
39	16	451.776	-0.626417	-0.251161
40	16	69.2046	0.160534	-0.597866
41	16	-128.174	0.42146	-0.509719
42	16	-150.344	0.34231	-0.277094
43	16	-95.7284	0.173915	-0.0880013
44	16	-38.9929	0.0496289	0.00811314
45	16	-6.21679	-0.00775122	0.0355575
46	16	5.52465	-0.0219835	0.0312865
47	16	6.36	-0.0193852	0.0191442
48	16	3.52248	-0.0152663	0.00843462
49	16	0	-5.34615e-10	0
0	17	1484.96	-2.20718	-7.62618
1	17	376.509	1.88959	-2.65597
2	17	-1013.5	3.56211	-0.926652
3	17	-784.733	1.04546	2.11686
4	17	633.848	-2.55962	2.98568
5	17	1446.19	-3.02267	0.787262
6	17	735.576	0.0322184	-1.78346
7	17	-689.51	2.92848	-1.7342
8	17	-1092.31	2.11338	0.78003
9	17	-135.23	-1.10692	2.57391
10	17	975.039	-2.98866	1.59334
11	17	836.264	-0.973144	-0.999988
12	17	-430.724	2.25499	-1.87144
13	17	-1174.84	2.83888	0.0289185
14	17	-563.364	0.0798366	2.45104
15	17	867.033	-3.07361	2.52236
16	17	1399.89	-2.54436	-0.0831609
17	17	424.208	0.630008	-2.21803
18	17	-752.796	2.7072	-1.6491
19	17	-935.548	1.5821	0.674626
20	17	93.6765	-1.664	2.00617
21	17	1058.14	-2.71002	0.540056
22	17	622.174	-0.256731	-1.80457
23	17	-475.94	2.12108	-2.02
24	17	-823.292	1.79042	-0.18387
25	17	-126.141	-0.777226	1.37603
26	17	889.217	-2.84995	0.72826
27	17	949.949	-1.43184	-1.72292
28	17	-295.9	2.18744	-2.97898
29	17	-1278.49	3.0716	-1.12324
30	17	-607.479	-0.0363217	1.51616
31	17	763.125	-2.77405	1.50526
32	17	1004.55	-1.74836	-0.859384
33	17	-29.4546	1.25339	-2.35993
34	17	-971.072	2.63982	-1.29604
35	17	-901.019	1.49942	0.957865
36	17	-163.041	-0.416544	2.24076
37	17	438.795	-1.37797	1.88644
38	17	540.882	-1.14265	0.709278
39	17	309.029	-0.428202	-0.267553
40	17	47.2086	0.110134	-0.633867
41	17	-87.771	0.288462	-0.539882
42	17	-102.88	0.234202	-0.293322
43	17	-65.4898	0.118966	-0.093089
44	17	-26.6706	0.0339391	0.0086366
45	17	-4.24957	-0.00530911	0.0376634
46	17	3.78091	-0.0150415	0.0331283
47	17	4.35138	-0.0132623	0.0202691
48	17	2.40986	-0.0104441	0.00892989
49	17	0	-4.20872e-10	0
0	18	1010.76	-1.50236	-8.14015
1	18	307.291	0.89962	-2.69219
2	18	-470.428	1.82147	-1.14072
3	18	-377.773	0.548211	1.99222
4	18	339.197	-1.30291	2.93436
5	18	754.272	-1.55284	0.69303
6	18	389.675	0.00439643	-1.97753
7	18	-344.362	1.4911	-1.96938
8	18	-560.041	1.08771	0.595555
9	18	-82.1312	-0.546618	2.46604
10	18	479.834	-1.50644	1.52486
11	18	406.891	-0.475185	-1.06737
12	18	-237.934	1.16813	-1.88602
13	18	-607.555	1.45374	0.122099
14	18	-288.222	0.0390803	2.62228
15	18	447.469	-1.58345	2.6896
16	18	727.536	-1.32315	-0.032988
17	18	229.526	0.305114	-2.30725
18	18	-378.34	1.37874	-1.78148
19	18	-480.228	0.820389	0.590121
20	18	37.1343	-0.826542	2.00026
21	18	529.582	-1.36988	0.576989
22	18	314.736	-0.133288	-1.77996
23	18	-239.369	1.07184	-2.00871
24	18	-413.386	0.899014	-0.16413
25	18	-57.4798	-0.406846	1.38307
26	18	455.017	-1.44898	0.683483
27	18	478.611	-0.714211	-1.80954
28	18	-157.988	1.12639	-3.039
29	18	-653.422	1.56289	-1.10188
30	18	-305.649	-0.0297745	1.58684
31	18	393.737	-1.42204	1.53628
32	18	513.482	-0.89056	-0.909404
33	18	-16.917	0.645014	-2.44135
34	18	-497.743	1.35115	-1.33219
35	18	-460.788	0.765969	0.991669
36	18	-82.9786	-0.213938	2.30916
37	18	224.633	-0.70494	1.94125
38	18	276.604	-0.584174	0.728799
39	18	157.952	-0.218779	-0.275976
40	18	24.0888	0.0563951	-0.65229
41	18	-44.892	0.147496	-0.555304
42	18	-52.597	0.119725	-0.301616
43	18	-33.4761	0.060808	-0.0956879
44	18	-13.6315	0.0173447	0.00890493
45	18	-2.17117	-0.00271587	0.0387401
46	18	1.93309	-0.00768948	0.0340698
47	18	2.22438	-0.00677953	0.020844
48	18	1.23185	-0.00533881	0.00918305
49	18	0	-2.57118e-10	0
0	19	0	-0.760541	-8.45369
1	19	0	0	-0.044543
2	19	0	0	-0.0186321
3	19	0	0	0.0335726
4	19	0	0	0.0493427
5	19	0	0	0.012095
6	19	0	0	-0.032017
7	19	0	0	-0.0317541
8	19	0	0	0.0111005
9	19	0	0	0.0417665
10	19	0	0	0.0257166
11	19	0	0	-0.0175114
12	19	0	0	-0.0308645
13	19	0	0	0.00306432
14	19	0	0	0.0445329
15	19	0	0	0.0449145
16	19	0	0	-0.00161672
17	19	0	0	-0.0400113
18	19	0	0	-0.030602
19	19	0	0	0.00994788
20	19	0	0	0.0345682
21	19	0	0	0.0110396
22	19	0	0	-0.0296799
23	19	0	0	-0.0351362
24	19	0	0	-0.00464839
25	19	0	0	0.0224851
26	19	0	0	0.0127135
27	19	0	0	-0.0281379
28	19	0	0	-0.0497188
29	19	0	0	-0.0189454
30	19	0	0	0.0254083
31	19	0	0	0.0250912
32	19	0	0	-0.0150801
33	19	0	0	-0.0404261
34	19	0	0	-0.0220217
35	19	0	0	0.0165893
36	19	0	0	0.0384682
37	19	0	0	0.0322969
38	19	0	0	0.0120853
39	19	0	0	-0.00463787
40	19	0	0	-0.0108793
41	19	0	0	-0.00924298
42	19	0	0	-0.00501006
43	19	0	0	-0.0015825
44	19	0	0	0.000154185
45	19	0	0	0.000646929
46	19	0	0	0.000567151
47	19	0	0	0.000346423
48	19	0	0	0.000152467
49	19	0	0	0
