0	0	0	0	9.98027
1	0	0	0	9.45483
2	0	0	0	8.09456
3	0	0	0	5.90554
4	0	0	0	3.1144
5	0	0	0	-0.00608219
6	0	0	0	-3.15321
7	0	0	0	-6.02677
8	0	0	0	-8.35106
9	0	0	0	-9.90621
10	0	0	0	-10.5427
11	0	0	0	-10.199
12	0	0	0	-8.90517
13	0	0	0	-6.7774
14	0	0	0	-4.01312
15	0	0	0	-0.862557
16	0	0	0	2.38014
17	0	0	0	5.41485
18	0	0	0	7.94885
19	0	0	0	9.72834
20	0	0	0	10.5675
21	0	0	0	10.3688
22	0	0	0	9.15799
23	0	0	0	7.07885
24	0	0	0	4.37312
25	0	0	0	1.33484
26	0	0	0	-1.75082
27	0	0	0	-4.63571
28	0	0	0	-7.10649
29	0	0	0	-8.98919
30	0	0	0	-10.1537
31	0	0	0	-10.531
32	0	0	0	-10.1434
33	0	0	0	-9.06278
34	0	0	0	-7.37502
35	0	0	0	-5.21003
36	0	0	0	-2.73108
37	0	0	0	-0.108282
38	0	0	0	2.48331
39	0	0	0	4.878
40	0	0	0	6.92572
41	0	0	0	8.50047
42	0	0	0	9.51313
43	0	0	0	9.9012
44	0	0	0	9.63596
45	0	0	0	8.73657
46	0	0	0	7.2433
47	0	0	0	5.20746
48	0	0	0	2.73501
49	0	0	0	0
0	1	-56.4342	0.183556	9.85739
1	1	-351.243	0.786159	9.24507
2	1	-610.998	1.27049	7.89866
3	1	-813.729	1.62186	5.76215
4	1	-940.866	1.81399	3.04314
5	1	-980.783	1.82977	0.00506301
6	1	-929.846	1.67083	-3.05816
7	1	-793.134	1.3515	-5.85463
8	1	-583.06	0.904261	-8.11648
9	1	-319.893	0.370069	-9.62998
10	1	-27.2894	-0.199921	-10.2498
11	1	266.25	-0.752466	-9.91647
12	1	534.519	-1.2374	-8.65884
13	1	750.961	-1.60754	-6.59037
14	1	896.135	-1.83216	-3.90279
15	1	955.756	-1.88573	-0.839476
16	1	924.423	-1.76476	2.31338
17	1	806.775	-1.47358	5.2643
18	1	614.019	-1.0348	7.72833
19	1	366.876	-0.487931	9.45873
20	1	86.6556	0.1156	10.2749
21	1	-203.618	0.704159	10.0819
22	1	-482.97	1.20915	8.90486
23	1	-732.684	1.57354	6.88345
24	1	-930.495	1.76692	4.25257
25	1	-1053.02	1.79446	1.2985
26	1	-1079.54	1.6777	-1.70171
27	1	-998.229	1.43688	-4.50699
28	1	-814.338	1.09487	-6.90949
29	1	-548.2	0.677173	-8.74033
30	1	-223.495	0.219442	-9.87318
31	1	130.46	-0.225402	-10.2405
32	1	478.495	-0.628419	-9.86384
33	1	785.343	-0.98149	-8.81327
34	1	1012.44	-1.25902	-7.17191
35	1	1132.33	-1.44161	-5.06621
36	1	1138.25	-1.52529	-2.65528
37	1	1028.28	-1.50716	-0.104594
38	1	807.478	-1.39267	2.41544
39	1	500.599	-1.19087	4.74384
40	1	145.768	-0.915802	6.7351
41	1	-218.373	-0.588912	8.2666
42	1	-556.198	-0.225677	9.25112
43	1	-827.52	0.154258	9.62773
44	1	-991.651	0.523039	9.36902
45	1	-1027.34	0.868406	8.4942
46	1	-932.079	1.18393	7.04233
47	1	-710.379	1.43786	5.06294
48	1	-384.731	1.59055	2.65902
49	1	0	7.06877e-08	0
0	2	-111.479	0.439815	9.4918
1	2	-687.31	1.55155	8.7945
2	2	-1195.25	2.48958	7.50863
3	2	-1591.74	3.17511	5.47955
4	2	-1840.4	3.55021	2.90255
5	2	-1918.45	3.58065	0.0259481
6	2	-1818.83	3.26935	-2.8729
7	2	-1551.4	2.64445	-5.51846
8	2	-1140.54	1.76943	-7.65799
9	2	-625.762	0.724365	-9.08993
10	2	-53.4798	-0.390565	-9.67718
11	2	520.692	-1.47149	-9.3638
12	2	1045.42	-2.41997	-8.17707
13	2	1468.75	-3.14404	-6.22445
14	2	1752.78	-3.58346	-3.68681
15	2	1869.38	-3.68821	-0.794169
16	2	1808.18	-3.45179	2.1831
17	2	1578.13	-2.88224	4.96998
18	2	1201.08	-2.02404	7.29701
19	2	717.723	-0.954485	8.93145
20	2	169.639	0.226001	9.70268
21	2	-398.102	1.3771	9.52073
22	2	-944.483	2.36486	8.40969
23	2	-1432.98	3.07768	6.50119
24	2	-1819.89	3.45582	4.01683
25	2	-2059.52	3.50973	1.22732
26	2	-2111.53	3.28153	-1.60587
27	2	-1952.54	2.81043	-4.25537
28	2	-1592.86	2.14158	-6.52436
29	2	-1072.38	1.32483	-8.25364
30	2	-437.221	0.429433	-9.32445
31	2	255.187	-0.440742	-9.67222
32	2	935.841	-1.22903	-9.31697
33	2	1535.99	-1.91985	-8.32498
34	2	1980.25	-2.46285	-6.7744
35	2	2214.84	-2.81997	-4.78485
36	2	2226.54	-2.98356	-2.50702
37	2	2011.52	-2.94794	-0.0974721
38	2	1579.59	-2.72388	2.28252
39	2	979.306	-2.32933	4.48131
40	2	285.238	-1.7914	6.36216
41	2	-427.143	-1.15178	7.80897
42	2	-1088.08	-0.44098	8.73846
43	2	-1618.83	0.302175	9.09282
44	2	-1939.83	1.02319	8.84703
45	2	-2009.64	1.69846	8.02025
46	2	-1823.3	2.31558	6.64934
47	2	-1389.53	2.81222	4.78035
48	2	-752.47	3.11076	2.51048
49	2	0	1.46533e-07	0
0	3	-163.779	0.677351	8.89248
1	3	-1005.07	2.28246	8.12002
2	3	-1747.32	3.64739	6.93153
3	3	-2326.75	4.64723	5.06255
4	3	-2690.14	5.19416	2.69427
5	3	-2804.19	5.23758	0.0542959
6	3	-2658.57	4.78161	-2.60377
7	3	-2267.68	3.86748	-5.02834
8	3	-1667.2	2.58798	-6.98874
9	3	-914.777	1.06003	-8.30114
10	3	-78.3784	-0.569773	-8.84053
11	3	760.853	-2.14998	-8.5561
12	3	1527.8	-3.53631	-7.47291
13	3	2146.54	-4.59482	-5.68939
14	3	2561.8	-5.23719	-3.37084
15	3	2732.2	-5.39031	-0.727677
16	3	2642.87	-5.04503	1.99311
17	3	2306.73	-4.21257	4.54013
18	3	1755.67	-2.95841	6.66687
19	3	1049.35	-1.39536	8.16108
20	3	248.291	0.330068	8.86646
21	3	-581.493	2.01233	8.70068
22	3	-1380.02	3.45601	7.68593
23	3	-2094.1	4.49804	5.94228
24	3	-2659.66	5.05063	3.67213
25	3	-3009.93	5.12951	1.12298
26	3	-3086.18	4.79629	-1.46616
27	3	-2853.92	4.10765	-3.88781
28	3	-2328.18	3.13022	-5.96174
29	3	-1567.6	1.93701	-7.54252
30	3	-639.218	0.62825	-8.52229
31	3	372.962	-0.643839	-8.84142
32	3	1367.69	-1.79614	-8.51743
33	3	2244.76	-2.80632	-7.61083
34	3	2894.2	-3.60029	-6.193
35	3	3237.27	-4.12222	-4.37347
36	3	3254.68	-4.36115	-2.29034
37	3	2940.56	-4.30864	-0.0872868
38	3	2309.17	-3.981	2.08792
39	3	1431.73	-3.40466	4.09738
40	3	417.202	-2.61857	5.81684
41	3	-624.333	-1.68318	7.13965
42	3	-1590.74	-0.643562	7.98874
43	3	-2366.6	0.442709	8.31098
44	3	-2835.72	1.49587	8.08438
45	3	-2937.75	2.48222	7.32784
46	3	-2665.34	3.38411	6.07518
47	3	-2031.07	4.10994	4.36755
48	3	-1099.71	4.54604	2.29355
49	3	0	2.21285e-07	0
0	4	-212.045	0.894491	8.07421
1	4	-1295.96	2.958	7.24046
2	4	-2252.32	4.71384	6.17991
3	4	-2998.89	6.00013	4.51913
4	4	-3467.08	6.70287	2.42105
5	4	-3613.97	6.75688	0.087003
6	4	-3426.3	6.16755	-2.25989
7	4	-2922.54	4.98812	-4.39891
8	4	-2148.75	3.3382	-6.1278
9	4	-1179.12	1.36834	-7.28562
10	4	-101.314	-0.732428	-7.76292
11	4	980.191	-2.76927	-7.51544
12	4	1968.54	-4.55597	-6.56543
13	4	2765.92	-5.92035	-4.99961
14	4	3301.15	-6.74828	-2.96327
15	4	3520.79	-6.94578	-0.641459
16	4	3405.87	-6.50116	1.74885
17	4	2972.78	-5.42841	3.98673
18	4	2262.8	-3.81262	5.85551
19	4	1352.83	-1.7986	7.16883
20	4	320.541	0.424888	7.78901
21	4	-748.711	2.5925	7.644
22	4	-1777.67	4.4529	6.75316
23	4	-2698.02	5.79594	5.22168
24	4	-3426.94	6.50803	3.22757
25	4	-3878.42	6.60976	0.988094
26	4	-3977	6.18078	-1.28666
27	4	-3677.89	5.29335	-3.41445
28	4	-3000.36	4.03397	-5.23698
29	4	-2020.36	2.49714	-6.62648
30	4	-824.009	0.810695	-7.48854
31	4	480.563	-0.829063	-7.77038
32	4	1762.35	-2.31444	-7.48654
33	4	2892.41	-3.6169	-6.6899
34	4	3729.37	-4.64052	-5.44324
35	4	4171.84	-5.31317	-3.84308
36	4	4194.81	-5.62067	-2.01116
37	4	3790.24	-5.55227	-0.0745593
38	4	2976.48	-5.12986	1.83664
39	4	1845.72	-4.38772	3.60229
40	4	538.167	-3.37485	5.11369
41	4	-804.58	-2.16861	6.27639
42	4	-2050.57	-0.827777	7.02195
43	4	-3050.66	0.572272	7.30337
44	4	-3655.14	1.92839	7.10202
45	4	-3786.59	3.19838	6.43611
46	4	-3435.42	4.36039	5.33573
47	4	-2617.63	5.29568	3.83598
48	4	-1417.05	5.8573	2.0143
49	4	0	2.90325e-07	0
0	5	-255.091	1.08882	7.05711
1	5	-1552.19	3.5608	6.1779
2	5	-2696.61	5.66147	5.2706
3	5	-3589.94	7.19867	3.86015
4	5	-4150.15	8.03676	2.08683
5	5	-4325.84	8.09833	0.120348
6	5	-4101.16	7.39027	-1.85277
7	5	-3498.2	5.97642	-3.64885
8	5	-2572.09	4.00006	-5.09967
9	5	-1411.6	1.64116	-6.07172
10	5	-121.654	-0.873949	-6.47404
11	5	1172.75	-3.31242	-6.27032
12	5	2355.67	-5.45116	-5.47932
13	5	3310.06	-7.08454	-4.17372
14	5	3950.76	-8.07567	-2.47498
15	5	4213.73	-8.31231	-0.537523
16	5	4076.43	-7.78054	1.45731
17	5	3558.23	-6.49678	3.32516
18	5	2708.72	-4.56343	4.8852
19	5	1619.84	-2.15313	5.98174
20	5	384.409	0.507825	6.49977
21	5	-895.163	3.10183	6.37945
22	5	-2126.66	5.3285	5.63657
23	5	-3228.3	6.93603	4.35879
24	5	-4100.86	7.78838	2.695
25	5	-4641.39	7.91027	0.82609
26	5	-4759.73	7.39728	-1.07247
27	5	-4402.06	6.33532	-2.84837
28	5	-3591.17	4.82836	-4.36985
29	5	-2418.35	2.98999	-5.53039
30	5	-986.489	0.971821	-6.25121
31	5	575.122	-0.99133	-6.4879
32	5	2109.14	-2.76988	-6.252
33	5	3461.32	-4.32961	-5.58701
34	5	4463.03	-5.55534	-4.54529
35	5	4993.16	-6.36049	-3.20796
36	5	5021.38	-6.72787	-1.67722
37	5	4537.44	-6.64495	-0.0599032
38	5	3563.45	-6.13934	1.53534
39	5	2210.12	-5.25184	3.00933
40	5	644.907	-4.0396	4.2715
41	5	-962.964	-2.59485	5.24224
42	5	-2455.1	-0.988652	5.86399
43	5	-3652.49	0.687401	6.09722
44	5	-4375.96	2.30911	5.92681
45	5	-4533.16	3.82748	5.3696
46	5	-4112.66	5.21782	4.45138
47	5	-3133.35	6.33716	3.20031
48	5	-1695.94	7.0089	1.68043
49	5	0	3.50526e-07	0
0	6	-291.855	1.25823	5.86625
1	6	-1766.85	4.07649	4.95794
2	6	-3068.14	6.46626	4.22397
3	6	-4083.87	8.21168	3.09901
4	6	-4720.79	9.16059	1.69669
5	6	-4920.42	9.22613	0.150235
6	6	-4664.82	8.41697	-1.39587
7	6	-3978.98	6.80577	-2.80023
8	6	-2925.71	4.55573	-3.93345
9	6	-1605.85	1.87113	-4.69312
10	6	-138.802	-0.990441	-5.00938
11	6	1333.33	-3.76466	-4.85479
12	6	2678.72	-6.19759	-4.24416
13	6	3764.19	-8.05571	-3.23413
14	6	4493.01	-9.18331	-1.91902
15	6	4792.2	-9.45275	-0.418525
16	6	4636.28	-8.84839	1.12664
17	6	4047.14	-7.38864	2.57368
18	6	3081.23	-5.1903	3.78241
19	6	1843.03	-2.44927	4.63221
20	6	438.122	0.576636	5.03401
21	6	-1016.94	3.52656	4.94144
22	6	-2417.58	6.05904	4.36645
23	6	-3670.53	7.88725	3.37705
24	6	-4663.05	8.85687	2.0887
25	6	-5278.12	8.99571	0.64113
26	6	-5413.07	8.41259	-0.829526
27	6	-5006.66	7.20518	-2.20515
28	6	-4084.56	5.49185	-3.38406
29	6	-2750.74	3.40208	-4.28396
30	6	-1122.13	1.10714	-4.84368
31	6	654.132	-1.12619	-5.0286
32	6	2398.61	-3.15006	-4.84715
33	6	3936.04	-4.92516	-4.33193
34	6	5075.27	-6.3199	-3.52336
35	6	5678.85	-7.23563	-2.48537
36	6	5711.83	-7.65252	-1.29782
37	6	5161.78	-7.55699	-0.0439424
38	6	4054.11	-6.98206	1.19214
39	6	2515.06	-5.97346	2.33447
40	6	734.534	-4.5946	3.31288
41	6	-1095.13	-2.95032	4.06499
42	6	-2793.25	-1.12198	4.54605
43	6	-4155.74	0.784848	4.72514
44	6	-4978.62	2.62767	4.59076
45	6	-5157.16	4.35243	4.15762
46	6	-4678.6	5.93307	3.44646
47	6	-3564.25	7.2061	2.47799
48	6	-1928.91	7.96962	1.30112
49	6	0	3.99649e-07	0
0	7	-321.433	1.40157	4.53095
1	7	-1934.17	4.49368	3.60943
2	7	-3356.87	7.10815	3.06332
3	7	-4467.25	9.01276	2.25134
4	7	-5163.49	10.0444	1.25692
5	7	-5381.55	10.1099	0.172482
6	7	-5101.9	9.21975	-0.904083
7	7	-4351.78	7.45357	-1.87784
8	7	-3199.94	4.98999	-2.662
9	7	-1756.57	2.05191	-3.18802
10	7	-152.246	-1.07884	-3.40921
11	7	1457.62	-4.11377	-3.30753
12	7	2928.97	-6.77504	-2.89361
13	7	4116.01	-8.80756	-2.20643
14	7	4913.18	-10.0411	-1.31053
15	7	5240.48	-10.3361	-0.287765
16	7	5070.16	-9.67565	0.765815
17	7	4426.1	-8.07966	1.75276
18	7	3370.08	-5.67613	2.5773
19	7	2016.27	-2.67896	3.15721
20	7	480.14	0.629578	3.43171
21	7	-1110.87	3.8553	3.3691
22	7	-2642.58	6.62471	2.97738
23	7	-4012.72	8.62383	2.30317
24	7	-5098.27	9.68447	1.42511
25	7	-5771.26	9.83651	0.43813
26	7	-5919.19	9.19906	-0.564516
27	7	-5475.16	7.87919	-1.50234
28	7	-4467.03	6.00634	-2.3065
29	7	-3008.41	3.72208	-2.92102
30	7	-1227.19	1.21286	-3.30408
31	7	715.424	-1.22993	-3.43204
32	7	2622.86	-3.44461	-3.30999
33	7	4303.73	-5.38742	-2.95856
34	7	5549.48	-6.91333	-2.40519
35	7	6210.2	-7.91457	-1.69514
36	7	6247.26	-8.36938	-0.883544
37	7	5646.18	-8.26369	-0.0272534
38	7	4435.04	-7.63517	0.816299
39	7	2752.15	-6.53285	1.59592
40	7	804.576	-5.02459	2.26371
41	7	-1197.43	-3.22535	2.7765
42	7	-3055.75	-1.22436	3.10379
43	7	-4546.66	0.861696	3.22423
44	7	-5446.69	2.87531	3.13018
45	7	-5641.56	4.75901	2.83329
46	7	-5117.8	6.48676	2.3485
47	7	-3898.63	7.87893	1.68877
48	7	-2109.67	8.71349	0.886719
49	7	0	4.36097e-07	0
0	8	-343.097	1.51901	3.08407
1	8	-2049.62	4.8041	2.16377
2	8	-3554.91	7.57144	1.81425
3	8	-4729.65	9.58083	1.33466
4	8	-5466.16	10.6641	0.774964
5	8	-5696.65	10.7252	0.18313
6	8	-5400.48	9.77639	-0.393142
7	8	-4606.44	7.90185	-0.908326
8	8	-3387.28	5.2907	-1.32091
9	8	-1859.61	2.17834	-1.598
10	8	-161.589	-1.13698	-1.71739
11	8	1542.28	-4.35041	-1.67089
12	8	3099.59	-7.16791	-1.46456
13	8	4355.98	-9.31975	-1.11868
14	8	5199.82	-10.6259	-0.666151
15	8	5546.33	-10.9385	-0.148826
16	8	5366.27	-10.2399	0.384645
17	8	4684.8	-8.55105	0.884656
18	8	3567.34	-6.00765	1.30264
19	8	2134.75	-2.83589	1.59693
20	8	509.159	0.665382	1.73644
21	8	-1174.58	4.07927	1.70533
22	8	-2795.64	7.01017	1.50746
23	8	-4245.66	9.12584	1.16653
24	8	-5394.75	10.2487	0.722331
25	8	-6107.36	10.4097	0.22269
26	8	-6264.26	9.73523	-0.284651
27	8	-5794.76	8.33894	-0.759116
28	8	-4728.06	6.35767	-1.16653
29	8	-3184.24	3.94108	-1.47867
30	8	-1298.79	1.28601	-1.67436
31	8	757.264	-1.2997	-1.7416
32	8	2775.76	-3.64552	-1.68206
33	8	4554.44	-5.70379	-1.50399
34	8	5872.79	-7.31928	-1.22124
35	8	6572.69	-8.37857	-0.858963
36	8	6613	-8.85894	-0.445787
37	8	5977.42	-8.74597	-0.0103711
38	8	4695.77	-8.0809	0.417921
39	8	2914.79	-6.91465	0.813612
40	8	853.057	-5.31777	1.15241
41	8	-1267.05	-3.41246	1.41182
42	8	-3235.36	-1.2932	1.57638
43	8	-4814.5	0.915482	1.6352
44	8	-5767.29	3.04505	1.58473
45	8	-5973.02	5.03617	1.43269
46	8	-5418.21	6.86393	1.1874
47	8	-4127.37	8.33747	0.854123
48	8	-2233.34	9.22044	0.448497
49	8	0	4.58843e-07	0
0	9	-356.312	1.61238	1.56126
1	9	-2110.08	5.00281	0.654091
2	9	-3656.86	7.84508	0.503942
3	9	-4863.88	9.90056	0.367929
4	9	-5620.5	11.0024	0.259409
5	9	-5857.09	11.0546	0.178733
6	9	-5552.4	10.0709	0.12099
7	9	-4735.98	8.13771	0.0805886
8	9	-3482.63	5.4491	0.0525292
9	9	-1912.15	2.2466	0.03317
10	9	-166.582	-1.16357	0.0197632
11	9	1585	-4.46837	0.0104485
12	9	3185.94	-7.36565	0.00404075
13	9	4477.56	-9.57846	-0.000493932
14	9	5345.12	-10.9216	-0.0034278
15	9	5701.45	-11.2434	-0.00547727
16	9	5516.55	-10.5257	-0.0065439
17	9	4816.17	-8.79001	-0.00704203
18	9	3667.66	-6.17589	-0.0070581
19	9	2195.14	-2.91565	-0.00638986
20	9	524.254	0.683173	-0.00570067
21	9	-1206.42	4.1924	-0.00446511
22	9	-2872.71	7.20509	-0.00308886
23	9	-4363.14	9.3798	-0.0017562
24	9	-5544.52	10.5344	-0.0002263
25	9	-6277.29	10.6998	0.00102405
26	9	-6438.81	10.0065	0.00259105
27	9	-5956.66	8.57187	0.00421325
28	9	-4860.46	6.53613	0.00473968
29	9	-3273.38	4.05296	0.00372615
30	9	-1334.96	1.32446	0.00101547
31	9	778.493	-1.33374	-0.00333197
32	9	2853.13	-3.74733	-0.00749768
33	9	4681.34	-5.86545	-0.00769143
34	9	6036.39	-7.52639	-0.00381521
35	9	6756.38	-8.61479	0.000317761
36	9	6799.04	-9.10788	0.00356835
37	9	6146.4	-8.99083	0.00619003
38	9	4829.07	-8.30713	0.00766012
39	9	2998.38	-7.10835	0.00868129
40	9	878.56	-5.46608	0.00921024
41	9	-1302.08	-3.50654	0.00811614
42	9	-3327.15	-1.32682	0.00546139
43	9	-4951.81	0.944343	0.00129424
44	9	-5931.46	3.13199	-0.0036057
45	9	-6142.36	5.1764	-0.00622678
46	9	-5571.54	7.05447	-0.0053545
47	9	-4244.16	8.56937	-0.00330932
48	9	-2296.49	9.47684	-0.00166161
49	9	0	4.67419e-07	0
0	10	-360.753	1.68551	-1.03207e-12
1	10	-2113.87	5.08828	-0.885871
2	10	-3659.87	7.92269	-0.839711
3	10	-4866.18	9.96257	-0.62874
4	10	-5622.25	11.0485	-0.279949
5	10	-5858.44	11.0877	0.156742
6	10	-5553.46	10.094	0.622747
7	10	-4736.84	8.15377	1.06106
8	10	-3483.35	5.46018	1.42043
9	10	-1912.74	2.25427	1.66081
10	10	-167.089	-1.15824	1.75482
11	10	1584.63	-4.46471	1.69068
12	10	3185.65	-7.36306	1.47222
13	10	4477.43	-9.57679	1.11774
14	10	5345.12	-10.9204	0.659609
15	10	5701.59	-11.2428	0.138355
16	10	5516.86	-10.5255	-0.397228
17	10	4816.57	-8.79001	-0.898152
18	10	3668.25	-6.17628	-1.31621
19	10	2195.8	-2.91604	-1.60924
20	10	524.994	0.682466	-1.74732
21	10	-1205.53	4.19161	-1.71375
22	10	-2871.79	7.20433	-1.51321
23	10	-4362.14	9.37893	-1.16974
24	10	-5543.57	10.5337	-0.722518
25	10	-6276.46	10.6989	-0.220468
26	10	-6438.17	10.0056	0.289593
27	10	-5956.44	8.57157	0.766941
28	10	-4860.54	6.53671	1.17539
29	10	-3273.35	4.05451	1.48571
30	10	-1334.73	1.32695	1.67627
31	10	778.554	-1.33135	1.73533
32	10	2852.89	-3.74722	1.66806
33	10	4680.91	-5.86767	1.48958
34	10	6035.78	-7.52876	1.21394
35	10	6756.28	-8.61665	0.85942
36	10	6800.26	-9.10938	0.452437
37	10	6148.41	-8.99167	0.0219781
38	10	4831.16	-8.30772	-0.403469
39	10	3000.48	-7.10865	-0.797098
40	10	880.27	-5.46546	-1.13483
41	10	-1301.64	-3.50503	-1.39634
42	10	-3328.53	-1.32444	-1.56604
43	10	-4954.63	0.947151	-1.63286
44	10	-5934.48	3.13349	-1.59168
45	10	-6144.78	5.17591	-1.44454
46	10	-5573.49	7.0533	-1.19755
47	10	-4245.67	8.56843	-0.860348
48	10	-2297.27	9.47589	-0.451584
49	10	0	4.61898e-07	0
0	11	-356.312	1.7447	-1.56126
1	11	-2060.79	5.06226	-2.4232
2	11	-3563.72	7.80235	-2.189
3	11	-4736.37	9.76335	-1.63443
4	11	-5471.24	10.799	-0.832002
5	11	-5700.55	10.8214	0.115962
6	11	-5403.56	9.8435	1.09766
7	11	-4608.92	7.94837	2.0061
8	11	-3389.37	5.32279	2.74544
9	11	-1861.32	2.20054	3.2406
10	11	-163.053	-1.12156	3.44058
11	11	1541.19	-4.3398	3.32408
12	11	3098.75	-7.16039	2.90001
13	11	4355.56	-9.31487	2.20558
14	11	5199.79	-10.6224	1.30488
15	11	5546.68	-10.9366	0.278791
16	11	5367.18	-10.2391	-0.776765
17	11	4685.97	-8.55101	-1.7645
18	11	3569.06	-6.00875	-2.58918
19	11	2136.7	-2.83711	-3.168
20	11	511.388	0.663263	-3.44105
21	11	-1171.93	4.07695	-3.37612
22	11	-2792.95	7.00796	-2.98192
23	11	-4242.72	9.12324	-2.30554
24	11	-5391.97	10.2467	-1.42473
25	11	-6105.06	10.4073	-0.4357
26	11	-6262.53	9.73266	0.56875
27	11	-5794.16	8.33805	1.50867
28	11	-4728.24	6.3593	2.31374
29	11	-3184.12	3.94557	2.92685
30	11	-1298.12	1.29319	3.30561
31	11	757.476	-1.29289	3.42686
32	11	2775.06	-3.64519	3.29877
33	11	4553.13	-5.71009	2.94691
34	11	5870.96	-7.32608	2.39891
35	11	6572.4	-8.38398	1.69513
36	11	6616.53	-8.86328	0.888802
37	11	5983.26	-8.74844	0.0366939
38	11	4701.88	-8.08267	-0.804293
39	11	2920.92	-6.91556	-1.58191
40	11	857.999	-5.31595	-2.24868
41	11	-1265.81	-3.408	-2.76329
42	11	-3239.42	-1.28624	-3.09512
43	11	-4822.67	0.923611	-3.22255
44	11	-5776.03	3.04937	-3.13632
45	11	-5980.06	5.0347	-2.8434
46	11	-5423.86	6.86052	-2.35703
47	11	-4131.67	8.33473	-1.69387
48	11	-2235.52	9.21771	-0.889148
49	11	0	4.42868e-07	0
0	12	-343.097	1.79946	-3.08407
1	12	-1952.18	4.92949	-3.92784
2	12	-3370.87	7.486	-3.51748
3	12	-4477.8	9.30503	-2.62758
4	12	-5171.43	10.2573	-1.38412
5	12	-5387.61	10.2603	0.056931
6	12	-5106.69	9.32424	1.53298
7	12	-4355.64	7.52575	2.89037
8	12	-3203.2	5.03974	3.9919
9	12	-1759.24	2.08624	4.72986
10	12	-154.543	-1.05493	5.03133
11	12	1455.87	-4.09735	4.8663
12	12	2927.63	-6.76338	4.24855
13	12	4115.26	-8.79994	3.23337
14	12	4913.06	-10.0358	1.91478
15	12	5240.92	-10.3332	0.411915
16	12	5071.49	-9.6744	-1.13479
17	12	4427.9	-8.07956	-2.58242
18	12	3372.76	-5.67785	-3.79129
19	12	2019.46	-2.68102	-4.64021
20	12	483.803	0.626127	-5.04087
21	12	-1106.57	3.85157	-4.94647
22	12	-2638.32	6.62126	-4.36935
23	12	-4008.09	8.61966	-3.37829
24	12	-5093.91	9.68122	-2.08787
25	12	-5767.87	9.83303	-0.63886
26	12	-5916.75	9.19529	0.832653
27	12	-5474.31	7.87777	2.20952
28	12	-4467.26	6.00878	3.38907
29	12	-3008.19	3.72903	4.28796
30	12	-1226.14	1.22387	4.84461
31	12	715.862	-1.21966	5.02506
32	12	2621.82	-3.44403	4.83996
33	12	4301.51	-5.39679	4.32439
34	12	5546.47	-6.92373	3.51881
35	12	6209.76	-7.92299	2.48482
36	12	6252.74	-8.37611	1.30102
37	12	5655.28	-8.26763	0.0502147
38	12	4444.63	-7.63808	-1.18378
39	12	2761.74	-6.53435	-2.32447
40	12	812.209	-5.02173	-3.30209
41	12	-1195.61	-3.21829	-4.05545
42	12	-3062.11	-1.21339	-4.53995
43	12	-4559.31	0.874307	-4.72434
44	12	-5460.21	2.8819	-4.59553
45	12	-5652.51	4.75663	-4.16497
46	12	-5126.57	6.48138	-3.45248
47	12	-3905.09	7.87466	-2.4814
48	12	-2112.81	8.70937	-1.3026
49	12	0	4.11379e-07	0
0	13	-321.433	1.86382	-4.53095
1	13	-1790.78	4.6968	-5.37567
2	13	-3086.32	6.97841	-4.8011
3	13	-4097.33	8.59481	-3.58597
4	13	-4730.84	9.43382	-1.92187
5	13	-4928.04	9.41663	-0.0177277
6	13	-4670.85	8.54835	1.91818
7	13	-3983.82	6.89609	3.69097
8	13	-2929.84	4.61791	5.12673
9	13	-1609.26	1.91393	6.08865
10	13	-141.752	-0.960556	6.48416
11	13	1331.03	-3.74416	6.27558
12	13	2676.96	-6.18298	5.48126
13	13	3763.11	-8.0461	4.17315
14	13	4492.77	-9.17665	2.47269
15	13	4792.64	-9.44894	0.534023
16	13	4637.87	-8.8468	-1.46163
17	13	4049.39	-7.38846	-3.32972
18	13	3084.66	-5.19254	-4.88989
19	13	1847.22	-2.45198	-5.9859
20	13	442.924	0.572139	-6.50334
21	13	-1011.29	3.52161	-6.38209
22	13	-2412.06	6.05464	-5.63776
23	13	-3664.64	7.8819	-4.359
24	13	-4657.56	8.8528	-2.69411
25	13	-5274.09	8.99175	-0.824455
26	13	-5410.27	8.40811	1.07425
27	13	-5005.68	7.2034	2.85051
28	13	-4084.86	5.49486	4.37219
29	13	-2750.49	3.41079	5.53223
30	13	-1120.79	1.12071	6.25155
31	13	654.868	-1.11384	6.4864
32	13	2397.41	-3.14928	6.24946
33	13	3932.99	-4.93624	5.58425
34	13	5071.23	-6.33259	4.54304
35	13	5678.26	-7.2462	3.20705
36	13	5718.72	-7.66101	1.67809
37	13	5173.25	-7.56212	0.0624821
38	13	4066.27	-6.98592	-1.53143
39	13	2527.13	-5.97542	-3.00455
40	13	744.031	-4.59101	-4.26636
41	13	-1092.98	-2.94129	-5.23758
42	13	-2801.31	-1.10798	-5.86111
43	13	-4171.54	0.800659	-6.09731
44	13	-4995.47	2.63574	-5.92966
45	13	-5170.93	4.34929	-5.37342
46	13	-4689.57	5.9262	-4.45427
47	13	-3572	7.20072	-3.20171
48	13	-1932.41	7.96466	-1.68086
49	13	0	3.68874e-07	0
0	14	-291.855	1.95895	-5.86625
1	14	-1580.71	4.37109	-6.75397
2	14	-2717.53	6.28537	-6.019
3	14	-3605.07	7.64435	-4.48601
4	14	-4161.3	8.3457	-2.42847
5	14	-4334.23	8.31014	-0.102985
6	14	-4107.82	7.53499	2.24534
7	14	-3503.54	6.07536	4.38802
8	14	-2576.68	4.06804	6.12038
9	14	-1415.41	1.68786	7.28089
10	14	-124.992	-0.841278	7.76013
11	14	1170.09	-3.29003	7.51393
12	14	2353.62	-5.43512	6.5648
13	14	3308.72	-7.07393	4.99945
14	14	3950.4	-8.06832	2.96341
15	14	4214.12	-8.30803	0.641725
16	14	4078.16	-7.77882	-1.74863
17	14	3560.73	-6.49652	-3.98641
18	14	2712.55	-4.56597	-5.85537
19	14	1624.58	-2.15618	-7.16863
20	14	389.81	0.502792	-7.78874
21	14	-888.689	3.09604	-7.64388
22	14	-2120.38	5.32354	-6.75269
23	14	-3221.74	6.93004	-5.22108
24	14	-4094.78	7.78388	-3.22711
25	14	-4637.13	7.90623	-0.987581
26	14	-4756.87	7.39259	1.28689
27	14	-4401.09	6.33343	3.41416
28	14	-3591.55	4.83166	5.23643
29	14	-2418.13	2.99956	6.62603
30	14	-985.027	0.986445	7.48843
31	14	576.132	-0.978381	7.77122
32	14	2107.94	-2.76898	7.48875
33	14	3457.67	-4.34097	6.69197
34	14	4458.26	-5.5688	5.44363
35	14	4992.45	-6.37208	3.84222
36	14	5029	-6.73734	2.00989
37	14	4550.15	-6.65084	0.0733392
38	14	3576.91	-6.1437	-1.8376
39	14	2223.35	-5.254	-3.60343
40	14	655.247	-4.03574	-5.11503
41	14	-960.697	-2.5848	-6.27736
42	14	-2464.04	-0.97295	-7.0227
43	14	-3669.78	0.704801	-7.30422
44	14	-4394.34	2.31772	-7.10248
45	14	-4548.29	3.8238	-6.43589
46	14	-4124.64	5.21009	-5.33518
47	14	-3141.41	6.33123	-3.83532
48	14	-1699.25	7.00369	-2.01374
49	14	0	3.17088e-07	0
0	15	-255.091	2.11831	-7.05711
1	15	-1327.24	3.95468	-8.07171
2	15	-2274.14	5.41114	-7.15301
3	15	-3014.18	6.46916	-5.30102
4	15	-3478.16	7.01678	-2.8842
5	15	-3622.25	6.9679	-0.191322
6	15	-3432.86	6.31019	2.50928
7	15	-2927.83	5.08508	4.96503
8	15	-2153.31	3.40464	6.94746
9	15	-1182.94	1.41393	8.27521
10	15	-104.7	-0.700492	8.82522
11	15	977.47	-2.74738	8.54811
12	15	1966.4	-4.54019	7.46995
13	15	2764.49	-5.90992	5.68987
14	15	3300.71	-6.74101	3.37355
15	15	3521.07	-6.94146	0.731876
16	15	3407.56	-6.4995	-1.9882
17	15	2975.24	-5.42806	-4.53485
18	15	2266.59	-3.8152	-6.66174
19	15	1357.63	-1.80169	-8.15647
20	15	325.923	0.419946	-8.86228
21	15	-742.157	2.5865	-8.69766
22	15	-1771.26	4.44787	-7.68394
23	15	-2691.5	5.79004	-5.94117
24	15	-3420.92	6.5035	-3.67235
25	15	-3874.23	6.60588	-1.12387
26	15	-3974.31	6.1764	1.4646
27	15	-3677.07	5.29161	3.88503
28	15	-3000.8	4.0372	5.95839
29	15	-2020.2	2.50652	7.5399
30	15	-822.593	0.824769	8.52184
31	15	481.711	-0.816897	8.84462
32	15	1761.25	-2.31346	8.52402
33	15	2888.53	-3.62729	7.61731
34	15	3724.38	-4.65326	6.19611
35	15	4171.09	-5.32451	4.37312
36	15	4202.37	-5.63017	2.28738
37	15	3802.86	-5.55831	0.0824766
38	15	2989.73	-5.13412	-2.0938
39	15	1858.58	-4.38977	-4.10447
40	15	548.245	-3.37121	-5.82465
41	15	-802.377	-2.15868	-7.14637
42	15	-2059.41	-0.812013	-7.99322
43	15	-3067.6	0.589452	-8.31244
44	15	-3673.08	1.93661	-8.08219
45	15	-3801.44	3.19452	-7.32348
46	15	-3447.11	4.3526	-6.07126
47	15	-2625.1	5.2898	-4.36502
48	15	-1419.76	5.8524	-2.29222
49	15	0	2.57946e-07	0
0	16	-212.045	2.39813	-8.07421
1	16	-1036.56	3.43468	-9.38071
2	16	-1767.76	4.35509	-8.18277
3	16	-2340.51	5.08875	-5.99768
4	16	-2699.9	5.47787	-3.26576
5	16	-2811.4	5.42428	-0.272977
6	16	-2664.29	4.90641	2.70739
7	16	-2272.29	3.95183	5.40913
8	16	-1671.22	2.64564	7.58718
9	16	-918.167	1.09954	9.0456
10	16	-81.4204	-0.542029	9.65105
11	16	758.376	-2.13096	9.35031
12	16	1525.83	-3.5225	8.17221
13	16	2145.16	-4.58567	6.22565
14	16	2561.33	-5.23076	3.69192
15	16	2732.34	-5.3864	0.801965
16	16	2644.31	-5.04359	-2.17389
17	16	2308.86	-4.21213	-4.96023
18	16	1758.96	-2.96069	-7.28725
19	16	1053.68	-1.39821	-8.92279
20	16	253.059	0.325801	-9.69514
21	16	-575.699	2.00691	-9.51516
22	16	-1374.27	3.45148	-8.40638
23	16	-2088.38	4.4929	-6.49976
24	16	-2654.32	5.04648	-4.01766
25	16	-3006.15	5.12601	-1.22956
26	16	-3083.87	4.7926	1.6024
27	16	-2853.3	4.10624	4.25021
28	16	-2328.62	3.13304	6.51858
29	16	-1567.49	1.94514	8.24918
30	16	-637.97	0.640233	9.32377
31	16	374.072	-0.633612	9.67739
32	16	1366.69	-1.7951	9.32712
33	16	2241.11	-2.81479	8.33522
34	16	2889.62	-3.61105	6.7801
35	16	3236.56	-4.13208	4.78529
36	16	3261.33	-4.36959	2.50286
37	16	2951.66	-4.31408	0.0895411
38	16	2320.67	-3.98456	-2.2929
39	16	1442.77	-3.4063	-4.49365
40	16	425.935	-2.61555	-6.37554
41	16	-622.37	-1.67453	-7.82085
42	16	-1598.45	-0.629528	-8.74641
43	16	-2381.34	0.457797	-9.09474
44	16	-2851.25	1.50284	-8.84225
45	16	-2950.67	2.47861	-8.01208
46	16	-2675.43	3.37712	-6.64246
47	16	-2037.2	4.10474	-4.77632
48	16	-1101.65	4.54191	-2.50861
49	16	0	1.93549e-07	0
0	17	-163.779	2.89941	-8.89248
1	17	-715.399	2.75753	-10.8214
2	17	-1211.63	3.10906	-9.06799
3	17	-1602.22	3.52822	-6.53046
4	17	-1847.65	3.7675	-3.5464
5	17	-1923.75	3.72071	-0.336864
6	17	-1823.01	3.36201	2.83914
7	17	-1554.77	2.70675	5.71097
8	17	-1143.51	1.81194	8.02371
9	17	-628.283	0.753459	9.57201
10	17	-55.7965	-0.37005	10.2157
11	17	518.767	-1.45742	9.8989
12	17	1043.85	-2.40963	8.65259
13	17	1467.58	-3.13713	6.59219
14	17	1752.34	-3.57857	3.90985
15	17	1869.36	-3.6851	0.850088
16	17	1809.17	-3.45065	-2.30075
17	17	1579.69	-2.88179	-5.25108
18	17	1203.5	-2.02568	-7.71503
19	17	721.011	-0.956687	-9.44697
20	17	173.221	0.222862	-10.2649
21	17	-393.78	1.37298	-10.0745
22	17	-940.153	2.3614	-8.90062
23	17	-1428.71	3.07383	-6.88176
24	17	-1815.82	3.45247	-4.25371
25	17	-2056.54	3.50693	-1.30183
26	17	-2109.77	3.27881	1.69657
27	17	-1952.1	2.80938	4.49993
28	17	-1593.19	2.14363	6.90186
29	17	-1072.32	1.33079	8.73457
30	17	-436.251	0.438066	9.87241
31	17	256.082	-0.433365	10.247
32	17	935.008	-1.22803	9.87637
33	17	1533.05	-1.92572	8.82631
34	17	1976.71	-2.47061	7.17976
35	17	2214.26	-2.82719	5.06743
36	17	2231.46	-2.98985	2.65034
37	17	2019.74	-2.95197	0.0942969
38	17	1588.02	-2.72632	-2.42928
39	17	987.336	-2.33037	-4.76006
40	17	291.676	-1.78923	-6.7525
41	17	-425.628	-1.14538	-8.28235
42	17	-1093.77	-0.430396	-9.26178
43	17	-1629.7	0.313428	-9.62996
44	17	-1951.24	1.02822	-9.36215
45	17	-2019.13	1.69559	-8.48308
46	17	-1830.66	2.31022	-7.03325
47	17	-1393.81	2.80825	-5.05788
48	17	-753.638	3.1077	-2.65684
49	17	0	1.26411e-07	0
0	18	-111.479	3.81529	-9.4918
1	18	-370.317	1.76793	-12.7251
2	18	-620.435	1.66138	-9.69461
3	18	-819.392	1.82337	-6.83611
4	18	-944.661	1.93315	-3.6985
5	18	-983.497	1.90528	-0.372528
6	18	-931.966	1.72035	2.90517
7	18	-794.834	1.38466	5.86459
8	18	-584.593	0.926847	8.24649
9	18	-321.207	0.385547	9.84087
10	18	-28.5564	-0.188921	10.5041
11	18	265.162	-0.744862	10.1793
12	18	533.576	-1.23167	8.8981
13	18	750.19	-1.60361	6.77958
14	18	895.763	-1.8293	4.02127
15	18	955.584	-1.88377	0.874748
16	18	924.839	-1.76396	-2.36549
17	18	807.553	-1.47317	-5.39965
18	18	615.261	-1.03555	-7.93365
19	18	368.618	-0.489081	-9.71493
20	18	88.5745	0.113915	-10.5562
21	18	-201.273	0.701845	-10.3604
22	18	-480.587	1.20716	-9.15325
23	18	-730.323	1.5713	-7.07695
24	18	-928.165	1.76482	-4.37431
25	18	-1051.23	1.79269	-1.33879
26	18	-1078.46	1.67608	1.74468
27	18	-997.886	1.43616	4.62758
28	18	-814.429	1.09586	7.0978
29	18	-548.12	0.680285	8.98272
30	18	-222.927	0.223935	10.1529
31	18	130.959	-0.221496	10.5381
32	18	477.949	-0.627713	10.1571
33	18	783.596	-0.984385	9.07734
34	18	1010.39	-1.26298	7.38412
35	18	1131.89	-1.44531	5.21173
36	18	1140.76	-1.5285	2.72573
37	18	1032.57	-1.50916	0.0966815
38	18	811.866	-1.39374	-2.49907
39	18	504.786	-1.19124	-4.89628
40	18	149.19	-0.914581	-6.9452
41	18	-217.511	-0.585437	-8.51829
42	18	-559.17	-0.219918	-9.52526
43	18	-833.239	0.160299	-9.90356
44	18	-997.619	0.525629	-9.62788
45	18	-1032.29	0.86671	-8.72379
46	18	-935.884	1.18087	-7.23301
47	18	-712.506	1.43554	-5.20186
48	18	-385.224	1.58874	-2.73268
49	18	0	6.01571e-08	0
0	19	0	0	-9.85739
1	19	0	0	-0.211449
2	19	0	0	-0.161064
3	19	0	0	-0.113572
4	19	0	0	-0.0614296
5	19	0	0	-0.00613671
6	19	0	0	0.048362
7	19	0	0	0.0975773
8	19	0	0	0.137187
9	19	0	0	0.163704
10	19	0	0	0.174731
11	19	0	0	0.169324
12	19	0	0	0.148012
13	19	0	0	0.11277
14	19	0	0	0.0668901
15	19	0	0	0.0145528
16	19	0	0	-0.0393457
17	19	0	0	-0.0898127
18	19	0	0	-0.131962
19	19	0	0	-0.161594
20	19	0	0	-0.175586
21	19	0	0	-0.172332
22	19	0	0	-0.15225
23	19	0	0	-0.117705
24	19	0	0	-0.072747
25	19	0	0	-0.0222465
26	19	0	0	0.0290362
27	19	0	0	0.0769829
28	19	0	0	0.118079
29	19	0	0	0.14942
30	19	0	0	0.168861
31	19	0	0	0.175256
32	19	0	0	0.168912
33	19	0	0	0.150951
34	19	0	0	0.122793
35	19	0	0	0.0866752
36	19	0	0	0.0453465
37	19	0	0	0.00163017
38	19	0	0	-0.0415512
39	19	0	0	-0.0814443
40	19	0	0	-0.115539
41	19	0	0	-0.141707
42	19	0	0	-0.158444
43	19	0	0	-0.16471
44	19	0	0	-0.160106
45	19	0	0	-0.145075
46	19	0	0	-0.120292
47	19	0	0	-0.0865078
48	19	0	0	-0.0454379
49	19	0	0	0
