0	0	0	0	9.98027
1	0	0	0	15.803
2	0	0	0	20.1142
3	0	0	0	22.41
4	0	0	0	22.4896
5	0	0	0	20.3789
6	0	0	0	16.3339
7	0	0	0	10.7616
8	0	0	0	4.18431
9	0	0	0	-2.80527
10	0	0	0	-9.61334
11	0	0	0	-15.6585
12	0	0	0	-20.4007
13	0	0	0	-23.4102
14	0	0	0	-24.4007
15	0	0	0	-23.2684
16	0	0	0	-20.1019
17	0	0	0	-15.158
18	0	0	0	-8.84651
19	0	0	0	-1.70129
20	0	0	0	5.65611
21	0	0	0	12.5541
22	0	0	0	18.3568
23	0	0	0	22.5424
24	0	0	0	24.7282
25	0	0	0	24.6989
26	0	0	0	22.4356
27	0	0	0	18.1299
28	0	0	0	12.1527
29	0	0	0	5.03585
30	0	0	0	-2.5618
31	0	0	0	-9.91588
32	0	0	0	-16.2947
33	0	0	0	-21.0139
34	0	0	0	-23.5414
35	0	0	0	-23.6062
36	0	0	0	-21.2149
37	0	0	0	-16.6218
38	0	0	0	-10.302
39	0	0	0	-2.92006
40	0	0	0	4.75011
41	0	0	0	11.9086
42	0	0	0	17.803
43	0	0	0	21.8042
44	0	0	0	23.4917
45	0	0	0	22.7035
46	0	0	0	19.5341
47	0	0	0	14.3156
48	0	0	0	7.58285
49	0	0	0	0
0	1	-56.4342	-3.50815	9.85739
1	1	-474.653	-2.51199	15.4182
2	1	-844.319	-1.33749	19.5866
3	1	-1138.15	-0.0475213	21.8108
4	1	-1332.76	1.22684	21.8832
5	1	-1414.2	2.35198	19.8272
6	1	-1378.43	3.24036	15.8913
7	1	-1225.87	3.82489	10.4708
8	1	-964.13	4.06469	4.07341
9	1	-610.942	3.95918	-2.72448
10	1	-196.532	3.51558	-9.3455
11	1	237.867	2.75783	-15.2244
12	1	648.758	1.75022	-19.836
13	1	994.011	0.576094	-22.7624
14	1	1239.84	-0.658506	-23.7258
15	1	1365.2	-1.84147	-22.6249
16	1	1356.66	-2.8751	-19.546
17	1	1211.07	-3.67043	-14.7387
18	1	943.067	-4.1553	-8.60136
19	1	580.93	-4.2787	-1.65361
20	1	165.25	-4.01152	5.50039
21	1	-260.49	-3.37459	12.2079
22	1	-653.286	-2.43416	17.8504
23	1	-974.523	-1.2711	21.9202
24	1	-1193.87	0.0170461	24.0453
25	1	-1287.66	1.31622	24.0164
26	1	-1242.11	2.50398	21.8152
27	1	-1065.38	3.47606	17.6281
28	1	-779.318	4.13883	11.8159
29	1	-410.723	4.41846	4.89582
30	1	-0.154543	4.27682	-2.49175
31	1	398.442	3.70966	-9.64227
32	1	733.274	2.7446	-15.8444
33	1	970.275	1.46996	-20.4328
34	1	1088.66	0.0377663	-22.89
35	1	1083.52	-1.39055	-22.9531
36	1	964.026	-2.67105	-20.6281
37	1	749.193	-3.67524	-16.1622
38	1	462.699	-4.2929	-10.0174
39	1	134.077	-4.46055	-2.83988
40	1	-199.552	-4.16303	4.61803
41	1	-502.547	-3.42785	11.5787
42	1	-742.079	-2.32694	17.3102
43	1	-896.927	-0.981371	21.2011
44	1	-957.616	0.458306	22.8421
45	1	-921.428	1.84314	22.0758
46	1	-790.032	3.03473	18.9938
47	1	-573.955	3.91531	13.9194
48	1	-300.858	4.4097	7.37294
49	1	0	-6.12771e-07	0
0	2	-111.479	-6.78108	9.4918
1	2	-928.559	-4.89941	14.625
2	2	-1651.53	-2.61136	18.5475
3	2	-2226.22	-0.0901086	20.6366
4	2	-2606.75	2.40167	20.6961
5	2	-2766.04	4.60185	18.7474
6	2	-2696.13	6.33916	15.0247
7	2	-2397.72	7.48225	9.90124
8	2	-1885.79	7.95106	3.856
9	2	-1195.12	7.74449	-2.56673
10	2	-384.628	6.87664	-8.82177
11	2	465.063	5.39434	-14.3754
12	2	1268.79	3.42338	-18.7314
13	2	1944.16	1.12689	-21.4957
14	2	2425.04	-1.28788	-22.4058
15	2	2670.28	-3.60172	-21.3663
16	2	2653.62	-5.62354	-18.4588
17	2	2368.9	-7.17922	-13.9186
18	2	1844.73	-8.12743	-8.12209
19	2	1136.42	-8.36876	-1.56042
20	2	323.307	-7.84632	5.19587
21	2	-509.463	-6.60052	11.5307
22	2	-1277.79	-4.76097	16.8597
23	2	-1906.2	-2.48607	20.7031
24	2	-2335.3	0.033578	22.7096
25	2	-2518.78	2.57473	22.6816
26	2	-2429.69	4.89782	20.6018
27	2	-2083.97	6.79898	16.6466
28	2	-1524.26	8.09519	11.1573
29	2	-803.233	8.6421	4.62207
30	2	-0.303436	8.36495	-2.35455
31	2	779.199	7.2556	-9.1071
32	2	1434.14	5.36797	-14.9637
33	2	1897.73	2.87491	-19.296
34	2	2129.25	0.0738861	-21.616
35	2	2119.24	-2.71969	-21.6757
36	2	1885.49	-5.2242	-19.4804
37	2	1465.28	-7.18827	-15.2633
38	2	904.914	-8.39635	-9.46082
39	2	262.148	-8.72433	-2.68301
40	2	-390.373	-8.14252	4.35989
41	2	-983.063	-6.70471	10.9335
42	2	-1451.57	-4.55144	16.3467
43	2	-1754.37	-1.91956	20.0216
44	2	-1872.99	0.896373	21.5715
45	2	-1802.18	3.60511	20.8479
46	2	-1545.19	5.93575	17.937
47	2	-1122.53	7.65794	13.1447
48	2	-588.447	8.62483	6.96239
49	2	0	-1.16936e-06	0
0	3	-163.779	-9.87686	8.89248
1	3	-1357.39	-7.1461	13.4495
2	3	-2414.04	-3.8079	17.0216
3	3	-3253.92	-0.125205	18.9167
4	3	-3809.85	3.51523	18.9585
5	3	-4042.64	6.72981	17.1668
6	3	-3940.59	9.26814	13.7561
7	3	-3504.42	10.9383	9.06701
8	3	-2756.28	11.623	3.53706
9	3	-1747.1	11.3205	-2.33687
10	3	-562.661	10.0517	-8.05669
11	3	679.291	7.88479	-13.1346
12	3	1854.11	5.00378	-17.1173
13	3	2841.38	1.64724	-19.6445
14	3	3544.35	-1.88212	-20.4767
15	3	3902.85	-5.264	-19.5269
16	3	3878.64	-8.21923	-16.8697
17	3	3462.64	-10.4932	-12.7202
18	3	2696.52	-11.8788	-7.42194
19	3	1661.26	-12.2314	-1.42435
20	3	472.75	-11.4681	4.75082
21	3	-744.492	-9.64719	10.5409
22	3	-1867.53	-6.95828	15.4115
23	3	-2786.24	-3.63325	18.9238
24	3	-3413.58	0.0496003	20.757
25	3	-3681.84	3.7638	20.7304
26	3	-3551.63	7.15905	18.8284
27	3	-3046.15	9.93737	15.2125
28	3	-2227.75	11.8315	10.1948
29	3	-1173.79	12.6308	4.22218
30	3	-0.4556	12.2256	-2.15377
31	3	1138.6	10.604	-8.32477
32	3	2095.86	7.84494	-13.6763
33	3	2773.48	4.20136	-17.6345
34	3	3111.87	0.108084	-19.754
35	3	3097.32	-3.97466	-19.8088
36	3	2755.61	-7.63513	-17.8032
37	3	2141.4	-10.5056	-13.9497
38	3	1322.33	-12.2713	-8.64734
39	3	382.843	-12.7508	-2.45354
40	3	-570.803	-11.9007	3.98282
41	3	-1437.1	-9.79952	9.99083
42	3	-2121.75	-6.65245	14.9387
43	3	-2564.18	-2.80574	18.2978
44	3	-2737.37	1.31008	19.7147
45	3	-2633.81	5.26924	19.0533
46	3	-2258.31	8.67551	16.3925
47	3	-1640.56	11.1924	12.0124
48	3	-860.01	12.6052	6.36239
49	3	0	-1.65382e-06	0
0	4	-212.045	-12.7066	8.07421
1	4	-1749.58	-9.19215	11.9241
2	4	-3111.16	-4.89335	15.047
3	4	-4193.33	-0.150082	16.6942
4	4	-4909.35	4.539	16.7144
5	4	-5209.32	8.6795	15.1261
6	4	-5077.99	11.9488	12.1178
7	4	-4515.93	14.0997	7.98918
8	4	-3552.05	14.9811	3.12401
9	4	-2252	14.5906	-2.04202
10	4	-725.857	12.9548	-7.07159
11	4	874.665	10.1618	-11.5362
12	4	2388.75	6.44868	-15.0376
13	4	3661.28	2.12307	-17.2594
14	4	4567.32	-2.42514	-17.9913
15	4	5029.4	-6.78317	-17.1569
16	4	4998.49	-10.5916	-14.8222
17	4	4462.65	-13.5223	-11.1761
18	4	3475.38	-15.3077	-6.52004
19	4	2141.25	-15.7619	-1.2493
20	4	609.587	-14.7784	4.17715
21	4	-959.12	-12.4318	9.26513
22	4	-2406.47	-8.96633	13.5448
23	4	-3590.74	-4.68132	16.6305
24	4	-4399.49	0.0648077	18.2403
25	4	-4745.35	4.85122	18.2157
26	4	-4577.54	9.22634	16.5433
27	4	-3925.8	12.8061	13.3649
28	4	-2870.69	15.2462	8.95521
29	4	-1512.35	16.276	3.70721
30	4	-0.621961	15.7537	-1.89482
31	4	1466.86	13.6636	-7.31645
32	4	2700.42	10.108	-12.0172
33	4	3573.72	5.41321	-15.4934
34	4	4009.82	0.139505	-17.3548
35	4	3991.17	-5.12124	-17.4034
36	4	3550.71	-9.83817	-15.642
37	4	2759.09	-13.537	-12.257
38	4	1703.44	-15.8123	-7.59895
39	4	492.727	-16.4306	-2.15757
40	4	-736.066	-15.3356	3.49727
41	4	-1852.44	-12.6283	8.77645
42	4	-2734.5	-8.57292	13.1247
43	4	-3304.34	-3.61586	16.0769
44	4	-3527.27	1.68823	17.3223
45	4	-3393.71	6.79041	16.7408
46	4	-2909.97	11.1796	14.4023
47	4	-2113.91	14.4225	10.5534
48	4	-1108.15	16.2426	5.58936
49	4	0	-2.04206e-06	0
0	5	-255.091	-15.1899	7.05711
1	5	-2094.62	-10.981	10.0882
2	5	-3724.01	-5.83687	12.6738
3	5	-5018.89	-0.162517	14.0255
4	5	-5875.41	5.44658	14.0211
5	5	-6234.42	10.3991	12.6775
6	5	-6077.43	14.3091	10.1521
7	5	-5404.83	16.8811	6.69532
8	5	-4251.57	17.9345	2.62667
9	5	-2696.13	17.4661	-1.6913
10	5	-869.745	15.5073	-5.894
11	5	1045.89	12.1636	-9.62397
12	5	2858.17	7.71898	-12.5491
13	5	4381.53	2.54153	-14.4053
14	5	5466.18	-2.90219	-15.0171
15	5	6019.33	-8.11796	-14.3208
16	5	5982.71	-12.6761	-12.372
17	5	5341.72	-16.1842	-9.32823
18	5	4160.14	-18.3211	-5.44094
19	5	2563.36	-18.8643	-1.04026
20	5	730.146	-17.6873	3.49015
21	5	-1147.47	-14.8786	7.7377
22	5	-2879.93	-10.7305	11.31
23	5	-4297.81	-5.60167	13.8852
24	5	-5266.22	0.0788904	15.2278
25	5	-5680.44	5.80739	15.2058
26	5	-5479.63	11.0435	13.8085
27	5	-4699.05	15.3272	11.1543
28	5	-3435.61	18.2466	7.47241
29	5	-1809.74	19.4788	3.09143
30	5	-0.793566	18.8533	-1.58463
31	5	1755.12	16.3511	-6.10948
32	5	3231.45	12.0955	-10.0315
33	5	4276.79	6.4775	-12.9312
34	5	4798.76	0.167329	-14.4839
35	5	4776.47	-6.1282	-14.5249
36	5	4249.16	-11.7734	-13.0556
37	5	3301.49	-16.2	-10.2311
38	5	2037.8	-18.9232	-6.34399
39	5	588.7	-19.6635	-1.80299
40	5	-881.778	-18.3538	2.91664
41	5	-2217.89	-15.1142	7.32357
42	5	-3273.27	-10.2608	10.954
43	5	-3954.81	-4.32788	13.4192
44	5	-4221.24	2.0206	14.4592
45	5	-4061.23	8.12735	13.9735
46	5	-3482.42	13.38	12.0208
47	5	-2529.65	17.2605	8.80767
48	5	-1326.06	19.4381	4.66448
49	5	0	-2.33395e-06	0
0	6	-291.855	-17.256	5.86625
1	6	-2383.29	-12.4622	7.98863
2	6	-4235.98	-6.61117	9.96207
3	6	-5708.15	-0.160763	10.9783
4	6	-6681.82	6.21438	10.9473
5	6	-7090.17	11.8427	9.88384
6	6	-6911.8	16.2852	7.90988
7	6	-6147	19.2072	5.21876
8	6	-4835.87	20.4031	2.05709
9	6	-3067.37	19.8688	-1.29543
10	6	-990.311	17.6398	-4.55674
11	6	1188.4	13.8359	-7.45039
12	6	3249.59	8.78025	-9.71962
13	6	4982.51	2.89132	-11.1599
14	6	6216.52	-3.30024	-11.635
15	6	6845.79	-9.23215	-11.0959
16	6	6804.47	-14.4162	-9.58572
17	6	6075.87	-18.4066	-7.22686
18	6	4732.18	-20.837	-4.21402
19	6	2916.17	-21.4544	-0.803098
20	6	831.169	-20.1157	2.70814
21	6	-1304.4	-16.9209	5.99978
22	6	-3275.04	-12.2027	8.76756
23	6	-4888.23	-6.36927	10.7621
24	6	-5990.18	0.0914689	11.8012
25	6	-6461.63	6.60629	11.7826
26	6	-6233.31	12.5609	10.6985
27	6	-5344.93	17.4322	8.64076
28	6	-3907.21	20.7512	5.78683
29	6	-2057.86	22.1522	2.39169
30	6	-0.907481	21.4403	-1.23149
31	6	1995.63	18.5934	-4.73655
32	6	3674.61	13.7533	-7.77324
33	6	4863.64	7.36528	-10.0176
34	6	5457.25	0.190785	-11.2194
35	6	5431.87	-6.96813	-11.2515
36	6	4831.94	-13.3882	-10.1144
37	6	3753.81	-18.4223	-7.92704
38	6	2316.27	-21.5193	-4.91647
39	6	668.102	-22.3618	-1.39925
40	6	-1004.07	-20.8733	2.25695
41	6	-2523.55	-17.1898	5.67192
42	6	-3723.46	-11.6702	8.48596
43	6	-4497.98	-4.92246	10.3972
44	6	-4800.5	2.29824	11.2034
45	6	-4618.3	9.24372	10.8266
46	6	-3960.11	15.2169	9.31274
47	6	-2876.47	19.6291	6.82269
48	6	-1507.79	22.1048	3.61295
49	6	0	-2.54963e-06	0
0	7	-321.433	-18.8454	4.53095
1	7	-2607.82	-13.5929	5.67803
2	7	-4633.22	-7.19337	6.98017
3	7	-6242.42	-0.143666	7.62996
4	7	-7306.75	6.82208	7.57185
5	7	-7753.4	12.9711	6.81746
6	7	-7558.5	17.8237	5.44926
7	7	-6722.32	21.0147	3.59766
8	7	-5289.01	22.3198	1.42936
9	7	-3355.51	21.7334	-0.866155
10	7	-1084.14	19.2942	-3.09689
11	7	1298.41	15.1333	-5.07503
12	7	3552.44	9.60369	-6.62637
13	7	5447.88	3.16295	-7.61136
14	7	6797.91	-3.60843	-7.93681
15	7	7486.29	-10.0955	-7.5695
16	7	7441.37	-15.7648	-6.53906
17	7	6645.01	-20.1291	-4.92913
18	7	5175.9	-22.7871	-2.87271
19	7	3190.05	-23.4618	-0.54445
20	7	909.887	-21.9976	1.85204
21	7	-1425.68	-18.5033	4.09821
22	7	-3581.07	-13.343	5.98625
23	7	-5345.95	-6.96331	7.34611
24	7	-6551.67	0.102082	8.0535
25	7	-7067.58	7.22608	8.03925
26	7	-6817.94	13.7374	7.29819
27	7	-5845.8	19.0638	5.89283
28	7	-4272.74	22.6923	3.94432
29	7	-2249.99	24.2237	1.62712
30	7	-0.885791	23.4442	-0.844777
31	7	2181.97	20.3296	-3.23479
32	7	4017.98	15.0365	-5.30377
33	7	5318.36	8.05239	-6.83203
34	7	5967.39	0.209189	-7.65025
35	7	5939.53	-7.61818	-7.6726
36	7	5283.21	-14.6387	-6.89837
37	7	4103.71	-20.1434	-5.40754
38	7	2531.29	-23.5301	-3.35515
39	7	728.798	-24.4521	-0.957117
40	7	-1099.63	-22.8257	1.53638
41	7	-2761.07	-18.7987	3.86653
42	7	-4072.79	-12.7629	5.78765
43	7	-4919.12	-5.38341	7.0929
44	7	-5249.41	2.51365	7.64334
45	7	-5049.92	10.1092	7.38558
46	7	-4330.14	16.6405	6.35171
47	7	-3144.96	21.4641	4.65246
48	7	-1648.38	24.1703	2.46338
49	7	0	-2.7133e-06	0
0	8	-343.097	-19.9105	3.08407
1	8	-2762.15	-14.3391	3.21393
2	8	-4904.99	-7.56575	3.80301
3	8	-6607.28	-0.110871	4.06578
4	8	-7733.29	7.25317	3.98176
5	8	-8206.14	13.7532	3.5581
6	8	-7999.98	18.8822	2.83442
7	8	-7115.13	22.2543	1.87414
8	8	-5598.58	23.6322	0.759323
9	8	-3552.54	23.0087	-0.415828
10	8	-1148.57	20.4251	-1.55464
11	8	1373.05	16.0202	-2.56289
12	8	3758.61	10.1668	-3.35363
13	8	5765.03	3.34903	-3.85626
14	8	7194.48	-3.81841	-4.02304
15	8	7923.35	-10.6846	-3.83743
16	8	7876.07	-16.6852	-3.31472
17	8	7033.62	-21.3048	-2.49756
18	8	5479.15	-24.1182	-1.45355
19	8	3377.49	-24.832	-0.271504
20	8	964.106	-23.2817	0.944866
21	8	-1508.08	-19.5827	2.08442
22	8	-3789.74	-14.1205	3.0415
23	8	-5658.49	-7.36774	3.7298
24	8	-6935.34	0.110239	4.08652
25	8	-7481.69	7.64977	4.0773
26	8	-7217.47	14.5409	3.69976
27	8	-6187.94	20.1778	2.98519
28	8	-4522.24	24.0171	1.99501
29	8	-2380.95	25.6369	0.81868
30	8	-0.728094	24.8106	-0.434734
31	8	2309.15	21.5125	-1.64478
32	8	4252.29	15.9103	-2.69013
33	8	5628.63	8.52021	-3.46101
34	8	6315.34	0.221995	-3.8736
35	8	6285.66	-8.06079	-3.88554
36	8	5590.7	-15.491	-3.49497
37	8	4341.76	-21.3168	-2.74104
38	8	2677.1	-24.9011	-1.70246
39	8	769.216	-25.8776	-0.488519
40	8	-1165.74	-24.1579	0.774617
41	8	-2923.91	-19.897	1.95653
42	8	-4311.72	-13.5091	2.93244
43	8	-5206.77	-5.69812	3.59606
44	8	-5555.84	2.661	3.8756
45	8	-5344.46	10.7003	3.74388
46	8	-4582.52	17.612	3.21819
47	8	-3327.87	22.7156	2.35601
48	8	-1744.02	25.5786	1.24706
49	8	0	-2.81443e-06	0
0	9	-356.312	-20.4176	1.56126
1	9	-2842.07	-14.677	0.657051
2	9	-5043.95	-7.71651	0.510009
3	9	-6792.95	-0.0630747	0.376542
4	9	-7949.96	7.49529	0.270076
5	9	-8436.09	14.1669	0.191041
6	9	-8224.2	19.4312	0.134022
7	9	-7314.69	22.8917	0.0933449
8	9	-5756.05	24.304	0.0642257
9	9	-3652.95	23.6598	0.0428855
10	9	-1181.71	21.0015	0.0278249
11	9	1410.36	16.4723	0.0174584
12	9	3862.61	10.4542	0.00944154
13	9	5925.41	3.4444	0.0034331
14	9	7395.34	-3.92453	0.000132047
15	9	8144.98	-10.9835	-0.000970358
16	9	8096.74	-17.1524	-0.000336766
17	9	7231.15	-21.9017	0.00174591
18	9	5633.56	-24.794	0.00484263
19	9	3473.27	-25.5274	0.00825191
20	9	992.242	-23.9332	0.011187
21	9	-1549.46	-20.1299	0.0130363
22	9	-3895.46	-14.514	0.0131408
23	9	-5817.29	-7.57168	0.0112976
24	9	-7130.58	0.115516	0.00798566
25	9	-7692.54	7.86562	0.00434307
26	9	-7420.87	14.9494	0.000823183
27	9	-6361.96	20.7439	-0.00331245
28	9	-4648.91	24.6896	-0.008073
29	9	-2447.19	26.3535	-0.0114278
30	9	-0.454615	25.5024	-0.0122077
31	9	2373.7	22.1101	-0.00945664
32	9	4371.13	16.351	-0.00319121
33	9	5785.98	8.7561	0.00379272
34	9	6491.66	0.228835	0.0077676
35	9	6460.91	-8.28407	0.00672178
36	9	5746.09	-15.922	0.00330596
37	9	4461.58	-21.9105	-1.13887e-05
38	9	2749.86	-25.5951	-0.00326794
39	9	788.377	-26.5998	-0.00622633
40	9	-1200.46	-24.8336	-0.0076725
41	9	-3007.5	-20.455	-0.0061322
42	9	-4433.67	-13.8885	-0.00222428
43	9	-5353.11	-5.85794	0.00143349
44	9	-5711.5	2.7363	0.00243633
45	9	-5493.95	11.0008	0.000433885
46	9	-4710.4	18.1049	-0.00262196
47	9	-3420.21	23.3496	-0.00410234
48	9	-1792.11	26.2916	-0.00293198
49	9	0	-2.82427e-06	0
0	10	-360.753	-20.3461	-1.03207e-12
1	10	-2845.41	-14.5933	-1.93042
2	10	-5046.36	-7.64035	-2.81706
3	10	-6794.47	-0.00223797	-3.34361
4	10	-7950.92	7.54049	-3.46653
5	10	-8436.95	14.1995	-3.19495
6	10	-8224.96	19.4545	-2.58033
7	10	-7315.47	22.9083	-1.69741
8	10	-5757.04	24.3162	-0.637638
9	10	-3653.9	23.6684	0.497253
10	10	-1182.57	21.0075	1.60747
11	10	1409.41	16.4769	2.59585
12	10	3861.69	10.4576	3.37138
13	10	5924.73	3.44629	3.86283
14	10	7395.01	-3.9239	4.02346
15	10	8145.11	-10.9838	3.83566
16	10	8097.38	-17.1536	3.31403
17	10	7232.16	-21.9035	2.50087
18	10	5634.8	-24.796	1.46278
19	10	3474.59	-25.5291	0.28719
20	10	993.364	-23.9343	-0.9236
21	10	-1548.81	-20.13	-2.05965
22	10	-3895.38	-14.513	-3.01666
23	10	-5817.97	-7.56979	-3.70845
24	10	-7131.93	0.117601	-4.07135
25	10	-7694.2	7.86764	-4.06904
26	10	-7422.47	14.9518	-3.69824
27	10	-6363.08	20.7466	-2.99162
28	10	-4649.25	24.6915	-2.01046
29	10	-2446.88	26.354	-0.840371
30	10	-0.055667	25.5009	0.411695
31	10	2373.86	22.1065	1.62696
32	10	4371.22	16.347	2.6841
33	10	5786.11	8.75382	3.46813
34	10	6491.58	0.229434	3.88827
35	10	6460.5	-8.28212	3.89837
36	10	5745.16	-15.9201	3.50132
37	10	4460	-21.9087	2.74106
38	10	2747.72	-25.5934	1.69634
39	10	785.934	-26.5989	0.476757
40	10	-1202.7	-24.8345	-0.789198
41	10	-3009.45	-20.4572	-1.96823
42	10	-4435.15	-13.8906	-2.93677
43	10	-5354.02	-5.85851	-3.59348
44	10	-5712.11	2.73745	-3.87108
45	10	-5494.29	11.0026	-3.74315
46	10	-4710.29	18.1057	-3.22322
47	10	-3419.48	23.349	-2.36378
48	10	-1791.35	26.2899	-1.25265
49	10	0	-2.74041e-06	0
0	11	-356.312	-19.6897	-1.56126
1	11	-2772.07	-14.086	-4.48709
2	11	-4912.14	-7.33906	-6.09648
3	11	-6611.76	0.0682207	-6.99961
4	11	-7736.1	7.38535	-7.13002
5	11	-8208.62	13.8482	-6.50972
6	11	-8002.13	18.9498	-5.23569
7	11	-7117.32	22.3025	-3.44971
8	11	-5601.4	23.6674	-1.32731
9	11	-3555.3	23.0337	0.934833
10	11	-1151.07	20.4424	3.14145
11	11	1370.27	16.0335	5.10241
12	11	3755.91	10.1767	6.64094
13	11	5763.07	3.35445	7.61701
14	11	7193.58	-3.81653	7.93756
15	11	7923.78	-10.6856	7.56821
16	11	7877.94	-16.6887	6.53843
17	11	7036.54	-21.31	4.93195
18	11	5482.71	-24.1239	2.88061
19	11	3381.24	-24.8368	0.557733
20	11	967.282	-23.2848	-1.83409
21	11	-1506.17	-19.5829	-4.07735
22	11	-3789.46	-14.1174	-5.96553
23	11	-5660.46	-7.36231	-7.3283
24	11	-6939.23	0.116281	-8.0407
25	11	-7486.44	7.65565	-8.03225
26	11	-7222.12	14.5478	-7.297
27	11	-6191.22	20.1857	-5.89858
28	11	-4523.25	24.0226	-3.95769
29	11	-2380.04	25.6381	-1.64543
30	11	0.434356	24.8061	0.825674
31	11	2309.58	21.5021	3.22007
32	11	4252.56	15.8987	5.29873
33	11	5629.01	8.5136	6.83788
34	11	6315.07	0.223647	7.66249
35	11	6284.45	-8.05513	7.68352
36	11	5588	-15.4855	6.9039
37	11	4337.16	-21.3114	5.40769
38	11	2670.86	-24.8962	3.35017
39	11	762.16	-25.8752	0.947298
40	11	-1172.2	-24.1604	-1.54866
41	11	-2929.52	-19.9035	-3.87644
42	11	-4315.95	-13.5152	-5.79152
43	11	-5209.39	-5.6998	-7.09108
44	11	-5557.54	2.66433	-7.63987
45	11	-5345.37	10.7053	-7.38528
46	11	-4582.15	17.6144	-6.35619
47	11	-3325.72	22.7137	-4.65908
48	11	-1741.82	25.5738	-2.46816
49	11	0	-2.57302e-06	0
0	12	-343.097	-18.4551	-3.08407
1	12	-2624.03	-13.1648	-6.95514
2	12	-4644.82	-6.82206	-9.24923
3	12	-6249.63	0.143186	-10.4977
4	12	-7311.18	7.03096	-10.6232
5	12	-7757.23	13.12	-9.66366
6	12	-7561.7	17.9288	-7.75953
7	12	-6725.51	21.0891	-5.11534
8	12	-5293.28	22.3742	-1.98562
9	12	-3359.84	21.7722	1.34395
10	12	-1088.1	19.3213	4.58829
11	12	1294.02	15.1539	7.46938
12	12	3548.19	9.61863	9.72949
13	12	5444.88	3.17118	11.164
14	12	6796.65	-3.60537	11.636
15	12	7487.04	-10.0969	11.0953
16	12	7444.3	-15.7703	9.58538
17	12	6649.51	-20.1372	7.22897
18	12	5181.32	-22.7959	4.21981
19	12	3195.66	-23.4694	0.812555
20	12	914.633	-22.0023	-2.69554
21	12	-1422.72	-18.5033	-5.9852
22	12	-3580.55	-13.3383	-8.75315
23	12	-5348.95	-6.95502	-10.7497
24	12	-6557.59	0.111449	-11.7922
25	12	-7074.83	7.2353	-11.7777
26	12	-6825.19	13.7483	-10.6978
27	12	-5850.96	19.0761	-8.6452
28	12	-4274.33	22.7006	-5.79679
29	12	-2248.54	24.2254	-2.40472
30	12	0.93844	23.4371	1.21833
31	12	2182.57	20.3137	4.72653
32	12	4018.32	15.0187	7.76976
33	12	5318.88	8.04212	10.0216
34	12	5966.91	0.211595	11.228
35	12	5937.59	-7.60944	11.2593
36	12	5278.96	-14.6301	10.1186
37	12	4096.51	-20.1351	7.92741
38	12	2521.55	-23.5225	4.91313
39	12	717.922	-24.4482	1.39246
40	12	-1109.58	-22.8296	-2.26552
41	12	-2769.69	-18.8086	-5.67896
42	12	-4079.18	-12.7722	-8.48896
43	12	-4923.08	-5.38604	-10.3964
44	12	-5251.88	2.51879	-11.2016
45	12	-5051.16	10.117	-10.827
46	12	-4329.46	16.6442	-9.31635
47	12	-3141.51	21.4612	-6.82766
48	12	-1644.95	24.1627	-3.61648
49	12	0	-2.32837e-06	0
0	13	-321.433	-16.66	-4.53095
1	13	-2405.15	-11.8514	-9.28425
2	13	-4251.43	-6.10714	-12.2016
3	13	-5717.65	0.215517	-13.7476
4	13	-6687.5	6.48275	-13.8514
5	13	-7094.91	12.0316	-12.5697
6	13	-6915.6	16.4172	-10.0816
7	13	-6150.66	19.2999	-6.6476
8	13	-4841.01	20.4707	-2.59363
9	13	-3072.85	19.9173	1.71411
10	13	-995.426	17.6741	5.90902
11	13	1182.74	13.8618	9.63271
12	13	3244.21	8.7985	12.5534
13	13	4978.91	2.90131	14.4074
14	13	6215.13	-3.29628	15.0181
15	13	6846.79	-9.23364	14.3211
16	13	6808.16	-14.4231	12.3722
17	13	6081.5	-18.4168	9.32954
18	13	4738.83	-20.8479	5.44402
19	13	2922.88	-21.4638	1.04482
20	13	836.853	-20.1215	-3.48442
21	13	-1300.74	-16.9209	-7.73118
22	13	-3274.34	-12.1968	-11.3035
23	13	-4891.86	-6.35903	-13.8796
24	13	-5997.33	0.103132	-15.2238
25	13	-6470.52	6.6179	-15.2035
26	13	-6242.47	12.5748	-13.8081
27	13	-5351.52	17.4476	-11.1569
28	13	-3909.21	20.7613	-7.47782
29	13	-2055.98	22.154	-3.09779
30	13	1.37832	21.4314	1.57869
31	13	1996.21	18.5738	6.10522
32	13	3674.81	13.7312	10.03
33	13	4864.12	7.35239	12.933
34	13	5456.57	0.193629	14.488
35	13	5429.36	-6.9573	14.5288
36	13	4826.51	-13.3774	13.0581
37	13	3744.73	-18.4118	10.2317
38	13	2304.08	-21.5097	6.34268
39	13	654.6	-22.3569	1.80004
40	13	-1016.38	-20.8781	-2.9206
41	13	-2534.18	-17.2021	-7.32706
42	13	-3731.19	-11.6817	-10.9559
43	13	-4502.73	-4.9257	-13.4195
44	13	-4803.35	2.30465	-14.4592
45	13	-4619.61	9.2534	-13.9745
46	13	-3959.11	15.2214	-12.0232
47	13	-2871.97	19.6253	-8.81047
48	13	-1503.46	22.0952	-4.66636
49	13	0	-2.01994e-06	0
0	14	-291.855	-14.3303	-5.86625
1	14	-2121.03	-10.1808	-11.4377
2	14	-3742.29	-5.22165	-14.8873
3	14	-5029.98	0.275711	-16.6632
4	14	-5881.78	5.75046	-16.7245
5	14	-6239.52	10.6093	-15.1454
6	14	-6081.36	14.4541	-12.1357
7	14	-5408.44	16.9823	-8.00266
8	14	-4256.89	18.0079	-3.13328
9	14	-2702.17	17.5191	2.03625
10	14	-875.601	15.5453	7.06823
11	14	1039.47	12.192	11.5339
12	14	2852.27	7.73851	15.0361
13	14	4377.82	2.5521	17.2594
14	14	5464.86	-2.8978	17.9923
15	14	6020.42	-8.1194	17.158
16	14	5986.73	-12.6836	14.823
17	14	5347.93	-16.1954	11.1765
18	14	4167.27	-18.3328	6.52003
19	14	2570.41	-18.8743	1.2484
20	14	736.112	-17.6936	-4.17903
21	14	-1143.56	-14.8785	-9.26754
22	14	-2879.15	-10.7241	-13.5472
23	14	-4301.6	-5.59055	-16.6327
24	14	-5273.7	0.0915046	-18.2419
25	14	-5690.02	5.82016	-18.2164
26	14	-5489.74	11.059	-16.5436
27	14	-4706.39	15.3442	-13.3654
28	14	-3437.76	18.2572	-8.95529
29	14	-1807.55	19.4803	-3.70615
30	14	1.68141	18.8435	1.8967
31	14	1755.49	16.3299	7.31839
32	14	3231.33	12.0715	12.018
33	14	4277.11	6.46331	15.4931
34	14	4797.9	0.170287	17.3543
35	14	4773.63	-6.11655	17.4032
36	14	4243.06	-11.7615	15.6425
37	14	3291.52	-16.1885	12.2578
38	14	2024.5	-18.9126	7.59989
39	14	574.033	-19.6581	2.15873
40	14	-895.009	-18.3588	-3.49628
41	14	-2229.31	-15.1274	-8.77606
42	14	-3281.45	-10.2731	-13.1252
43	14	-3959.73	-4.33132	-16.0783
44	14	-4224.09	2.02759	-17.3239
45	14	-4062.39	8.13783	-16.7422
46	14	-3481.17	13.3847	-14.403
47	14	-2524.6	17.2562	-10.5536
48	14	-1321.31	19.4274	-5.58934
49	14	0	-1.66909e-06	0
0	15	-255.091	-11.4932	-7.05711
1	15	-1778.87	-8.20495	-13.4035
2	15	-3130.72	-4.20422	-17.2481
3	15	-4204.98	0.311857	-19.1628
4	15	-4915.74	4.84822	-19.1582
5	15	-5214.19	8.88887	-17.3151
6	15	-5081.64	12.0914	-13.8619
7	15	-4519.08	14.1985	-9.1409
8	15	-3556.9	15.0525	-3.58803
9	15	-2257.93	14.6422	2.30288
10	15	-731.876	12.9922	8.03511
11	15	868.142	10.1896	13.1215
12	15	2383	6.46742	17.1105
13	15	3657.91	2.13304	19.6425
14	15	4566.17	-2.42086	20.4776
15	15	5030.38	-6.78443	19.5288
16	15	5002.37	-10.5988	16.871
17	15	4468.75	-13.5332	12.7196
18	15	3482.23	-15.3189	7.41871
19	15	2147.87	-15.7714	1.41798
20	15	615.224	-14.7844	-4.76012
21	15	-955.405	-12.4317	-10.5521
22	15	-2405.72	-8.96003	-15.4227
23	15	-3594.26	-4.67054	-18.9337
24	15	-4406.51	0.0769006	-20.7642
25	15	-4754.61	4.86379	-20.7344
26	15	-4587.47	9.24202	-18.8297
27	15	-3933.03	12.8228	-15.2108
28	15	-2872.72	15.2561	-10.1892
29	15	-1510.04	16.2771	-4.21359
30	15	1.77229	15.7438	2.16336
31	15	1466.92	13.643	8.33269
32	15	2699.95	10.0846	13.6794
33	15	3573.76	5.39914	17.6322
34	15	4008.81	0.142266	19.749
35	15	3988.3	-5.10999	19.8046
36	15	3544.57	-9.82647	17.8017
37	15	2749.28	-13.5256	13.9506
38	15	1690.47	-15.8019	8.65039
39	15	478.501	-16.425	2.45861
40	15	-748.716	-15.3403	-3.97701
41	15	-1863.37	-12.6409	-9.98661
42	15	-2742.2	-8.58479	-14.9378
43	15	-3308.85	-3.61914	-18.3001
44	15	-3529.82	1.695	-19.7179
45	15	-3394.59	6.80054	-19.0547
46	15	-2908.62	11.184	-16.3913
47	15	-2108.86	14.4181	-12.0098
48	15	-1103.47	16.232	-6.3604
49	15	0	-1.28914e-06	0
0	16	-212.045	-8.16522	-8.07421
1	16	-1387.17	-6.00177	-15.2156
2	16	-2432.75	-3.10689	-19.2303
3	16	-3264.79	0.310435	-21.1672
4	16	-3815.5	3.79511	-21.075
5	16	-4046.72	6.91489	-19.0121
6	16	-3943.6	9.39245	-15.2083
7	16	-3506.84	11.0239	-10.0282
8	16	-2760.17	11.6846	-3.94348
9	16	-1752.23	11.3651	2.50808
10	16	-568.126	10.0842	8.78418
11	16	673.436	7.90907	14.3529
12	16	1849.11	5.01976	18.7202
13	16	2838.63	1.65558	21.4922
14	16	3543.43	-1.8784	22.4065
15	16	3903.59	-5.26496	21.3687
16	16	3881.92	-8.22543	18.4604
17	16	3467.92	-10.5026	13.9171
18	16	2702.36	-11.8882	8.11586
19	16	1666.82	-12.2392	1.54918
20	16	477.533	-11.473	-5.21155
21	16	-741.33	-9.64706	-11.5494
22	16	-1866.89	-6.95277	-16.8786
23	16	-2789.19	-3.62399	-20.7197
24	16	-3419.49	0.0598461	-22.7219
25	16	-3689.77	3.77482	-22.689
26	16	-3560.18	7.17301	-20.6042
27	16	-3052.41	9.95191	-16.6428
28	16	-2229.42	11.8397	-11.1464
29	16	-1171.59	12.6312	-4.60671
30	16	1.60793	12.2166	2.37093
31	16	1138.4	10.5862	9.12018
32	16	2095.16	7.82466	14.9689
33	16	2773.21	4.18888	19.2923
34	16	3110.77	0.110375	21.607
35	16	3094.72	-3.96495	21.6678
36	16	2750.12	-7.6248	19.477
37	16	2132.84	-10.4954	15.2642
38	16	1311.1	-12.262	9.46565
39	16	370.605	-12.7457	2.69147
40	16	-581.556	-11.9045	-4.3498
41	16	-1446.4	-9.81023	-10.9258
42	16	-2128.16	-6.66251	-16.3444
43	16	-2567.86	-2.80855	-20.0243
44	16	-2739.39	1.31588	-21.5757
45	16	-2634.37	5.27789	-20.8493
46	16	-2257.03	8.67903	-17.9342
47	16	-1636.07	11.1883	-13.1397
48	16	-855.922	12.5957	-6.95868
49	16	0	-9.10563e-07	0
0	17	-163.779	-4.32812	-8.89248
1	17	-955.347	-3.69887	-17.0006
2	17	-1666.77	-1.99641	-20.7673
3	17	-2234.73	0.25897	-22.5949
4	17	-2610.94	2.61629	-22.4061
5	17	-2768.88	4.74051	-20.1811
6	17	-2698.19	6.43108	-16.1333
7	17	-2399.28	7.54525	-10.6375
8	17	-1888.42	7.9962	-4.18802
9	17	-1198.86	7.77694	2.64755
10	17	-388.792	6.90048	9.29596
11	17	460.626	5.41218	15.195
12	17	1265.07	3.43491	19.8216
13	17	1942.16	1.13282	22.758
14	17	2424.34	-1.28508	23.7264
15	17	2670.7	-3.60224	22.6276
16	17	2655.9	-5.62793	19.5479
17	17	2372.71	-7.18595	14.7363
18	17	1848.91	-8.13394	8.59273
19	17	1140.39	-8.374	1.63866
20	17	326.797	-7.84956	-5.52071
21	17	-507.129	-6.6002	-12.2318
22	17	-1277.29	-4.75679	-17.8748
23	17	-1908.3	-2.47928	-21.9418
24	17	-2339.51	0.0409896	-24.0616
25	17	-2524.48	2.58289	-24.0266
26	17	-2435.88	4.90819	-21.8184
27	17	-2088.53	6.80951	-17.6225
28	17	-1525.37	8.10088	-11.801
29	17	-801.425	8.64197	-4.87528
30	17	1.21598	8.35791	2.51328
31	17	778.872	7.24229	9.65918
32	17	1433.4	5.35283	15.8513
33	17	1897.27	2.86543	20.428
34	17	2128.24	0.0755062	22.878
35	17	2117.18	-2.71249	22.9424
36	17	1881.29	-5.21634	20.623
37	17	1458.93	-7.18033	16.1629
38	17	896.668	-8.38911	10.0236
39	17	253.195	-8.72016	2.85092
40	17	-398.17	-8.14492	-4.6047
41	17	-989.802	-6.71231	-11.5683
42	17	-1456.12	-4.55862	-17.3068
43	17	-1756.93	-1.92157	-21.2041
44	17	-1874.31	0.900574	-22.8469
45	17	-1802.41	3.61132	-22.0771
46	17	-1544.13	5.93803	-18.9896
47	17	-1119.11	7.65466	-13.9127
48	17	-585.394	8.61741	-7.36796
49	17	0	-5.70541e-07	0
0	18	-111.479	0.120458	-9.4918
1	18	-493.002	-1.53265	-19.0805
2	18	-853.167	-0.948592	-21.7272
3	18	-1142.79	0.152126	-23.3581
4	18	-1334.87	1.3447	-23.0953
5	18	-1415.51	2.42659	-20.7817
6	18	-1379.33	3.2892	-16.6074
7	18	-1226.5	3.85808	-10.9496
8	18	-965.35	4.08825	-4.31347
9	18	-612.86	3.97596	2.71854
10	18	-198.779	3.52789	9.55733
11	18	235.435	2.76704	15.6254
12	18	646.687	1.75609	20.3847
13	18	992.842	0.57912	23.4051
14	18	1239.32	-0.656918	24.4011
15	18	1365.24	-1.8415	23.2712
16	18	1357.69	-2.87708	20.1038
17	18	1212.94	-3.67356	15.1551
18	18	945.156	-4.15819	8.83648
19	18	582.954	-4.28086	1.68429
20	18	167.096	-4.01268	-5.67888
21	18	-259.204	-3.37399	-12.5807
22	18	-652.954	-2.43165	-18.3841
23	18	-975.53	-1.26737	-22.5666
24	18	-1195.94	0.020964	-24.7465
25	18	-1290.51	1.32046	-24.7105
26	18	-1245.24	2.50926	-22.4393
27	18	-1067.7	3.48123	-18.1233
28	18	-779.781	4.14132	-12.1356
29	18	-409.631	4.41777	-5.01243
30	18	0.661112	4.27244	2.58618
31	18	398.153	3.7021	9.93481
32	18	732.712	2.73616	16.3024
33	18	969.834	1.46465	21.0085
34	18	1087.93	0.0386027	23.5276
35	18	1082.25	-1.38656	23.5938
36	18	961.616	-2.66647	21.2088
37	18	745.715	-3.67046	16.6222
38	18	458.27	-4.28844	10.3088
39	18	129.321	-4.45769	2.93251
40	18	-203.628	-4.16373	-4.73489
41	18	-506.056	-3.43147	-11.8966
42	18	-744.404	-2.33046	-17.7988
43	18	-898.162	-0.982322	-21.8072
44	18	-958.166	0.460483	-23.4968
45	18	-921.395	1.84621	-22.7047
46	18	-789.326	3.03552	-19.5291
47	18	-572.005	3.91303	-14.3078
48	18	-299.182	4.40512	-7.57709
49	18	0	-2.77158e-07	0
0	19	0	0	-9.85739
1	19	0	0	-0.31719
2	19	0	0	-0.361242
3	19	0	0	-0.388424
4	19	0	0	-0.38409
5	19	0	0	-0.34562
6	19	0	0	-0.276209
7	19	0	0	-0.182121
8	19	0	0	-0.0717383
9	19	0	0	0.0452299
10	19	0	0	0.158977
11	19	0	0	0.259919
12	19	0	0	0.339101
13	19	0	0	0.389345
14	19	0	0	0.40591
15	19	0	0	0.387113
16	19	0	0	0.334413
17	19	0	0	0.252083
18	19	0	0	0.14698
19	19	0	0	0.0280011
20	19	0	0	-0.0944891
21	19	0	0	-0.209299
22	19	0	0	-0.305832
23	19	0	0	-0.375395
24	19	0	0	-0.411647
25	19	0	0	-0.411053
26	19	0	0	-0.373272
27	19	0	0	-0.301477
28	19	0	0	-0.201876
29	19	0	0	-0.0833877
30	19	0	0	0.0430102
31	19	0	0	0.16527
32	19	0	0	0.271216
33	19	0	0	0.349518
34	19	0	0	0.391433
35	19	0	0	0.392529
36	19	0	0	0.352837
37	19	0	0	0.276515
38	19	0	0	0.171477
39	19	0	0	0.0487764
40	19	0	0	-0.078763
41	19	0	0	-0.197898
42	19	0	0	-0.296093
43	19	0	0	-0.362784
44	19	0	0	-0.390896
45	19	0	0	-0.377717
46	19	0	0	-0.324881
47	19	0	0	-0.238018
48	19	0	0	-0.126047
49	19	0	0	0
