0	0	0	0	-9.96405
1	0	0	0	-0.0720534
2	0	0	0	-2.26746
3	0	0	0	-4.93758
4	0	0	0	-6.34771
5	0	0	0	-5.43132
6	0	0	0	-2.39058
7	0	0	0	1.51491
8	0	0	0	4.46323
9	0	0	0	5.09565
10	0	0	0	3.07321
11	0	0	0	-0.636352
12	0	0	0	-4.25355
13	0	0	0	-6.05589
14	0	0	0	-5.09878
15	0	0	0	-1.88798
16	0	0	0	2.16478
17	0	0	0	5.05889
18	0	0	0	5.52987
19	0	0	0	3.36126
20	0	0	0	-0.400921
21	0	0	0	-3.87035
22	0	0	0	-5.55358
23	0	0	0	-4.59007
24	0	0	0	-1.63118
25	0	0	0	1.79237
26	0	0	0	4.05416
27	0	0	0	3.88474
28	0	0	0	1.58259
29	0	0	0	-1.61546
30	0	0	0	-4.05541
31	0	0	0	-4.21397
32	0	0	0	-2.1856
33	0	0	0	0.752726
34	0	0	0	2.8644
35	0	0	0	2.52966
36	0	0	0	-0.0406805
37	0	0	0	-2.94882
38	0	0	0	-4.27217
39	0	0	0	-2.91409
40	0	0	0	0.446882
41	0	0	0	3.60082
42	0	0	0	5.02986
43	0	0	0	4.6158
44	0	0	0	2.54925
45	0	0	0	-0.589444
46	0	0	0	-3.31822
47	0	0	0	-4.16517
48	0	0	0	-2.78701
49	0	0	0	0.0187952
0	1	-45.7174	0.037173	-9.84137
1	1	-559.565	1.27346	-0.0674154
2	1	-783.67	1.55139	-2.21226
3	1	-602.705	0.82059	-4.8258
4	1	-102.066	-0.530628	-6.21563
5	1	471.371	-1.76433	-5.34015
6	1	825.925	-2.26584	-2.38955
7	1	781.537	-1.70791	1.41269
8	1	336.262	-0.360262	4.29631
9	1	-290.488	1.18429	4.93581
10	1	-820.019	2.16566	2.99705
11	1	-968.058	2.11176	-0.585527
12	1	-685.67	1.05598	-4.0879
13	1	-67.459	-0.54969	-5.83708
14	1	566.305	-1.8612	-4.91786
15	1	939.255	-2.35208	-1.81513
16	1	866.537	-1.6795	2.10019
17	1	377.27	-0.27143	4.89189
18	1	-266.148	1.26249	5.33453
19	1	-804.181	2.18852	3.22112
20	1	-936.004	2.01747	-0.427796
21	1	-654.533	0.977815	-3.78361
22	1	-82.3532	-0.562138	-5.39323
23	1	511.687	-1.72331	-4.42825
24	1	798.595	-1.99404	-1.5322
25	1	709.732	-1.31851	1.80289
26	1	244.205	0.0956716	3.99635
27	1	-339.848	1.3366	3.8206
28	1	-720.912	1.85857	1.56108
29	1	-782.038	1.41873	-1.57957
30	1	-425.968	0.0925712	-3.98158
31	1	165.393	-1.17893	-4.16137
32	1	691.062	-1.70762	-2.20009
33	1	1010.28	-1.22649	0.671899
34	1	918.495	0.195999	2.75165
35	1	376.443	1.49567	2.45096
36	1	-400.151	1.69191	-0.025268
37	1	-1195.13	0.769899	-2.83593
38	1	-1605.1	-0.790416	-4.11098
39	1	-1209.57	-1.95609	-2.78108
40	1	-125.273	-1.83572	0.482613
41	1	1102.49	-0.831767	3.5254
42	1	1860.65	0.241303	4.88768
43	1	1707.01	1.20349	4.46788
44	1	757.336	1.82794	2.44856
45	1	-382.737	1.59006	-0.607152
46	1	-1231.05	0.495705	-3.25381
47	1	-1552.19	-0.798646	-4.0638
48	1	-1117.02	-1.62961	-2.71352
49	1	0	-0.0027282	0.0185479
0	2	-90.3092	0.0711158	-9.47637
1	2	-1098.2	2.49653	-0.0597193
2	2	-1539.47	3.04421	-2.10261
3	2	-1186.86	1.61565	-4.60318
4	2	-206.705	-1.02899	-5.95147
5	2	917.56	-3.44743	-5.15498
6	2	1615.2	-4.43452	-2.38042
7	2	1532.38	-3.35017	1.21828
8	2	665.138	-0.718727	3.97337
9	2	-559.278	2.30047	4.62311
10	2	-1595.04	4.22185	2.84517
11	2	-1887.32	4.12194	-0.491421
12	2	-1338.5	2.06351	-3.76988
13	2	-133.883	-1.06858	-5.41375
14	2	1102.4	-3.62926	-4.5649
15	2	1830.16	-4.58592	-1.67038
16	2	1687.9	-3.27216	1.97813
17	2	733.322	-0.522149	4.56962
18	2	-522.489	2.47203	4.95568
19	2	-1570.75	4.27526	2.94955
20	2	-1825.37	3.93587	-0.478247
21	2	-1272.07	1.89699	-3.61138
22	2	-151.225	-1.11565	-5.08148
23	2	1007.91	-3.38147	-4.12182
24	2	1564.26	-3.9036	-1.3483
25	2	1386.5	-2.57551	1.82225
26	2	474.416	0.193338	3.88494
27	2	-670.075	2.62623	3.69109
28	2	-1419.86	3.65297	1.51105
29	2	-1541.35	2.79185	-1.51434
30	2	-843.946	0.195795	-3.83471
31	2	316.561	-2.29956	-4.04694
32	2	1353.37	-3.34854	-2.21356
33	2	1984.6	-2.4141	0.521708
34	2	1805.62	0.369159	2.5302
35	2	744.064	2.91224	2.29388
36	2	-776.102	3.29949	0.00422448
37	2	-2332.09	1.49914	-2.61396
38	2	-3133.99	-1.5514	-3.79694
39	2	-2362.97	-3.82347	-2.52781
40	2	-249.571	-3.57678	0.542842
41	2	2145.37	-1.61123	3.37195
42	2	3627.57	0.481829	4.60997
43	2	3330.75	2.35959	4.18298
44	2	1479.67	3.57743	2.2572
45	2	-742.685	3.10617	-0.636951
46	2	-2397.9	0.961787	-3.12528
47	2	-3028.2	-1.56793	-3.86557
48	2	-2181.65	-3.18956	-2.5708
49	2	0	-0.00516071	0.0174412
0	3	-132.677	0.100844	-8.87803
1	3	-1615.09	3.66143	-0.0475664
2	3	-2267.26	4.47249	-1.93748
3	3	-1754.64	2.38689	-4.26733
4	3	-320.039	-1.48234	-5.55103
5	3	1329.91	-5.03014	-4.86542
6	3	2359.22	-6.48715	-2.34822
7	3	2248.2	-4.91936	0.952434
8	3	989.682	-1.08351	3.51413
9	3	-795.935	3.32422	4.17252
10	3	-2308.94	6.13689	2.62266
11	3	-2742.37	6.00366	-0.362388
12	3	-1947.89	3.01038	-3.31606
13	3	-198.207	-1.5476	-4.80921
14	3	1599.82	-5.27859	-4.05991
15	3	2657.83	-6.66744	-1.46459
16	3	2448.3	-4.75048	1.80136
17	3	1058.25	-0.740597	4.10877
18	3	-769.691	3.6202	4.4168
19	3	-2290.29	6.23547	2.5671
20	3	-2653.69	5.72686	-0.545818
21	3	-1839.8	2.73643	-3.36151
22	3	-199.98	-1.66601	-4.63245
23	3	1489.87	-4.96947	-3.68563
24	3	2295.98	-5.71889	-1.09431
25	3	2025.48	-3.75755	1.83803
26	3	683.485	0.301489	3.71289
27	3	-996.036	3.87053	3.49098
28	3	-2099.95	5.38158	1.42713
29	3	-2279.22	4.11839	-1.42321
30	3	-1256.27	0.317645	-3.61287
31	3	447.983	-3.34707	-3.85737
32	3	1980.84	-4.91143	-2.204
33	3	2918.25	-3.56117	0.320309
34	3	2659.71	0.505407	2.20889
35	3	1107.46	4.22212	2.06061
36	3	-1116.79	4.79702	0.0451791
37	3	-3394.99	2.17569	-2.28998
38	3	-4568.71	-2.27768	-3.34307
39	3	-3448.23	-5.58044	-2.17347
40	3	-375.849	-5.19553	0.609938
41	3	3110.19	-2.31952	3.13489
42	3	5274.81	0.726493	4.20483
43	3	4849.1	3.46214	3.77621
44	3	2158.41	5.23439	1.99011
45	3	-1071.78	4.53154	-0.669194
46	3	-3481.2	1.38781	-2.93118
47	3	-4407.32	-2.30564	-3.57556
48	3	-3180.93	-4.66735	-2.36425
49	3	0	-0.00748075	0.0158609
0	4	-171.778	0.123953	-8.06108
1	4	-2099.1	4.7391	-0.0289853
2	4	-2952.15	5.80325	-1.71521
3	4	-2296.43	3.12116	-3.81701
4	4	-444.102	-1.87248	-5.00903
5	4	1694.04	-6.46605	-4.46015
6	4	3037.06	-8.36985	-2.27249
7	4	2912.22	-6.37857	0.641759
8	4	1305.35	-1.45391	2.94533
9	4	-987.484	4.21683	3.6048
10	4	-2936.92	7.85023	2.33406
11	4	-3505.23	7.69896	-0.207653
12	4	-2495.16	3.87047	-2.75123
13	4	-259.743	-1.97023	-4.05245
14	4	2042.96	-6.75733	-3.42558
15	4	3395.51	-8.53053	-1.21104
16	4	3123.19	-6.06666	1.5755
17	4	1340.11	-0.914637	3.5261
18	4	-1004.19	4.6789	3.73763
19	4	-2945.26	8.01564	2.09544
20	4	-3397.5	7.33629	-0.614513
21	4	-2336.57	3.46201	-3.03348
22	4	-219.971	-2.20891	-4.06157
23	4	1950.55	-6.45313	-3.1385
24	4	2979.34	-7.39784	-0.789543
25	4	2611.12	-4.83198	1.82714
26	4	861.211	0.425967	3.46149
27	4	-1317.4	5.04869	3.21168
28	4	-2751.58	7.0103	1.30943
29	4	-2981.58	5.37025	-1.30146
30	4	-1654.04	0.457951	-3.31061
31	4	555.223	-4.29168	-3.58207
32	4	2555.59	-6.35382	-2.15197
33	4	3786.23	-4.63988	0.0905102
34	4	3461.6	0.591161	1.8072
35	4	1464.84	5.37511	1.76097
36	4	-1404.67	6.13267	0.0931926
37	4	-4350.47	2.77794	-1.87989
38	4	-5869.59	-2.94707	-2.77185
39	4	-4437.57	-7.17308	-1.7434
40	4	-504.416	-6.64022	0.664461
41	4	3965.59	-2.93158	2.8103
42	4	6752.18	0.972108	3.68378
43	4	6216.2	4.48472	3.26666
44	4	2773.42	6.75685	1.66612
45	4	-1358.13	5.82721	-0.691519
46	4	-4445.54	1.75869	-2.66962
47	4	-5646.93	-2.99587	-3.20034
48	4	-4085.36	-6.02629	-2.10085
49	4	0	-0.0096088	0.0138629
0	5	-206.65	0.136893	-7.04565
1	5	-2538.85	5.70063	-0.00221617
2	5	-3578.5	7.00379	-1.43628
3	5	-2801.1	3.80299	-3.25347
4	5	-578.522	-2.18467	-4.32386
5	5	1997.71	-7.71396	-3.92922
6	5	3630.14	-10.0322	-2.13217
7	5	3507.09	-7.69093	0.315407
8	5	1606.47	-1.82577	2.29953
9	5	-1125.78	4.94896	2.94266
10	5	-3458.68	9.30914	1.98822
11	5	-4152.46	9.15891	-0.0403
12	5	-2965.24	4.61998	-2.1041
13	5	-316.687	-2.32361	-3.1778
14	5	2416.67	-8.01888	-2.69362
15	5	4019.76	-10.12	-0.920987
16	5	3691.7	-7.17916	1.30581
17	5	1566.9	-1.03366	2.84063
18	5	-1220.48	5.61873	2.95157
19	5	-3516	9.56533	1.55779
20	5	-4036.57	8.71905	-0.675332
21	5	-2747.5	4.04882	-2.62224
22	5	-205.438	-2.73818	-3.37879
23	5	2382.48	-7.79806	-2.50587
24	5	3597.24	-8.89606	-0.462771
25	5	3126.82	-5.76859	1.76412
26	5	1001.12	0.566747	3.11309
27	5	-1628.72	6.13481	2.8441
28	5	-3361.66	8.50239	1.15839
29	5	-3633.25	6.51896	-1.14075
30	5	-2027.52	0.613611	-2.91952
31	5	636.137	-5.10872	-3.21335
32	5	3061.48	-7.63519	-2.0435
33	5	4563.56	-5.62046	-0.143688
34	5	4191.05	0.618368	1.35399
35	5	1812.28	6.32915	1.41306
36	5	-1625.32	7.26118	0.14256
37	5	-5169.42	3.28802	-1.40906
38	5	-7002.81	-3.53569	-2.11545
39	5	-5307.86	-8.55085	-1.26633
40	5	-634.641	-7.86795	0.689961
41	5	4687.1	-3.43118	2.3991
42	5	8018.48	1.21114	3.06147
43	5	7393.03	5.40107	2.67477
44	5	3306.59	8.10659	1.30492
45	5	-1593.19	6.96022	-0.690985
46	5	-5262	2.06422	-2.33877
47	5	-6710.55	-3.62248	-2.74709
48	5	-4868.83	-7.23369	-1.78812
49	5	0	-0.0114731	0.0115043
0	6	-236.432	0.135042	-5.85672
1	6	-2922.73	6.51836	0.0333325
2	6	-4129.98	8.04177	-1.10405
3	6	-3255.45	4.41522	-2.58263
4	6	-720.403	-2.40894	-3.49947
5	6	2232.65	-8.73904	-3.26716
6	6	4122.02	-11.4284	-1.91018
7	6	4017.26	-8.82151	0.00256625
8	6	1885.09	-2.18923	1.6078
9	6	-1206.56	5.4992	2.21098
10	6	-3859.65	10.4736	1.59127
11	6	-4667.14	10.3435	0.124582
12	6	-3345.49	5.23842	-1.40745
13	6	-369.354	-2.59621	-2.2265
14	6	2709.23	-9.02853	-1.89661
15	6	4511.85	-11.39	-0.611086
16	6	4134.84	-8.05427	1.00093
17	6	1732.02	-1.09543	2.08278
18	6	-1412.97	6.41639	2.09494
19	6	-3987.85	10.8423	0.98695
20	6	-4549.52	9.83187	-0.711035
21	6	-3058.84	4.48046	-2.13486
22	6	-158.391	-3.23859	-2.60776
23	6	2772.84	-8.96787	-1.8161
24	6	4131.61	-10.1711	-0.141687
25	6	3557.6	-6.54166	1.6293
26	6	1100.41	0.718877	2.6593
27	6	-1919.51	7.09747	2.38372
28	6	-3912.09	9.8165	0.971305
29	6	-4217.35	7.53607	-0.938606
30	6	-2368.23	0.782009	-2.43385
31	6	688.596	-5.77707	-2.74387
32	6	3485.23	-8.72078	-1.86599
33	6	5228.88	-6.47598	-0.358836
34	6	4828.51	0.58516	0.880925
35	6	2141.69	7.05581	1.03854
36	6	-1770.69	8.14855	0.187122
37	6	-5828.67	3.69196	-0.908793
38	6	-7939.95	-4.02165	-1.41281
39	6	-6039.49	-9.67021	-0.771912
40	6	-764.421	-8.84579	0.675697
41	6	5257.25	-3.80999	1.90888
42	6	9042.03	1.43274	2.35547
43	6	8348.66	6.18534	2.02042
44	6	3742.79	9.24921	0.924365
45	6	-1771.78	7.90398	-0.656372
46	6	-5909.13	2.29934	-1.93783
47	6	-7569.13	-4.16912	-2.22305
48	6	-5509.55	-8.26121	-1.43324
49	6	0	-0.013016	0.00885149
0	7	-260.394	0.113456	-4.52358
1	7	-3239.38	7.16688	0.0764149
2	7	-4589.81	8.88633	-0.725558
3	7	-3645.12	4.93959	-1.81696
4	7	-863.938	-2.54072	-2.54669
5	7	2393.7	-9.51308	-2.47649
6	7	4499.57	-12.5196	-1.59498
7	7	4428.13	-9.73643	-0.27212
8	7	2131.59	-2.5309	0.898989
9	7	-1229.82	5.8569	1.43374
10	7	-4131.95	11.3157	1.14722
11	7	-5037.48	11.223	0.271014
12	7	-3627.59	5.71021	-0.697677
13	7	-417.435	-2.78151	-1.24163
14	7	2912.55	-9.76057	-1.06673
15	7	4858.98	-12.3091	-0.296569
16	7	4441.61	-8.67085	0.674351
17	7	1832.32	-1.10108	1.28598
18	7	-1576.18	7.05057	1.20371
19	7	-4349.11	11.8133	0.418143
20	7	-4922.74	10.6455	-0.703679
21	7	-3264.08	4.75003	-1.5845
22	7	-83.5603	-3.69226	-1.77797
23	7	3108.05	-9.92658	-1.0988
24	7	4565.28	-11.1851	0.14994
25	7	3891.82	-7.13192	1.41136
26	7	1158.85	0.875198	2.10081
27	7	-2177.84	7.90421	1.83335
28	7	-4381.9	10.9083	0.745582
29	7	-4714.37	8.3912	-0.701907
30	7	-2667.43	0.959672	-1.85697
31	7	710.441	-6.2786	-2.16726
32	7	3816.13	-9.58204	-1.60419
33	7	5765.43	-7.18426	-0.532274
34	7	5356.27	0.49539	0.415096
35	7	2440.5	7.54264	0.655595
36	7	-1840.82	8.77518	0.220722
37	7	-6312.29	3.98015	-0.410185
38	7	-8657.63	-4.38842	-0.703994
39	7	-6615.05	-10.4985	-0.288292
40	7	-889.644	-9.55127	0.616922
41	7	5665	-4.06536	1.35363
42	7	9800.35	1.62471	1.58606
43	7	9060.62	6.81287	1.32236
44	7	4070.64	10.1541	0.538952
45	7	-1891.73	8.63789	-0.580223
46	7	-6373.34	2.46365	-1.46822
47	7	-8201.92	-4.61945	-1.63553
48	7	-5990.78	-9.08463	-1.04256
49	7	0	-0.0141945	0.00597769
0	8	-277.943	0.0679083	-3.07906
1	8	-3478.17	7.62411	0.123652
2	8	-4941.72	9.50976	-0.313151
3	8	-3955.52	5.35694	-0.975922
4	8	-1001.27	-2.58013	-1.48576
5	8	2478.06	-10.0158	-1.56864
6	8	4752.84	-13.2744	-1.18218
7	8	4725.36	-10.4041	-0.489604
8	8	2335.39	-2.83461	0.203014
9	8	-1200.65	6.02291	0.634275
10	8	-4273.29	11.8189	0.667945
11	8	-5256.41	11.7792	0.384992
12	8	-3806.44	6.02355	-0.00604707
13	8	-457.118	-2.87929	-0.262567
14	8	3022.85	-10.1988	-0.241625
15	8	5055.62	-12.8625	0.0122038
16	8	4608.93	-9.01912	0.334744
17	8	1865.6	-1.05301	0.477846
18	8	-1704.12	7.50015	0.320485
19	8	-4590.16	12.4547	-0.12396
20	8	-5153.46	11.1488	-0.650758
21	8	-3365.73	4.85999	-0.976442
22	8	13.6337	-4.08146	-0.906553
23	8	3376.49	-10.6416	-0.382086
24	8	4884.03	-11.9074	0.391517
25	8	4121.91	-7.52703	1.10549
26	8	1178.04	1.02737	1.44197
27	8	-2392.92	8.52568	1.20082
28	8	-4751.27	11.7358	0.483791
29	8	-5103.56	9.0519	-0.44085
30	8	-2913.22	1.13753	-1.2015
31	8	702.14	-6.60021	-1.48295
32	8	4045.34	-10.1947	-1.24334
33	8	6159.13	-7.72565	-0.64336
34	8	5758.17	0.357993	-0.0244116
35	8	2693.23	7.79117	0.274511
36	8	-1842.74	9.13582	0.237178
37	8	-6612.03	4.14811	0.0613385
38	8	-9137.82	-4.62627	-0.0239186
39	8	-7018.73	-11.0163	0.160383
40	8	-1003.9	-9.97267	0.513603
41	8	5905.02	-4.19825	0.751779
42	8	10279.2	1.77577	0.775794
43	8	9514.75	7.26139	0.598527
44	8	4282.93	10.7948	0.159407
45	8	-1953.27	9.14641	-0.460199
46	8	-6648.49	2.56009	-0.934964
47	8	-8596.71	-4.95767	-0.992441
48	8	-6301.27	-9.68339	-0.621591
49	8	0	-0.0149791	0.00296062
0	9	-288.649	-0.00394845	-1.55872
1	9	-3629.31	7.87306	0.169129
2	9	-5170.44	9.88834	0.11609
3	9	-4171.4	5.64851	-0.0871801
4	9	-1122.77	-2.53237	-0.346439
5	9	2487.43	-10.2362	-0.56689
6	9	4875.2	-13.6696	-0.678586
7	9	4898.25	-10.7993	-0.640325
8	9	2484.63	-3.0803	-0.458314
9	9	-1127.19	6.0046	-0.165598
10	9	-4287.61	11.9817	0.163119
11	9	-5324.28	12.0038	0.459374
12	9	-3879.28	6.17136	0.642364
13	9	-487.253	-2.89013	0.679148
14	9	3042.58	-10.3428	0.553212
15	9	5103.63	-13.0459	0.302191
16	9	4637.68	-9.10011	-0.0114902
17	9	1837.03	-0.962458	-0.320181
18	9	-1793.5	7.75456	-0.532947
19	9	-4710.74	12.756	-0.618785
20	9	-5239.85	11.3348	-0.539306
21	9	-3366.6	4.81952	-0.317619
22	9	122.046	-4.38194	-0.0136858
23	9	3564.69	-11.0846	0.315503
24	9	5077.88	-12.3162	0.574803
25	9	4244.03	-7.7199	0.712177
26	9	1161.16	1.165	0.687506
27	9	-2554.27	8.93561	0.49569
28	9	-5003.56	12.2646	0.19339
29	9	-5366.06	9.48711	-0.161488
30	9	-3090.35	1.29885	-0.482995
31	9	669.089	-6.73696	-0.700554
32	9	4166.19	-10.5377	-0.778408
33	9	6396.25	-8.07958	-0.677534
34	9	6018.52	0.186944	-0.4255
35	9	2883.74	7.8123	-0.101394
36	9	-1787.47	9.2362	0.230564
37	9	-6726.55	4.19678	0.488497
38	9	-9368.77	-4.7317	0.602014
39	9	-7236.95	-11.2183	0.556355
40	9	-1098.8	-10.1088	0.368901
41	9	5977.19	-4.21193	0.123425
42	9	10472.2	1.87727	-0.0515509
43	9	9704.73	7.51278	-0.133135
44	9	4376.59	11.1495	-0.206629
45	9	-1958.4	9.41825	-0.299496
46	9	-6735.09	2.5933	-0.347751
47	9	-8749.5	-5.16935	-0.303376
48	9	-6435.46	-10.0401	-0.175634
49	9	0	-0.0153525	-0.000120419
0	10	-292.247	-0.101074	1.0304e-12
1	10	-3684.57	7.90312	0.205475
2	10	-5262.82	10.0045	0.541591
3	10	-4278.43	5.79675	0.816888
4	10	-1217.79	-2.4063	0.833705
5	10	2426.84	-10.1723	0.498089
6	10	4864.61	-13.6916	-0.100816
7	10	4939.76	-10.9036	-0.720671
8	10	2569.79	-3.24795	-1.06967
9	10	-1019.09	5.81631	-0.945956
10	10	-4181.25	11.812	-0.358119
11	10	-5245.27	11.8989	0.486055
12	10	-3846.27	6.1502	1.22387
13	10	-506.629	-2.81807	1.54909
14	10	2974.25	-10.1991	1.29129
15	10	5006.81	-12.8663	0.560502
16	10	4532.12	-8.92337	-0.356131
17	10	1752.43	-0.840675	-1.08206
18	10	-1838.82	7.80377	-1.33125
19	10	-4706.73	12.7106	-1.04705
20	10	-5182.81	11.2079	-0.368028
21	10	-3275.52	4.6455	0.373443
22	10	228.779	-4.57044	0.88279
23	10	3660.7	-11.2331	0.984345
24	10	5137.82	-12.395	0.69772
25	10	4254.03	-7.70581	0.239551
26	10	1112.73	1.27489	-0.147967
27	10	-2649.42	9.1088	-0.268525
28	10	-5123.99	12.4679	-0.118498
29	10	-5486.72	9.67122	0.134058
30	10	-3183.62	1.42347	0.285173
31	10	620.242	-6.69233	0.159834
32	10	4175.11	-10.5954	-0.221428
33	10	6463.72	-8.22399	-0.631484
34	10	6121.73	0.00126714	-0.780668
35	10	2997.1	7.62223	-0.47085
36	10	-1686.57	9.08856	0.19661
37	10	-6659.83	4.13179	0.861594
38	10	-9345.78	-4.70553	1.15907
39	10	-7259.93	-11.1109	0.889805
40	10	-1164.97	-9.96822	0.188351
41	10	5886.22	-4.11178	-0.512058
42	10	10379.9	1.92393	-0.872191
43	10	9631.31	7.55482	-0.854145
44	10	4352.16	11.2026	-0.553419
45	10	-1910.43	9.44581	-0.106265
46	10	-6639.14	2.56784	0.27857
47	10	-8663.63	-5.24247	0.419194
48	10	-6393.17	-10.1405	0.2892
49	10	0	-0.0153087	-0.00318665
0	11	-288.649	-0.218198	1.55872
1	11	-3638.16	7.71125	0.224321
2	11	-5208.72	9.84726	0.940802
3	11	-4265.04	5.78712	1.70031
4	11	-1275.56	-2.21471	2.01189
5	11	2302.86	-9.83056	1.5875
6	11	4722.91	-13.3382	0.527054
7	11	4845.56	-10.7053	-0.736698
8	11	2582.27	-3.32014	-1.62022
9	11	-887.576	5.47865	-1.69199
10	11	-3965.66	11.3278	-0.885314
11	11	-5027.28	11.4756	0.459799
12	11	-3711.6	5.9629	1.71888
13	11	-513.044	-2.6718	2.32052
14	11	2824.64	-9.7822	1.94759
15	11	4774.25	-12.3429	0.779073
16	11	4303.9	-8.5087	-0.69031
17	11	1619.54	-0.69844	-1.78736
18	11	-1835.65	7.64118	-2.04844
19	11	-4576.93	12.3222	-1.39546
20	11	-4989.3	10.7838	-0.144341
21	11	-3101.68	4.3543	1.08053
22	11	324.851	-4.6285	1.76393
23	11	3653.33	-11.0691	1.60741
24	11	5054.5	-12.1327	0.7593
25	11	4148.37	-7.48378	-0.291701
26	11	1037.53	1.34443	-1.0332
27	11	-2666.05	9.02368	-1.06847
28	11	-5098.53	12.324	-0.445195
29	11	-5453.02	9.58512	0.44135
30	11	-3181.71	1.49515	1.08811
31	11	563.568	-6.47444	1.06984
32	11	4071.92	-10.3612	0.39971
33	11	6352.01	-8.13916	-0.515237
34	11	6054.03	-0.17641	-1.08606
35	11	3020.75	7.24027	-0.829867
36	11	-1550.22	8.70817	0.134857
37	11	-6419.41	3.96163	1.17654
38	11	-9071.46	-4.55143	1.64138
39	11	-7083.48	-10.7094	1.15893
40	11	-1193.67	-9.56736	-0.0201697
41	11	5641.17	-3.9057	-1.13716
42	11	10010.5	1.91351	-1.6636
43	11	9301.76	7.38259	-1.54562
44	11	4213.07	10.9466	-0.876008
45	11	-1813.71	9.22532	0.107758
46	11	-6370.94	2.48694	0.924273
47	11	-8348.73	-5.16867	1.15886
48	11	-6179.25	-9.97383	0.764798
49	11	0	-0.0148524	-0.00616135
0	12	-277.943	-0.345325	3.07906
1	12	-3487.17	7.30249	0.216827
2	12	-5002.56	9.41349	1.29089
3	12	-4123.35	5.60892	2.52544
4	12	-1287.45	-1.9727	3.14191
5	12	2123.46	-9.22549	2.65634
6	12	4454.25	-12.6174	1.17315
7	12	4614.81	-10.2023	-0.702016
8	12	2514.45	-3.28163	-2.10558
9	12	-744.956	5.01472	-2.39009
10	12	-3655.43	10.5559	-1.40586
11	12	-4682.76	10.753	0.384607
12	12	-3480.97	5.61636	2.12007
13	12	-504.4	-2.46082	2.98078
14	12	2605.19	-9.11601	2.51096
15	12	4421.99	-11.5042	0.954167
16	12	3969.26	-7.8825	-1.0082
17	12	1450.12	-0.549839	-2.42517
18	12	-1780.61	7.26755	-2.67484
19	12	-4326.74	11.6068	-1.6615
20	12	-4669.47	10.0835	0.127466
21	12	-2854.15	3.96377	1.78911
22	12	400.174	-4.53863	2.60235
23	12	3533.06	-10.5835	2.16577
24	12	4824.74	-11.5309	0.766441
25	12	3928.14	-7.05887	-0.854364
26	12	939.116	1.36563	-1.92856
27	12	-2596.54	8.66819	-1.86774
28	12	-4916.04	11.8177	-0.773457
29	12	-5254.51	9.21558	0.749744
30	12	-3078.63	1.50543	1.9006
31	12	502.579	-6.09158	1.99401
32	12	3858.97	-9.83842	1.04911
33	12	6058.14	-7.81338	-0.34896
34	12	5806.75	-0.323514	-1.34182
35	12	2945.55	6.6883	-1.17016
36	12	-1386.89	8.11238	0.0501641
37	12	-6015.45	3.69579	1.43306
38	12	-8555.11	-4.27534	2.04878
39	12	-6710.04	-10.0347	1.36842
40	12	-1178.44	-8.9282	-0.246216
41	12	5254.77	-3.60447	-1.73605
42	12	9379.26	1.84585	-2.40537
43	12	8729.37	6.99915	-2.1891
44	12	3964.94	10.3833	-1.16957
45	12	-1673.54	8.7576	0.329035
46	12	-5944	2.35191	1.56585
47	12	-7819.51	-4.9443	1.89482
48	12	-5802.87	-9.53387	1.24007
49	12	0	-0.0139983	-0.00897094
0	13	-260.394	-0.467416	4.52358
1	13	-3232.08	6.68984	0.175576
2	13	-4644.14	8.7084	1.57211
3	13	-3850.25	5.25635	3.25882
4	13	-1247.41	-1.69603	4.17937
5	13	1897.44	-8.3793	3.66074
6	13	4066.25	-11.5478	1.80325
7	13	4251.23	-9.403	-0.631057
8	13	2362.9	-3.12245	-2.52326
9	13	-601.703	4.44822	-3.02445
10	13	-3264.66	9.52837	-1.90297
11	13	-4225.49	9.75702	0.270844
12	13	-3161.07	5.12058	2.4289
13	13	-478.83	-2.19545	3.52247
14	13	2327.29	-8.22882	2.97557
15	13	3966.78	-10.3846	1.08481
16	13	3545.02	-7.07401	-1.3024
17	13	1256.39	-0.408224	-2.98312
18	13	-1669.3	6.68757	-3.20261
19	13	-3959.77	10.5837	-1.85218
20	13	-4234.43	9.13368	0.422722
21	13	-2548.52	3.49936	2.46853
22	13	441.98	-4.28819	3.37609
23	13	3297.38	-9.78225	2.65722
24	13	4453.45	-10.6029	0.734649
25	13	3599.2	-6.44329	-1.42156
26	13	822.048	1.33233	-2.7946
27	13	-2438.66	8.04361	-2.62406
28	13	-4573.54	10.9474	-1.08243
29	13	-4886.43	8.55771	1.04537
30	13	-2873.01	1.45176	2.68506
31	13	437.143	-5.55175	2.89038
32	13	3540.43	-9.03959	1.69025
33	13	5586.66	-7.24641	-0.156687
34	13	5379.29	-0.422295	-1.55171
35	13	2767.17	5.99018	-1.4808
36	13	-1203.95	7.32144	-0.0477555
37	13	-5460.59	3.34371	1.63381
38	13	-7811.84	-3.88598	2.38396
39	13	-6148.95	-9.1109	1.52682
40	13	-1116.35	-8.07576	-0.476954
41	13	4742.49	-3.22152	-2.2936
42	13	8508.22	1.72191	-3.0794
43	13	7932.96	6.41539	-2.76772
44	13	3615.12	9.5253	-1.42933
45	13	-1496.02	8.04916	0.543989
46	13	-5374.17	2.16251	2.1777
47	13	-7094.67	-4.57126	2.60217
48	13	-5276.87	-8.8209	1.70048
49	13	0	-0.0127709	-0.0115461
0	14	-236.432	-0.565191	5.85672
1	14	-2877.11	5.8934	0.0958433
2	14	-4138.75	7.74505	1.77149
3	14	-3448.2	4.72987	3.87444
4	14	-1152.13	-1.40078	5.08665
5	14	1633.79	-7.31965	4.56
6	14	3570.06	-10.1591	2.38465
7	14	3763.25	-8.32508	-0.540292
8	14	2128.04	-2.84028	-2.87252
9	14	-465.775	3.80229	-3.58096
10	14	-2808.74	8.28068	-2.35981
11	14	-3670.61	8.51838	0.133977
12	14	-2761.69	4.4907	2.65176
13	14	-435.58	-1.88696	3.94885
14	14	2003.4	-7.15158	3.34437
15	14	3426.56	-9.02274	1.17434
16	14	3050.04	-6.11542	-1.56164
17	14	1050.16	-0.284349	-3.45628
18	14	-1501.89	5.91465	-3.63726
19	14	-3485.92	9.28267	-1.98024
20	14	-3697.37	7.96432	0.714547
21	14	-2196.37	2.98139	3.08566
22	14	444.479	-3.87593	4.06384
23	14	2948.98	-8.68143	3.0807
24	14	3947.4	-9.36837	0.683135
25	14	3170.39	-5.65646	-1.95721
26	14	694.686	1.23659	-3.59037
27	14	-2193.34	7.16347	-3.30373
28	14	-4079.06	9.73139	-1.35384
29	14	-4354.59	7.62018	1.31644
30	14	-2567.95	1.33401	3.40016
31	14	366.893	-4.86608	3.71346
32	14	3122.74	-7.98429	2.28881
33	14	4948.84	-6.44961	0.0389348
34	14	4780.34	-0.463457	-1.72124
35	14	2487.29	5.17044	-1.75111
36	14	-1008.24	6.35968	-0.146796
37	14	-4770.37	2.91476	1.78384
38	14	-6861.84	-3.39545	2.65091
39	14	-5415.68	-7.96446	1.64386
40	14	-1008.42	-7.0364	-0.698053
41	14	4121.43	-2.77195	-2.7944
42	14	7425.25	1.54333	-3.6698
43	14	6936.32	5.64908	-3.26734
44	14	3172.55	8.39551	-1.65095
45	14	-1287.79	7.1134	0.740409
46	14	-4679.03	1.91814	2.73415
47	14	-6196.07	-4.05739	3.2531
48	14	-4617.09	-7.8435	2.12839
49	14	0	-0.0112053	-0.0138228
0	15	-206.65	-0.616671	7.04565
1	15	-2430.45	4.93794	-0.0231346
2	15	-3498.06	6.54397	1.88536
3	15	-2926.04	4.03658	4.35657
4	15	-1002.43	-1.10124	5.83486
5	15	1340.61	-6.07874	5.32
6	15	2979.09	-8.49062	2.88802
7	15	3163.03	-6.9963	-0.44391
8	15	1814.45	-2.44036	-3.15231
9	15	-343.033	3.09856	-4.04387
10	15	-2301.73	6.84921	-2.75573
11	15	-3033.99	7.0732	-0.0066322
12	15	-2293.63	3.74358	2.80375
13	15	-373.363	-1.54642	4.26786
14	15	1644.08	-5.91546	3.62275
15	15	2819.72	-7.46222	1.22894
16	15	2500.84	-5.03506	-1.78429
17	15	837.137	-0.18285	-3.84411
18	15	-1280.42	4.96624	-3.98249
19	15	-2917.62	7.74163	-2.0643
20	15	-3074.26	6.60911	0.980325
21	15	-1805.19	2.42321	3.61967
22	15	409.746	-3.31227	4.64385
23	15	2496.83	-7.30856	3.42494
24	15	3317.6	-7.8565	0.626867
25	15	2652.35	-4.72059	-2.41872
26	15	564.027	1.07461	-4.27239
27	15	-1864.96	6.05007	-3.88417
28	15	-3448.45	8.20527	-1.57968
29	15	-3675.89	6.42864	1.55329
30	15	-2172.1	1.1544	4.01081
31	15	293.21	-4.05209	4.42059
32	15	2615.82	-6.69873	2.81289
33	15	4161.42	-5.44414	0.218843
34	15	4027.22	-0.446986	-1.8552
35	15	2113.97	4.25281	-1.97288
36	15	-805.954	5.25548	-0.235658
37	15	-3963.44	2.41894	1.89007
38	15	-5729.86	-2.81912	2.85441
39	15	-4530.92	-6.62457	1.7283
40	15	-859.157	-5.83705	-0.895124
41	15	3409.5	-2.27116	-3.22243
42	15	6162.63	1.31278	-4.16245
43	15	5767.49	4.72366	-3.67717
44	15	2647.9	7.02642	-1.83101
45	15	-1055.64	5.97143	0.908297
46	15	-3877.48	1.61938	3.21129
47	15	-5148.15	-3.41632	3.81887
48	15	-3841.86	-6.62036	2.50419
49	15	0	-0.00934697	-0.015744
0	16	-171.778	-0.599423	8.06108
1	16	-1904.23	3.84992	-0.175827
2	16	-2739.67	5.13254	1.92258
3	16	-2298.95	3.1911	4.70133
4	16	-802.621	-0.80873	6.4062
5	16	1024.85	-4.69151	5.91319
6	16	2309.7	-6.58997	3.29097
7	16	2466.53	-5.45301	-0.356697
8	16	1431.21	-1.93643	-3.35914
9	16	-236.129	2.35587	-4.40152
10	16	-1757.55	5.27104	-3.07018
11	16	-2331.76	5.45997	-0.130837
12	16	-1770.64	2.90026	2.89833
13	16	-293.961	-1.18342	4.49296
14	16	1258.18	-4.55204	3.81535
15	16	2160.9	-5.74376	1.25547
16	16	1911.63	-3.86074	-1.96434
17	16	622.909	-0.105959	-4.1458
18	16	-1010.52	3.8684	-4.24055
19	16	-2268.6	6.00056	-2.11645
20	16	-2378.09	5.10057	1.20016
21	16	-1383.09	1.83892	4.04485
22	16	339.41	-2.61349	5.09724
23	16	1956.81	-5.70643	3.68856
24	16	2585.81	-6.11257	0.576207
25	16	2058.84	-3.65828	-2.7799
26	16	429.929	0.854711	-4.80478
27	16	-1464.25	4.73399	-4.34364
28	16	-2701.02	6.41466	-1.7572
29	16	-2874.29	5.02333	1.74475
30	16	-1699.9	0.919518	4.49098
31	16	218.492	-3.13355	4.97791
32	16	2033.53	-5.21647	3.23413
33	16	3246.18	-4.25929	0.367714
34	16	3144.05	-0.380331	-1.95618
35	16	1660.9	3.25921	-2.1411
36	16	-602.126	4.03973	-0.306236
37	16	-3061.2	1.86749	1.96037
38	16	-4445.1	-2.17468	2.99987
39	16	-3519.51	-5.1236	1.78685
40	16	-675.573	-4.50558	-1.05524
41	16	2624.81	-1.73346	-3.56177
42	16	4755.32	1.03477	-4.545
43	16	4457.78	3.66671	-3.98981
44	16	2053.79	5.45817	-1.96725
45	16	-806.047	4.65234	1.04016
46	16	-2989.45	1.26962	3.58861
47	16	-3977.55	-2.6669	4.27216
48	16	-2971.57	-5.18142	2.80817
49	16	0	-0.00725303	-0.0172605
0	17	-132.677	-0.494168	8.87803
1	17	-1313.82	2.65382	-0.345321
2	17	-1887.2	3.5454	1.90603
3	17	-1587.24	2.21594	4.91623
4	17	-561.464	-0.528971	6.79023
5	17	693.264	-3.19589	6.31984
6	17	1579.38	-4.5092	3.57301
7	17	1693.54	-3.74208	-0.290808
8	17	991.149	-1.34677	-3.49441
9	17	-146.156	1.58795	-4.64538
10	17	-1187.77	3.58354	-3.2874
11	17	-1583.15	3.72113	-0.223748
12	17	-1206.66	1.98171	2.95194
13	17	-202.079	-0.802359	4.63534
14	17	851.903	-3.09418	3.93307
15	17	1465.25	-3.90768	1.26583
16	17	1293.63	-2.61713	-2.0945
17	17	411.821	-0.0542432	-4.35294
18	17	-699.111	2.65267	-4.4118
19	17	-1555.23	4.104	-2.14878
20	17	-1624.21	3.47465	1.35629
21	17	-938.022	1.23868	4.33712
22	17	239.775	-1.80591	5.40968
23	17	1348.38	-3.92446	3.87647
24	17	1776.91	-4.19096	0.539064
25	17	1407.78	-2.49775	-3.0323
26	17	290.118	0.593374	-5.16742
27	17	-1008.4	3.25675	-4.66023
28	17	-1860.05	4.41309	-1.88156
29	17	-1977.07	3.45295	1.87898
30	17	-1169.39	0.640431	4.82205
31	17	144.635	-2.13731	5.36227
32	17	1392.83	-3.57854	3.52949
33	17	2229.62	-2.93163	0.473848
34	17	2159.82	-0.275276	-2.0246
35	17	1145.76	2.2098	-2.25368
36	17	-399.996	2.74347	-0.354292
37	17	-2086.85	1.27306	2.00227
38	17	-3040.93	-1.48051	3.09292
39	17	-2409.67	-3.49751	1.82393
40	17	-466.03	-3.07157	-1.16814
41	17	1785.45	-1.17108	-3.79802
42	17	3239.53	0.716709	-4.80717
43	17	3040.81	2.50882	-4.20073
44	17	1404.98	3.73647	-2.05856
45	17	-544.695	3.19265	1.13087
46	17	-2035.73	0.876152	3.85007
47	17	-2712.84	-1.83233	4.58965
48	17	-2028.26	-3.56792	3.02271
49	17	0	-0.00499192	-0.0183227
0	18	-90.3092	-0.291208	9.47637
1	18	-677.129	1.37055	-0.488866
2	18	-969.035	1.82587	1.87437
3	18	-815.92	1.14392	5.01703
4	18	-290.864	-0.262371	6.98324
5	18	351.983	-1.62931	6.52763
6	18	807.195	-2.30515	3.71821
7	18	867.616	-1.91651	-0.255685
8	18	510.514	-0.695347	-3.5629
9	18	-70.0897	0.804412	-4.7708
10	18	-602.59	1.82461	-3.40005
11	18	-805.873	1.89815	-0.274929
12	18	-615.569	1.012	2.97662
13	18	-103.723	-0.407494	4.70428
14	18	432.371	-1.5753	3.99141
15	18	745.657	-1.99152	1.27101
16	18	657.077	-1.3297	-2.16329
17	18	206.599	-0.0232962	-4.45728
18	18	-358.82	1.35742	-4.50206
19	18	-797.489	2.09973	-2.16978
20	18	-830.32	1.77098	1.44084
21	18	-476.455	0.626937	4.48799
22	18	123.92	-0.92706	5.569
23	18	692.142	-2.01359	3.97836
24	18	911.955	-2.14613	0.520201
25	18	719.12	-1.27409	-3.16566
26	18	146.555	0.305923	-5.35198
27	18	-517.05	1.66972	-4.82123
28	18	-954.321	2.26363	-1.94631
29	18	-1013.92	1.77002	1.94806
30	18	-599.647	0.330817	4.99189
31	18	72.3447	-1.09028	5.55952
32	18	712.429	-1.83244	3.6827
33	18	1142.53	-1.50419	0.529355
34	18	1106.65	-0.145022	-2.05954
35	18	588.44	1.12351	-2.3103
36	18	-200.67	1.39582	-0.378531
37	18	-1064.35	0.649367	2.02173
38	18	-1554.49	-0.75434	3.13839
39	18	-1232.34	-1.78559	1.84207
40	18	-239.284	-1.56697	-1.22683
41	18	909.507	-0.593919	-3.92016
42	18	1651.57	0.369275	-4.94139
43	18	1551.56	1.28247	-4.30757
44	18	718.233	1.9106	-2.10461
45	18	-276.285	1.63518	1.17733
46	18	-1037.7	0.450455	3.98469
47	18	-1384.19	-0.939034	4.75428
48	18	-1035.35	-1.83121	3.13452
49	18	0	-0.00263755	-0.0185526
0	19	0	0	9.84137
1	19	0	0	-0.00816434
2	19	0	0	0.0310363
3	19	0	0	0.0830834
4	19	0	0	0.11547
5	19	0	0	0.107432
6	19	0	0	0.0602781
7	19	0	0	-0.00626775
8	19	0	0	-0.0613996
9	19	0	0	-0.0815014
10	19	0	0	-0.0582326
11	19	0	0	-0.00570146
12	19	0	0	0.0491826
13	19	0	0	0.0787354
14	19	0	0	0.0674589
15	19	0	0	0.0229116
16	19	0	0	-0.0340078
17	19	0	0	-0.0718604
18	19	0	0	-0.0724681
19	19	0	0	-0.0338757
20	19	0	0	0.0261807
21	19	0	0	0.0763759
22	19	0	0	0.0936815
23	19	0	0	0.0665666
24	19	0	0	0.00802245
25	19	0	0	-0.054052
26	19	0	0	-0.0909572
27	19	0	0	-0.0825265
28	19	0	0	-0.0344094
29	19	0	0	0.0310498
30	19	0	0	0.0824791
31	19	0	0	0.0926526
32	19	0	0	0.061547
33	19	0	0	0.00920203
34	19	0	0	-0.0333492
35	19	0	0	-0.0376209
36	19	0	0	-0.00588314
37	19	0	0	0.0345642
38	19	0	0	0.0536578
39	19	0	0	0.0313482
40	19	0	0	-0.0209069
41	19	0	0	-0.0663846
42	19	0	0	-0.0836399
43	19	0	0	-0.0730216
44	19	0	0	-0.0359007
45	19	0	0	0.019188
46	19	0	0	0.0662824
47	19	0	0	0.0796952
48	19	0	0	0.0532923
49	19	0	0	0.000524611
