0	0	0	0	9.98027
1	0	0	0	7.71137
2	0	0	0	4.77671
3	0	0	0	1.32284
4	0	0	0	-2.30806
5	0	0	0	-5.76542
6	0	0	0	-8.71562
7	0	0	0	-10.8863
8	0	0	0	-12.0767
9	0	0	0	-12.17
10	0	0	0	-11.1564
11	0	0	0	-9.12505
12	0	0	0	-6.25292
13	0	0	0	-2.80696
14	0	0	0	0.897622
15	0	0	0	4.5279
16	0	0	0	7.75395
17	0	0	0	10.2836
18	0	0	0	11.8852
19	0	0	0	12.4078
20	0	0	0	11.8037
21	0	0	0	10.1265
22	0	0	0	7.53114
23	0	0	0	4.25844
24	0	0	0	0.599711
25	0	0	0	-3.11301
26	0	0	0	-6.53712
27	0	0	0	-9.36087
28	0	0	0	-11.3342
29	0	0	0	-12.2699
30	0	0	0	-12.0685
31	0	0	0	-10.7412
32	0	0	0	-8.40703
33	0	0	0	-5.27704
34	0	0	0	-1.6438
35	0	0	0	2.1453
36	0	0	0	5.73838
37	0	0	0	8.80558
38	0	0	0	11.0621
39	0	0	0	12.2948
40	0	0	0	12.3925
41	0	0	0	11.3503
42	0	0	0	9.27264
43	0	0	0	6.36223
44	0	0	0	2.8958
45	0	0	0	-0.801318
46	0	0	0	-4.38456
47	0	0	0	-7.51452
48	0	0	0	-9.90615
49	0	0	0	-11.4126
0	1	-56.4342	1.19754	9.85739
1	1	-405.858	1.70183	7.55004
2	1	-714.749	2.00616	4.67271
3	1	-960.63	2.11031	1.30629
4	1	-1118.43	2.00999	-2.22906
5	1	-1170.87	1.71534	-5.59466
6	1	-1114.14	1.26215	-8.46636
7	1	-950.659	0.692181	-10.5792
8	1	-695.13	0.0541899	-11.7385
9	1	-374.285	-0.58946	-11.8306
10	1	-17.5421	-1.18135	-10.846
11	1	341.597	-1.67028	-8.8713
12	1	669.21	-2.00397	-6.07891
13	1	935.662	-2.15438	-2.72839
14	1	1115.3	-2.11118	0.873625
15	1	1190.75	-1.8761	4.4034
16	1	1155.16	-1.47109	7.5402
17	1	1011.41	-0.931399	9.99988
18	1	775.089	-0.30393	11.5572
19	1	467.636	0.351319	12.0652
20	1	116.358	0.975334	11.4777
21	1	-246.32	1.50933	9.84684
22	1	-585.852	1.90322	7.32319
23	1	-871.305	2.12772	4.14084
24	1	-1076.58	2.15913	0.583237
25	1	-1182.64	1.99129	-3.02684
26	1	-1179.33	1.64216	-6.35631
27	1	-1068.99	1.14762	-9.10192
28	1	-861.977	0.544224	-11.0205
29	1	-577.333	-0.11706	-11.9303
30	1	-245.19	-0.771848	-11.7346
31	1	103.396	-1.35735	-10.4441
32	1	439.932	-1.82016	-8.17445
33	1	736.74	-2.11283	-5.13111
34	1	964.394	-2.20347	-1.59844
35	1	1103.18	-2.08948	2.08579
36	1	1142.66	-1.78366	5.57947
37	1	1079.39	-1.31226	8.56184
38	1	918.385	-0.716797	10.756
39	1	675.179	-0.0568116	11.9545
40	1	374.594	0.606071	12.0496
41	1	42.2047	1.20827	11.0362
42	1	-293.008	1.69253	9.01597
43	1	-601.23	2.01587	6.18601
44	1	-853.449	2.15001	2.81537
45	1	-1026.24	2.08378	-0.77952
46	1	-1106.44	1.82017	-4.26373
47	1	-1088.62	1.3908	-7.3071
48	1	-975.199	0.876004	-9.63253
49	1	-777.688	-6.637	-11.0973
0	2	-111.479	2.42296	9.4918
1	2	-794.148	3.34255	7.19409
2	2	-1398.2	3.9285	4.46239
3	2	-1879.05	4.13037	1.27183
4	2	-2187.64	3.93355	-2.0758
5	2	-2290.21	3.35681	-5.2616
6	2	-2179.27	2.46993	-7.97952
7	2	-1859.5	1.35485	-9.97929
8	2	-1359.65	0.10678	-11.0775
9	2	-732.081	-1.15241	-11.167
10	2	-34.2983	-2.3103	-10.2389
11	2	668.176	-3.26672	-8.3751
12	2	1308.95	-3.9195	-5.73867
13	2	1830.08	-4.2137	-2.57484
14	2	2181.44	-4.12919	0.826548
15	2	2329.04	-3.66945	4.15977
16	2	2259.43	-2.87732	7.12206
17	2	1978.25	-1.82173	9.4449
18	2	1515.97	-0.594395	10.9155
19	2	914.644	0.687241	11.3952
20	2	227.58	1.90769	10.84
21	2	-481.827	2.95213	9.29979
22	2	-1145.95	3.72262	6.91641
23	2	-1704.28	4.16165	3.91081
24	2	-2105.78	4.22306	0.550985
25	2	-2313.2	3.8948	-2.85832
26	2	-2306.7	3.21189	-6.00263
27	2	-2090.89	2.24456	-8.59542
28	2	-1686	1.0644	-10.4071
29	2	-1129.29	-0.228871	-11.2661
30	2	-479.664	-1.50962	-11.0815
31	2	202.13	-2.65484	-9.86285
32	2	860.407	-3.56	-7.71955
33	2	1440.95	-4.13243	-4.84565
34	2	1886.17	-4.30973	-1.50966
35	2	2157.65	-4.0868	1.96944
36	2	2234.88	-3.48867	5.2687
37	2	2111.13	-2.56663	8.08516
38	2	1796.26	-1.40199	10.1572
39	2	1320.57	-0.111155	11.2891
40	2	732.693	1.18544	11.379
41	2	82.5509	2.36328	10.422
42	2	-573.101	3.31044	8.51399
43	2	-1175.97	3.94288	5.84135
44	2	-1669.3	4.20523	2.65812
45	2	-2007.28	4.07571	-0.736878
46	2	-2164.15	3.56006	-4.02738
47	2	-2129.23	2.72023	-6.90133
48	2	-1907.41	1.71338	-9.09732
49	2	-1521.1	-12.9815	-10.4806
0	3	-163.779	3.57554	8.89248
1	3	-1161.24	4.90016	6.65777
2	3	-2043.97	5.75042	4.14791
3	3	-2746.63	6.04315	1.21756
4	3	-3197.53	5.75434	-1.85464
5	3	-3347.43	4.91038	-4.77706
6	3	-3185.32	3.61306	-7.26973
7	3	-2717.9	1.98259	-9.10384
8	3	-1987.26	0.157936	-10.1123
9	3	-1070	-1.68307	-10.1979
10	3	-50.1053	-3.37586	-9.35203
11	3	976.645	-4.774	-7.65022
12	3	1913.13	-5.72829	-5.24169
13	3	2674.77	-6.15831	-2.35074
14	3	3188.29	-6.03484	0.757476
15	3	3404.01	-5.36302	3.8035
16	3	3302.29	-4.20531	6.51073
17	3	2891.32	-2.66253	8.63355
18	3	2215.58	-0.868601	9.97749
19	3	1336.74	1.00463	10.4156
20	3	332.589	2.78826	9.90797
21	3	-704.312	4.31474	8.50016
22	3	-1675	5.44096	6.32175
23	3	-2491.05	6.08251	3.57458
24	3	-3077.85	6.17221	0.503802
25	3	-3380.96	5.69246	-2.61209
26	3	-3371.38	4.69425	-5.48573
27	3	-3055.95	3.28035	-7.85516
28	3	-2464.24	1.55554	-9.51066
29	3	-1650.7	-0.334366	-10.2955
30	3	-701.283	-2.20627	-10.1269
31	3	295.203	-3.88013	-9.01334
32	3	1257.37	-5.20298	-7.05464
33	3	2105.85	-6.03959	-4.42833
34	3	2756.46	-6.29872	-1.37983
35	3	3153.31	-5.97298	1.79946
36	3	3266.19	-5.09883	4.81458
37	3	3085.37	-3.7512	7.38853
38	3	2625.22	-2.04906	9.28208
39	3	1930	-0.162549	10.3166
40	3	1070.85	1.73259	10.3989
41	3	120.615	3.45408	9.5243
42	3	-837.604	4.83842	7.7805
43	3	-1718.75	5.76276	5.33775
44	3	-2439.8	6.14616	2.4284
45	3	-2933.76	5.9569	-0.674469
46	3	-3163.06	5.2031	-3.68186
47	3	-3111.96	3.97567	-6.30825
48	3	-2787.77	2.50416	-8.31506
49	3	-2223.14	-18.9734	-9.5792
0	4	-212.045	4.62874	8.07421
1	4	-1497.24	6.33122	5.95605
2	4	-2634.6	7.42374	3.73465
3	4	-3539.87	7.79856	1.1416
4	4	-4120.75	7.42461	-1.57461
5	4	-4313.88	6.3352	-4.15668
6	4	-4104.96	4.66149	-6.35819
7	4	-3502.53	2.55909	-7.97814
8	4	-2560.94	0.206782	-8.87051
9	4	-1378.88	-2.16666	-8.95019
10	4	-64.5378	-4.34881	-8.21002
11	4	1258.62	-6.15099	-6.71673
12	4	2465.34	-7.38108	-4.60183
13	4	3446.79	-7.93531	-2.06246
14	4	4108.5	-7.77629	0.668074
15	4	4386.43	-6.91078	3.34409
16	4	4255.39	-5.41895	5.72259
17	4	3725.82	-3.43088	7.58764
18	4	2854.92	-1.11909	8.76834
19	4	1722.41	1.29486	9.15312
20	4	428.496	3.59311	8.70674
21	4	-907.755	5.56017	7.46956
22	4	-2158.64	7.01155	5.55529
23	4	-3210.25	7.83811	3.14122
24	4	-3966.37	7.95362	0.442954
25	4	-4356.88	7.33536	-2.29487
26	4	-4344.47	6.0489	-4.81971
27	4	-3937.94	4.22686	-6.90132
28	4	-3175.53	2.00428	-8.35563
29	4	-2127.42	-0.430726	-9.04497
30	4	-904.084	-2.84282	-8.89682
31	4	380.051	-4.99988	-7.91864
32	4	1619.99	-6.70441	-6.19776
33	4	2713.3	-7.7824	-3.89049
34	4	3551.57	-8.11631	-1.21245
35	4	4063.05	-7.69672	1.58054
36	4	4208.54	-6.57034	4.22958
37	4	3975.57	-4.83373	6.49104
38	4	3382.69	-2.64047	8.15462
39	4	2486.86	-0.20961	9.06364
40	4	1379.84	2.23262	9.13618
41	4	155.333	4.45103	8.36775
42	4	-1079.37	6.23496	6.8355
43	4	-2214.81	7.42605	4.68901
44	4	-3144.03	7.92008	2.13254
45	4	-3780.54	7.67623	-0.593914
46	4	-4076.04	6.7046	-3.23642
47	4	-4010.1	5.12295	-5.54385
48	4	-3592.34	3.22685	-7.30687
49	4	-2864.74	-24.4501	-8.41756
0	5	-255.091	5.55744	7.05711
1	5	-1793.08	7.59776	5.10615
2	5	-3154.11	8.90444	3.23021
3	5	-4237.31	9.35055	1.042
4	5	-4932.32	8.90035	-1.24695
5	5	-5163.35	7.59359	-3.42034
6	5	-4913.17	5.58751	-5.272
7	5	-4192.05	3.06919	-6.63453
8	5	-3065.11	0.252302	-7.38693
9	5	-1650.36	-2.58984	-7.4588
10	5	-77.2162	-5.20255	-6.8445
11	5	1506.41	-7.3601	-5.60045
12	5	2950.59	-8.83286	-3.83683
13	5	4125.17	-9.49638	-1.71815
14	5	4917.08	-9.3062	0.560549
15	5	5249.59	-8.2706	2.7938
16	5	5092.82	-6.48522	4.77882
17	5	4459.08	-4.10591	6.33542
18	5	3416.63	-1.33908	7.32082
19	5	2061.18	1.55006	7.6418
20	5	512.663	4.30042	7.26886
21	5	-1086.64	6.65458	6.2359
22	5	-2583.75	8.39171	4.63776
23	5	-3842.33	9.38075	2.62244
24	5	-4747.18	9.51887	0.370039
25	5	-5214.4	8.77886	-1.91527
26	5	-5199.49	7.23899	-4.0227
27	5	-4712.9	5.05833	-5.75993
28	5	-3800.55	2.39842	-6.97353
29	5	-2546.5	-0.515383	-7.54862
30	5	-1082.55	-3.40201	-7.42489
31	5	454.368	-5.98368	-6.60858
32	5	1938.38	-8.02345	-5.17226
33	5	3246.76	-9.31341	-3.2468
34	5	4249.87	-9.71305	-1.01206
35	5	4862.11	-9.21116	1.31873
36	5	5036.29	-7.8632	3.52965
37	5	4757.53	-5.7848	5.41719
38	5	4048.05	-3.16015	6.80563
39	5	2975.96	-0.251068	7.56444
40	5	1651.24	2.67195	7.62518
41	5	185.736	5.32703	6.98386
42	5	-1291.89	7.46213	5.70476
43	5	-2650.75	8.8876	3.91285
44	5	-3762.9	9.4788	1.77873
45	5	-4524.63	9.18695	-0.497248
46	5	-4878.25	8.02375	-2.70297
47	5	-4799.21	6.13086	-4.62872
48	5	-4299.24	3.86181	-6.10005
49	5	-3428.44	-29.2625	-7.02717
0	6	-291.855	6.33963	5.86625
1	6	-2040.79	8.66728	4.12792
2	6	-3588.41	10.1539	2.6439
3	6	-4820.02	10.6584	0.916806
4	6	-5610.23	10.1425	-0.884742
5	6	-5872.79	8.65201	-2.5914
6	6	-5588.02	6.36638	-4.04323
7	6	-4767.73	3.49929	-5.11137
8	6	-3486.08	0.293363	-5.70326
9	6	-1877.06	-2.94105	-5.76518
10	6	-87.8114	-5.91379	-5.29332
11	6	1713.27	-8.36838	-4.33224
12	6	3355.66	-10.0441	-2.96782
13	6	4691.48	-10.7991	-1.32743
14	6	5592.06	-10.583	0.437544
15	6	5970.09	-9.40546	2.16736
16	6	5791.81	-7.37514	3.70493
17	6	5071.13	-4.66928	4.91079
18	6	3885.45	-1.52259	5.67413
19	6	2343.85	1.76328	5.92262
20	6	582.783	4.89097	5.63328
21	6	-1236.11	7.56826	4.83263
22	6	-2938.75	9.54389	3.59405
23	6	-4370.09	10.6685	2.0323
24	6	-5399.02	10.8254	0.287018
25	6	-5930.18	9.98371	-1.48359
26	6	-5913.17	8.2322	-3.11632
27	6	-5359.76	5.75219	-4.46208
28	6	-4322.32	2.72722	-5.40205
29	6	-2896.49	-0.586085	-5.84724
30	6	-1231.78	-3.86866	-5.75121
31	6	516.173	-6.80479	-5.11886
32	6	2203.91	-9.12422	-4.00614
33	6	3691.76	-10.591	-2.51486
34	6	4832.39	-11.0456	-0.784141
35	6	5528.77	-10.4751	1.02117
36	6	5726.94	-8.9423	2.73389
37	6	5409.97	-6.57856	4.19622
38	6	4603.19	-3.59395	5.27185
39	6	3384.01	-0.285786	5.8598
40	6	1877.62	3.03861	5.90708
41	6	210.963	6.05831	5.41036
42	6	-1469.41	8.48658	4.41917
43	6	-3014.77	10.1077	3.03053
44	6	-4279.6	10.78	1.37673
45	6	-5145.81	10.448	-0.386945
46	6	-5547.91	9.1247	-2.0959
47	6	-5457.88	6.97201	-3.58766
48	6	-4889.31	4.39183	-4.72736
49	6	-3898.99	-33.2801	-5.44579
0	7	-321.433	6.95755	4.53095
1	7	-2233.7	9.51332	3.04367
2	7	-3925.76	11.1401	1.98641
3	7	-5272.2	11.6878	0.764175
4	7	-6136.01	11.1179	-0.502299
5	7	-6422.89	9.4819	-1.69588
6	7	-6111.15	6.97698	-2.70787
7	7	-5213.94	3.83765	-3.45192
8	7	-3812.38	0.328751	-3.86656
9	7	-2052.78	-3.21082	-3.9163
10	7	-96.0355	-6.46325	-3.59933
11	7	1873.54	-9.14843	-2.94706
12	7	3669.55	-10.982	-2.01869
13	7	5130.31	-11.8082	-0.90113
14	7	6115.11	-11.5719	0.302131
15	7	6528.35	-10.2845	1.48159
16	7	6333.37	-8.06454	2.53004
17	7	5545.31	-5.1057	3.35238
18	7	4248.63	-1.66466	3.87291
19	7	2562.74	1.9287	4.04218
20	7	636.95	5.34871	3.84438
21	7	-1352.09	8.27637	3.2978
22	7	-3213.96	10.4368	2.45251
23	7	-4779.15	11.6663	1.38687
24	7	-5904.18	11.8377	0.196178
25	7	-6484.76	10.9172	-1.01157
26	7	-6466.11	9.00159	-2.1252
27	7	-5860.92	6.28959	-3.04303
28	7	-4726.65	2.98176	-3.68394
29	7	-3167.84	-0.640961	-3.98718
30	7	-1347.63	-4.23015	-3.92141
31	7	563.84	-7.44092	-3.49013
32	7	2409.4	-9.97677	-2.73128
33	7	4036.24	-11.5804	-1.71467
34	7	5283.33	-12.0776	-0.53492
35	7	6044.92	-11.4543	0.695904
36	7	6261.77	-9.7783	1.86392
37	7	5915.16	-7.19349	2.86135
38	7	5033.03	-3.93007	3.59497
39	7	3699.93	-0.312807	3.99613
40	7	2052.82	3.32259	4.02868
41	7	230.327	6.62499	3.69005
42	7	-1607.14	9.28048	3.01376
43	7	-3296.99	11.0532	2.06615
44	7	-4680.15	11.7883	0.937551
45	7	-5627.25	11.425	-0.265898
46	7	-6066.84	9.97754	-1.43164
47	7	-5968.27	7.62357	-2.4489
48	7	-5346.57	4.80255	-3.22603
49	7	-4263.61	-36.3935	-3.71629
0	8	-343.097	7.39846	3.08407
1	8	-2366.59	10.116	1.87763
2	8	-4157	11.838	1.26959
3	8	-5581.53	12.4114	0.582582
4	8	-6495.34	11.8001	-0.114618
5	8	-6798.65	10.0604	-0.761517
6	8	-6468.37	7.40232	-1.30467
7	8	-5518.58	4.07469	-1.70302
8	8	-4035.14	0.357183	-1.92793
9	8	-2172.71	-3.39204	-1.96318
10	8	-101.653	-6.83616	-1.80915
11	8	1982.85	-9.67919	-1.483
12	8	3883.7	-11.6209	-1.01551
13	8	5429.75	-12.4961	-0.450995
14	8	6472.02	-12.2462	0.157843
15	8	6909.23	-10.8839	0.75501
16	8	6702.8	-8.53469	1.28601
17	8	5868.73	-5.40329	1.7025
18	8	4496.32	-1.76143	1.96603
19	8	2711.93	2.04178	2.05148
20	8	673.726	5.66119	1.95069
21	8	-1431.41	8.75963	1.67309
22	8	-3401.88	11.046	1.24419
23	8	-5058.38	12.347	0.703711
24	8	-6248.91	12.5282	0.100013
25	8	-6863.09	11.5538	-0.512051
26	8	-6843.29	9.52633	-1.07635
27	8	-6202.79	6.65602	-1.54136
28	8	-5002.53	3.15514	-1.86592
29	8	-3353.11	-0.678549	-2.01901
30	8	-1426.89	-4.4767	-1.98529
31	8	596.114	-7.87474	-1.76676
32	8	2549.31	-10.558	-1.38245
33	8	4270.88	-12.2549	-0.868042
34	8	5590.49	-12.7813	-0.271152
35	8	6396.6	-12.122	0.351775
36	8	6626.28	-10.3485	0.943391
37	8	6259.45	-7.6129	1.44886
38	8	5325.94	-4.15941	1.82059
39	8	3915.17	-0.331412	2.02409
40	8	2172.11	3.51619	2.04103
41	8	243.323	7.01163	1.86965
42	8	-1701.35	9.82224	1.52668
43	8	-3489.79	11.6984	1.04589
44	8	-4953.68	12.4763	0.473174
45	8	-5955.87	12.0914	-0.13729
46	8	-6420.97	10.5591	-0.728133
47	8	-6316.54	8.06785	-1.24329
48	8	-5658.61	5.08282	-1.63679
49	8	-4512.44	-38.5182	-1.88557
0	9	-356.312	7.65544	1.56126
1	9	-2435.85	10.4625	0.655264
2	9	-4275.79	12.2302	0.50608
3	9	-5739.53	12.8098	0.371008
4	9	-6678.35	12.1699	0.263272
5	9	-6989.8	10.3709	0.183128
6	9	-6649.94	7.63005	0.126118
7	9	-5673.34	4.20327	0.0864175
8	9	-4148.28	0.37734	0.0590178
9	9	-2233.57	-3.48009	0.0404726
10	9	-104.5	-7.02262	0.0281706
11	9	2038.23	-9.94645	0.019876
12	9	3992.29	-11.9436	0.0142313
13	9	5581.65	-12.8442	0.0106524
14	9	6653.05	-12.5876	0.00859638
15	9	7102.35	-11.1875	0.00733818
16	9	6890.06	-8.7728	0.00657137
17	9	6032.6	-5.55395	0.00593606
18	9	4621.76	-1.81029	0.0052989
19	9	2787.38	2.0994	0.00459569
20	9	692.16	5.8199	0.00364326
21	9	-1471.88	9.00484	0.00268741
22	9	-3497.4	11.355	0.00191687
23	9	-5200.15	12.6921	0.00134418
24	9	-6423.77	12.8781	0.00113547
25	9	-7054.89	11.8765	0.00134726
26	9	-7034.49	9.79218	0.00162438
27	9	-6376.08	6.84158	0.00198663
28	9	-5142.43	3.24267	0.00260756
29	9	-3447.2	-0.697822	0.00377512
30	9	-1467.36	-4.60162	0.00446863
31	9	612.158	-8.09444	0.00431572
32	9	2619.87	-10.852	0.00365122
33	9	4389.34	-12.5961	0.00205109
34	9	5745.59	-13.1374	4.86715e-06
35	9	6574.34	-12.4603	-0.00179128
36	9	6810.63	-10.6375	-0.00259778
37	9	6433.55	-7.82541	-0.00283842
38	9	5474.05	-4.27574	-0.00308518
39	9	4023.92	-0.341097	-0.00281374
40	9	2232.3	3.61417	-0.00201913
41	9	249.632	7.20771	-0.00148621
42	9	-1749.46	10.0971	-0.00172859
43	9	-3587.93	12.0258	-0.00260753
44	9	-5092.73	12.8253	-0.00376801
45	9	-6122.74	12.4292	-0.00455807
46	9	-6600.64	10.8536	-0.00444466
47	9	-6493.21	8.29281	-0.00346666
48	9	-5816.97	5.22505	-0.00272592
49	9	-4638.7	-39.5962	-0.00325674
0	10	-360.753	7.7279	-1.03207e-12
1	10	-2439.58	10.5474	-0.597535
2	10	-4278.83	12.3073	-0.291071
3	10	-5741.81	12.8713	0.129125
4	10	-6679.99	12.2157	0.616965
5	10	-6991.08	10.4035	1.10975
6	10	-6650.85	7.65278	1.544
7	10	-5673.95	4.21896	1.86685
8	10	-4148.71	0.387957	2.03975
9	10	-2233.71	-3.47305	2.03983
10	10	-104.491	-7.01787	1.86248
11	10	2038.19	-9.94322	1.52058
12	10	3992.36	-11.9416	1.04242
13	10	5581.88	-12.843	0.471221
14	10	6653.24	-12.5869	-0.141488
15	10	7102.45	-11.1871	-0.741092
16	10	6890.07	-8.77244	-1.27359
17	10	6032.5	-5.55359	-1.69125
18	10	4621.53	-1.80988	-1.956
19	10	2787.06	2.09995	-2.04282
20	10	691.774	5.82045	-1.94381
21	10	-1472.36	9.00528	-1.66794
22	10	-3497.88	11.3553	-1.24053
23	10	-5200.58	12.6923	-0.701158
24	10	-6424.03	12.878	-0.0977973
25	10	-7054.95	11.8763	0.514656
26	10	-7034.5	9.79198	1.07942
27	10	-6376.09	6.84122	1.54509
28	10	-5142.53	3.242	1.87086
29	10	-3447.51	-0.698221	2.0262
30	10	-1467.88	-4.60154	1.99379
31	10	611.579	-8.09406	1.77492
32	10	2619.2	-10.8511	1.38935
33	10	4388.46	-12.595	0.871918
34	10	5744.49	-13.1364	0.271136
35	10	6573.35	-12.4598	-0.355157
36	10	6809.82	-10.6374	-0.948325
37	10	6432.78	-7.82527	-1.45431
38	10	5473.36	-4.2759	-1.8265
39	10	4023.26	-0.341553	-2.02947
40	10	2231.79	3.61387	-2.04495
41	10	249.104	7.20785	-1.87258
42	10	-1750.1	10.0976	-1.53006
43	10	-3588.66	12.0265	-1.05092
44	10	-5093.47	12.8258	-0.480335
45	10	-6123.23	12.4292	0.128676
46	10	-6600.92	10.8531	0.719745
47	10	-6493.45	8.29239	1.23683
48	10	-5817.32	5.22535	1.63169
49	10	-4638.97	-39.5981	1.87948
0	11	-356.312	7.62224	-1.56126
1	11	-2377.6	10.3726	-1.85568
2	11	-4165.88	12.0673	-1.10895
3	11	-5588.15	12.5926	-0.142534
4	11	-6500.12	11.9341	0.933399
5	11	-6802.36	10.1553	1.99138
6	11	-6470.99	7.46825	2.90963
7	11	-5520.34	4.12014	3.58959
8	11	-4036.38	0.387933	3.96034
9	11	-2173.15	-3.37165	3.98048
10	11	-101.632	-6.82239	3.64394
11	11	1982.78	-9.66984	2.9784
12	11	3883.93	-11.615	2.04115
13	11	5430.38	-12.4927	0.918202
14	11	6472.56	-12.2441	-0.288262
15	11	6909.51	-10.8826	-1.46991
16	11	6702.85	-8.53365	-2.51969
17	11	5868.41	-5.40223	-3.34294
18	11	4495.65	-1.76025	-3.86452
19	11	2711	2.04334	-4.03505
20	11	672.585	5.66273	-3.8387
21	11	-1432.81	8.76092	-3.29338
22	11	-3403.27	11.047	-2.44938
23	11	-5059.64	12.3473	-1.38467
24	11	-6249.68	12.5278	-0.194138
25	11	-6863.27	11.5534	1.01388
26	11	-6843.33	9.52574	2.12776
27	11	-6202.82	6.65497	3.04609
28	11	-5002.79	3.15318	3.68814
29	11	-3354.01	-0.679701	3.99335
30	11	-1428.39	-4.47642	3.92866
31	11	594.416	-7.87364	3.49696
32	11	2547.38	-10.5553	2.73698
33	11	4268.36	-12.2515	1.71788
34	11	5587.3	-12.7783	0.534869
35	11	6393.72	-12.1207	-0.698763
36	11	6623.92	-10.3481	-1.86816
37	11	6257.21	-7.61249	-2.8661
38	11	5323.91	-4.15986	-3.6001
39	11	3913.27	-0.33271	-4.00083
40	11	2170.63	3.51532	-4.0322
41	11	241.8	7.01202	-3.69274
42	11	-1703.17	9.82369	-3.01678
43	11	-3491.86	11.7003	-2.07056
44	11	-4955.76	12.4776	-0.943638
45	11	-5957.25	12.0912	0.258689
46	11	-6421.74	10.5575	1.42464
47	11	-6317.2	8.06665	2.44367
48	11	-5659.61	5.0837	3.22196
49	11	-4513.21	-38.5236	3.71143
0	12	-343.097	7.3525	-3.08407
1	12	-2251.48	9.94679	-3.09663
2	12	-3939.85	11.5155	-1.93547
3	12	-5282.59	11.9779	-0.442273
4	12	-6143.51	11.3295	1.20166
5	12	-6428.67	9.63046	2.80356
6	12	-6115.16	7.07959	4.18609
7	12	-5216.6	3.90823	5.20825
8	12	-3814.32	0.376447	5.76902
9	12	-2053.55	-3.17923	5.81002
10	12	-96.0239	-6.44189	5.32438
11	12	1873.51	-9.13401	4.35397
12	12	3669.97	-10.973	2.98346
13	12	5131.25	-11.803	1.33955
14	12	6115.9	-11.5686	-0.427678
15	12	6528.78	-10.2825	-2.15923
16	12	6333.49	-8.06299	-3.69777
17	12	5544.82	-5.10403	-4.90418
18	12	4247.58	-1.66275	-5.66831
19	12	2561.28	1.93109	-5.91782
20	12	635.143	5.35096	-5.62943
21	12	-1354.27	8.27839	-4.8295
22	12	-3216.09	10.4383	-3.59178
23	12	-4781.11	11.6667	-2.0306
24	12	-5905.42	11.8372	-0.285332
25	12	-6485.06	10.9166	1.48538
26	12	-6466.2	9.00072	3.11815
27	12	-5860.96	6.28789	4.46425
28	12	-4727.03	2.97867	5.40511
29	12	-3169.26	-0.642735	5.85183
30	12	-1350.01	-4.22964	5.75647
31	12	561.153	-7.43917	5.12362
32	12	2406.4	-9.9727	4.01
33	12	4032.35	-11.5752	2.51701
34	12	5278.36	-12.0731	0.784067
35	12	6040.4	-11.4522	-1.0233
36	12	6258.05	-9.77758	-2.73708
37	12	5911.67	-7.19287	-4.19981
38	12	5029.82	-3.93077	-5.27571
39	12	3696.98	-0.314785	-5.86337
40	12	2050.54	3.32125	-5.90979
41	12	227.975	6.62557	-5.41251
42	12	-1609.87	9.28273	-4.42151
43	12	-3300.11	11.056	-3.0338
44	12	-4683.27	11.7902	-1.38112
45	12	-5629.24	11.4247	0.38188
46	12	-6067.95	9.97488	2.09103
47	12	-5969.19	7.62171	3.58415
48	12	-5348.06	4.80389	4.72473
49	12	-4264.79	-36.4017	5.44269
0	13	-321.433	6.94161	-4.53095
1	13	-2064.47	9.28482	-4.30337
2	13	-3606.66	10.6629	-2.7601
3	13	-4833.24	11.0387	-0.766642
4	13	-5619.72	10.414	1.41397
5	13	-5880.04	8.84024	3.52533
6	13	-5592.94	6.49532	5.34011
7	13	-4770.95	3.58769	6.67999
8	13	-3488.5	0.353041	7.41753
9	13	-1878.13	-2.90157	7.47942
10	13	-87.8364	-5.88709	6.85865
11	13	1713.32	-8.35047	5.61029
12	13	3356.28	-10.0332	3.84403
13	13	4692.63	-10.7926	1.72396
14	13	5592.96	-10.5786	-0.555861
15	13	5970.58	-9.40285	-2.79017
16	13	5791.99	-7.37328	-4.77565
17	13	5070.53	-4.66717	-6.33242
18	13	3884.09	-1.5201	-7.31826
19	13	2341.99	1.76621	-7.63986
20	13	580.506	4.89363	-7.26728
21	13	-1238.83	7.57077	-6.23453
22	13	-2941.39	9.54571	-4.63664
23	13	-4372.54	10.6689	-2.62145
24	13	-5400.59	10.8248	-0.368964
25	13	-5930.58	9.98311	1.91633
26	13	-5913.34	8.23113	4.02369
27	13	-5359.79	5.74997	5.76104
28	13	-4322.75	2.72325	6.97518
29	13	-2898.31	-0.588244	7.55116
30	13	-1234.87	-3.86786	7.42754
31	13	512.715	-6.80253	6.61079
32	13	2200.12	-9.11918	5.1739
33	13	3686.87	-10.5845	3.24767
34	13	4826.14	-11.0398	1.01199
35	13	5523.04	-10.4724	-1.31992
36	13	5722.2	-8.94135	-3.53141
37	13	5405.58	-6.57779	-5.41921
38	13	4599.15	-3.59481	-6.80783
39	13	3380.34	-0.288254	-7.56646
40	13	1874.81	3.03694	-7.62678
41	13	208.051	6.059	-6.98522
42	13	-1472.69	8.48937	-5.70615
43	13	-3018.54	10.1112	-3.91458
44	13	-4283.34	10.7823	-1.78092
45	13	-5148.12	10.4475	0.494884
46	13	-5549.17	9.12127	2.70077
47	13	-5458.86	6.96964	4.62727
48	13	-4891.08	4.39344	6.09913
49	13	-3900.4	-33.29	7.02615
0	14	-291.855	6.42364	-5.86625
1	14	-1821.36	8.40523	-5.46965
2	14	-3175.07	9.52487	-3.57437
3	14	-4252.12	9.79286	-1.10924
4	14	-4942.83	9.20737	1.56673
5	14	-5171.27	7.80294	4.14019
6	14	-4918.48	5.72941	6.343
7	14	-4195.49	3.1661	7.96677
8	14	-3067.75	0.317694	8.86244
9	14	-1651.61	-2.54665	8.94434
10	14	-77.2915	-5.17338	8.20579
11	14	1506.56	-7.34068	6.7137
12	14	2951.37	-8.82109	4.59982
13	14	4126.44	-9.48922	2.06123
14	14	4917.98	-9.30123	-0.669172
15	14	5250.08	-8.26773	-3.3454
16	14	5093.04	-6.48325	-5.72381
17	14	4458.44	-4.10355	-7.58869
18	14	3415.09	-1.33623	-8.7694
19	14	2059.12	1.55321	-9.15426
20	14	510.192	4.3032	-8.70766
21	14	-1089.59	6.65723	-7.47018
22	14	-2586.65	8.3936	-5.55558
23	14	-3845.02	9.3811	-3.14121
24	14	-4748.86	9.51831	-0.442779
25	14	-5214.9	8.77831	2.29504
26	14	-5199.75	7.23785	4.81979
27	14	-4712.92	5.05581	6.90128
28	14	-3800.96	2.39393	8.35569
29	14	-2548.52	-0.517603	9.04512
30	14	-1086.06	-3.40095	8.89657
31	14	450.442	-5.98109	7.91816
32	14	1934.16	-8.01798	6.19714
33	14	3241.39	-9.30634	3.89006
34	14	4242.97	-9.70668	1.21243
35	14	4855.78	-9.2081	-1.58053
36	14	5030.99	-7.8621	-4.22962
37	14	4752.7	-5.78393	-6.49121
38	14	4043.65	-3.16112	-8.15483
39	14	2971.94	-0.253777	-9.06386
40	14	1648.24	2.67014	-9.13652
41	14	182.614	5.32774	-8.36817
42	14	-1295.34	7.46512	-6.83578
43	14	-2654.73	8.89135	-4.68902
44	14	-3766.81	9.48122	-2.13223
45	14	-4526.95	9.18644	0.594572
46	14	-4879.48	8.01989	3.2372
47	14	-4800.09	6.12819	5.5447
48	14	-4301.06	3.86347	7.30777
49	14	-3429.91	-29.273	8.41869
0	15	-255.091	5.84868	-7.05711
1	15	-1528.32	7.32539	-6.6102
2	15	-2656.45	8.11766	-4.37104
3	15	-3554.81	8.26405	-1.45849
4	15	-4131.12	7.73662	1.66182
5	15	-4321.55	6.54382	4.63672
6	15	-4110.07	4.80122	7.17135
7	15	-3505.85	2.65411	9.03619
8	15	-2563.49	0.270906	10.0662
9	15	-1380.13	-2.1244	10.1662
10	15	-64.6585	-4.32033	9.32999
11	15	1258.82	-6.13215	7.63475
12	15	2466.2	-7.36976	5.23068
13	15	3448.04	-7.92822	2.34247
14	15	4109.3	-7.7712	-0.764315
15	15	4386.82	-6.90796	-3.8096
16	15	4255.6	-5.41709	-6.51628
17	15	3725.2	-3.42852	-8.63865
18	15	2853.35	-1.1162	-9.98217
19	15	1720.36	1.29789	-10.4198
20	15	426.122	3.59572	-9.91134
21	15	-910.605	5.56263	-8.50277
22	15	-2161.49	7.01327	-6.32356
23	15	-3212.87	7.83837	-3.57573
24	15	-3967.99	7.95306	-0.504681
25	15	-4357.46	7.33487	2.61129
26	15	-4344.78	6.04783	5.48484
27	15	-3937.92	4.22428	7.854
28	15	-3175.86	1.99974	9.50914
29	15	-2129.41	-0.432714	10.2932
30	15	-907.622	-2.84163	10.1238
31	15	376.055	-4.99721	9.01031
32	15	1615.79	-6.69905	7.05197
33	15	2708.01	-7.77556	4.42677
34	15	3544.71	-8.10995	1.37991
35	15	4056.79	-7.69362	-1.79817
36	15	4203.22	-6.56917	-4.81284
37	15	3970.79	-4.83285	-7.38671
38	15	3378.39	-2.64144	-9.28021
39	15	2482.91	-0.212252	-10.315
40	15	1377.01	2.23086	-10.3979
41	15	152.353	4.45165	-9.52372
42	15	-1082.6	6.2378	-7.7796
43	15	-2218.51	7.42961	-5.33602
44	15	-3147.7	7.9223	-2.42559
45	15	-3782.61	7.67565	0.678135
46	15	-4077.09	6.70069	3.68559
47	15	-4010.8	5.12026	6.31138
48	15	-3593.99	3.22838	8.31771
49	15	-2866.08	-24.4599	9.58235
0	16	-212.045	5.29287	-8.07421
1	16	-1192.61	6.05039	-7.78167
2	16	-2064.44	6.45519	-5.13894
3	16	-2760.04	6.48136	-1.7937
4	16	-3206.57	6.0364	1.70762
5	16	-3353.98	5.09502	5.00886
6	16	-3189.7	3.7352	7.80734
7	16	-2720.77	2.06531	9.86216
8	16	-1989.44	0.213789	10.998
9	16	-1071.07	-1.64633	11.1129
10	16	-50.2508	-3.35114	10.2015
11	16	976.845	-4.75772	8.34891
12	16	1913.93	-5.71855	5.71983
13	16	2675.85	-6.15204	2.56036
14	16	3188.9	-6.03017	-0.838457
15	16	3404.26	-5.36052	-4.17
16	16	3302.42	-4.2037	-7.13137
17	16	2890.75	-2.66041	-9.4536
18	16	2214.14	-0.866005	-10.9234
19	16	1334.9	1.0072	-11.4019
20	16	330.569	2.79042	-10.8455
21	16	-706.742	4.31675	-9.30415
22	16	-1677.45	5.4423	-6.9196
23	16	-2493.29	6.08261	-3.91307
24	16	-3079.21	6.17162	-0.552846
25	16	-3381.52	5.69201	2.85654
26	16	-3371.67	4.69334	6.00081
27	16	-3055.85	3.27798	8.59331
28	16	-2464.45	1.55146	10.4042
29	16	-1652.4	-0.335926	11.2615
30	16	-704.428	-2.2051	11.076
31	16	291.607	-3.87767	9.85766
32	16	1253.68	-5.19825	7.71523
33	16	2101.2	-6.03369	4.84324
34	16	2750.38	-6.29306	1.50983
35	16	3147.76	-5.97015	-1.96703
36	16	3261.43	-5.0977	-5.26533
37	16	3081.14	-3.75035	-8.08151
38	16	2621.46	-2.04989	-10.1534
39	16	1926.55	-0.164829	-11.2857
40	16	1068.45	1.73106	-11.3767
41	16	118.082	3.45452	-10.4204
42	16	-840.274	4.84078	-8.51196
43	16	-1721.79	5.7657	-5.83799
44	16	-2442.83	6.14789	-2.65306
45	16	-2935.37	5.95628	0.743138
46	16	-3163.84	5.19953	4.03365
47	16	-3112.43	3.97325	6.90633
48	16	-2789.1	2.5054	9.10141
49	16	-2224.23	-18.9815	10.4854
0	17	-163.779	4.87988	-8.89248
1	17	-822.17	4.54715	-9.12824
2	17	-1414.62	4.5458	-5.84496
3	17	-1889.26	4.48088	-2.07916
4	17	-2194.29	4.14959	1.71932
5	17	-2294.91	3.49535	5.2554
6	17	-2182.42	2.56057	8.23862
7	17	-1861.57	1.41601	10.4252
8	17	-1361.19	0.148121	11.6342
9	17	-732.836	-1.12525	11.7599
10	17	-34.4323	-2.29201	10.7972
11	17	668.32	-3.25465	8.8372
12	17	1309.54	-3.91225	6.05429
13	17	1830.83	-4.2089	2.70927
14	17	2181.78	-4.12548	-0.889341
15	17	2329.11	-3.66746	-4.41665
16	17	2259.44	-2.87605	-7.55227
17	17	1977.75	-1.82009	-10.0112
18	17	1514.82	-0.59242	-11.5674
19	17	913.229	0.689087	-12.074
20	17	226.111	1.9092	-11.4848
21	17	-483.569	2.95347	-9.85249
22	17	-1147.7	3.72343	-7.32739
23	17	-1705.87	4.16153	-4.14391
24	17	-2106.72	4.22242	-0.585866
25	17	-2313.6	3.89438	3.02422
26	17	-2306.83	3.21115	6.35375
27	17	-2090.71	2.24265	9.09911
28	17	-1686.07	1.06129	11.0165
29	17	-1130.48	-0.2299	11.9239
30	17	-482.008	-1.50864	11.7273
31	17	199.395	-2.65287	10.4373
32	17	857.629	-3.55636	8.16896
33	17	1437.43	-4.128	5.12816
34	17	1881.54	-4.30535	1.59866
35	17	2153.42	-4.08452	-2.08254
36	17	2231.2	-3.4877	-5.57486
37	17	2107.91	-2.56587	-8.55685
38	17	1793.43	-1.40254	-10.7507
39	17	1317.99	-0.11283	-11.9498
40	17	730.942	1.1843	-12.0463
41	17	80.7129	2.36347	-11.0337
42	17	-574.976	3.31204	-9.01301
43	17	-1178.11	3.94485	-6.18133
44	17	-1671.39	4.20627	-2.8086
45	17	-2008.29	4.07509	0.78767
46	17	-2164.58	3.55722	4.27185
47	17	-2129.42	2.71834	7.31336
48	17	-1908.29	1.71421	9.63755
49	17	-1521.83	-12.9868	11.1032
0	18	-111.479	4.82769	-9.4918
1	18	-424.9	2.68279	-10.9839
2	18	-724.209	2.39581	-6.37996
3	18	-966.132	2.31032	-2.25837
4	18	-1121.86	2.12846	1.71666
5	18	-1173.21	1.79005	5.37842
6	18	-1115.68	1.31062	8.45776
7	18	-951.658	0.724827	10.7123
8	18	-695.857	0.0763122	11.9591
9	18	-374.635	-0.57487	12.0904
10	18	-17.6217	-1.17143	11.1016
11	18	341.636	-1.66363	9.08672
12	18	669.455	-1.99987	6.22521
13	18	935.938	-2.15154	2.78534
14	18	1115.32	-2.10888	-0.915394
15	18	1190.63	-1.87478	-4.54275
16	18	1155.02	-1.47023	-7.76745
17	18	1011.02	-0.930399	-10.2963
18	18	774.357	-0.302826	-11.8966
19	18	466.808	0.352249	-12.4175
20	18	115.57	0.976009	-11.8116
21	18	-247.2	1.50984	-10.1328
22	18	-586.702	1.90339	-7.53582
23	18	-872.04	2.12736	-4.26192
24	18	-1076.95	2.15848	-0.602784
25	18	-1182.71	1.99082	3.10988
26	18	-1179.25	1.64157	6.53414
27	18	-1068.75	1.14642	9.35767
28	18	-861.901	0.542472	11.3295
29	18	-577.878	-0.117545	12.2625
30	18	-246.417	-0.771206	12.0602
31	18	101.893	-1.3561	10.7336
32	18	438.382	-1.81797	8.4009
33	18	734.753	-2.11021	5.27379
34	18	961.771	-2.20082	1.64403
35	18	1100.76	-2.08798	-2.14158
36	18	1140.51	-1.78291	-5.73308
37	18	1077.51	-1.31165	-8.79983
38	18	916.763	-0.716996	-11.056
39	18	673.715	-0.0576927	-12.2893
40	18	373.638	0.605397	-12.3886
41	18	41.2375	1.20819	-11.3473
42	18	-293.955	1.69315	-9.26913
43	18	-602.275	2.01663	-6.35683
44	18	-854.434	2.15026	-2.88812
45	18	-1026.62	2.08317	0.810461
46	18	-1106.5	1.81838	4.39366
47	18	-1088.54	1.38961	7.52142
48	18	-975.516	0.876316	9.91167
49	18	-777.96	-6.6389	11.419
0	19	0	0	-9.85739
1	19	0	0	-0.182487
2	19	0	0	-0.105925
3	19	0	0	-0.0374235
4	19	0	0	0.0286513
5	19	0	0	0.089536
6	19	0	0	0.140737
7	19	0	0	0.178225
8	19	0	0	0.198961
9	19	0	0	0.201141
10	19	0	0	0.184687
11	19	0	0	0.151166
12	19	0	0	0.103562
13	19	0	0	0.0463342
14	19	0	0	-0.0152328
15	19	0	0	-0.0755745
16	19	0	0	-0.129217
17	19	0	0	-0.171285
18	19	0	0	-0.197903
19	19	0	0	-0.206573
20	19	0	0	-0.196497
21	19	0	0	-0.168562
22	19	0	0	-0.125357
23	19	0	0	-0.0708985
24	19	0	0	-0.0100288
25	19	0	0	0.0517266
26	19	0	0	0.108689
27	19	0	0	0.155661
28	19	0	0	0.18846
29	19	0	0	0.203984
30	19	0	0	0.200622
31	19	0	0	0.178559
32	19	0	0	0.139755
33	19	0	0	0.0877302
34	19	0	0	0.0273483
35	19	0	0	-0.0356277
36	19	0	0	-0.0953721
37	19	0	0	-0.146385
38	19	0	0	-0.183911
39	19	0	0	-0.204425
40	19	0	0	-0.206077
41	19	0	0	-0.188757
42	19	0	0	-0.154187
43	19	0	0	-0.105738
44	19	0	0	-0.0480337
45	19	0	0	0.0134939
46	19	0	0	0.0731015
47	19	0	0	0.125129
48	19	0	0	0.164888
49	19	0	0	0.189963
