0	0	0	0	9.78593
1	0	0	0	9.45453
2	0	0	0	8.09431
3	0	0	0	5.90546
4	0	0	0	3.11451
5	0	0	0	-0.00577392
6	0	0	0	-3.15272
7	0	0	0	-6.02614
8	0	0	0	-8.35036
9	0	0	0	-9.90553
10	0	0	0	-10.5421
11	0	0	0	-10.1987
12	0	0	0	-8.90505
13	0	0	0	-6.77758
14	0	0	0	-4.01361
15	0	0	0	-0.863301
16	0	0	0	2.37921
17	0	0	0	5.41383
18	0	0	0	7.94787
19	0	0	0	9.72751
20	0	0	0	10.5669
21	0	0	0	10.3685
22	0	0	0	9.15819
23	0	0	0	7.07953
24	0	0	0	4.3743
25	0	0	0	1.3365
26	0	0	0	-1.7488
27	0	0	0	-4.63356
28	0	0	0	-7.10445
29	0	0	0	-8.98751
30	0	0	0	-10.1525
31	0	0	0	-10.5306
32	0	0	0	-10.1438
33	0	0	0	-9.06396
34	0	0	0	-7.37687
35	0	0	0	-5.21234
36	0	0	0	-2.73361
37	0	0	0	-0.110751
38	0	0	0	2.48117
39	0	0	0	4.87644
40	0	0	0	6.92489
41	0	0	0	8.50044
42	0	0	0	9.51389
43	0	0	0	9.90264
44	0	0	0	9.63783
45	0	0	0	8.73862
46	0	0	0	7.24525
47	0	0	0	5.20902
48	0	0	0	2.73587
49	0	0	0	0
0	1	-56.4342	0.183723	9.70365
1	1	-351.23	0.786135	9.24447
2	1	-610.969	1.27039	7.8984
3	1	-813.687	1.62175	5.76207
4	1	-940.818	1.81387	3.04325
5	1	-980.736	1.82967	0.00535942
6	1	-929.809	1.67075	-3.05769
7	1	-793.113	1.35146	-5.85403
8	1	-583.06	0.904272	-8.1158
9	1	-319.917	0.370132	-9.62932
10	1	-27.3332	-0.199809	-10.2493
11	1	266.187	-0.752313	-9.9161
12	1	534.448	-1.23723	-8.65872
13	1	750.886	-1.60736	-6.59055
14	1	896.07	-1.83201	-3.90326
15	1	955.709	-1.88562	-0.840199
16	1	924.402	-1.76471	2.31247
17	1	806.788	-1.4736	5.26331
18	1	614.066	-1.03489	7.72737
19	1	366.961	-0.488087	9.45792
20	1	86.7718	0.1154	10.2743
21	1	-203.483	0.703916	10.0816
22	1	-482.832	1.20888	8.90506
23	1	-732.566	1.57325	6.88411
24	1	-930.414	1.76664	4.25372
25	1	-1052.98	1.79425	1.30011
26	1	-1079.55	1.67762	-1.69975
27	1	-998.265	1.43694	-4.5049
28	1	-814.403	1.09508	-6.90751
29	1	-548.301	0.677506	-8.73869
30	1	-223.628	0.219846	-9.8721
31	1	130.309	-0.224948	-10.2401
32	1	478.333	-0.62795	-9.8642
33	1	785.184	-0.981098	-8.81441
34	1	1012.29	-1.25875	-7.17371
35	1	1132.19	-1.44149	-5.06846
36	1	1138.14	-1.52532	-2.65773
37	1	1028.22	-1.50736	-0.106996
38	1	807.471	-1.393	2.41336
39	1	500.641	-1.1913	4.74232
40	1	145.866	-0.916267	6.7343
41	1	-218.219	-0.589371	8.26658
42	1	-556.004	-0.226067	9.25186
43	1	-827.307	0.154004	9.62912
44	1	-991.432	0.522937	9.37084
45	1	-1027.13	0.868459	8.49619
46	1	-931.901	1.18417	7.04423
47	1	-710.252	1.43826	5.06445
48	1	-384.663	1.59105	2.65986
49	1	0	7.07573e-08	0
0	2	-111.479	0.440331	9.22231
1	2	-687.286	1.55132	8.7942
2	2	-1195.19	2.48938	7.50843
3	2	-1591.66	3.17489	5.47948
4	2	-1840.3	3.54999	2.90265
5	2	-1918.36	3.58044	0.026221
6	2	-1818.75	3.2692	-2.87246
7	2	-1551.36	2.64437	-5.51789
8	2	-1140.53	1.76945	-7.65735
9	2	-625.807	0.724488	-9.08931
10	2	-53.5653	-0.390347	-9.67666
11	2	520.569	-1.4712	-9.36346
12	2	1045.28	-2.41963	-8.17697
13	2	1468.6	-3.14369	-6.22461
14	2	1752.66	-3.58317	-3.68725
15	2	1869.29	-3.68799	-0.794849
16	2	1808.13	-3.45169	2.18224
17	2	1578.15	-2.88228	4.96905
18	2	1201.17	-2.02421	7.29611
19	2	717.889	-0.954789	8.93069
20	2	169.866	0.225609	9.70216
21	2	-397.839	1.37662	9.52053
22	2	-944.212	2.36432	8.40988
23	2	-1432.75	3.07711	6.50181
24	2	-1819.73	3.45527	4.01791
25	2	-2059.45	3.50932	1.22883
26	2	-2111.54	3.28136	-1.60402
27	2	-1952.61	2.81056	-4.25339
28	2	-1592.99	2.14199	-6.52249
29	2	-1072.58	1.32548	-8.2521
30	2	-437.481	0.430224	-9.32343
31	2	254.892	-0.439853	-9.67184
32	2	935.525	-1.22811	-9.31731
33	2	1535.68	-1.91909	-8.32606
34	2	1979.96	-2.46233	-6.7761
35	2	2214.57	-2.81972	-4.78697
36	2	2226.33	-2.98363	-2.50934
37	2	2011.41	-2.94832	-0.0997429
38	2	1579.58	-2.72454	2.28056
39	2	979.388	-2.33016	4.47987
40	2	285.431	-1.79231	6.3614
41	2	-426.841	-1.15267	7.80895
42	2	-1087.7	-0.441743	8.73916
43	2	-1618.41	0.301677	9.09414
44	2	-1939.4	1.02299	8.84875
45	2	-2009.23	1.69856	8.02213
46	2	-1822.95	2.31603	6.65114
47	2	-1389.28	2.81301	4.78178
48	2	-752.336	3.11174	2.51127
49	2	0	1.46673e-07	0
0	3	-163.779	0.678039	8.51123
1	3	-1005.03	2.28219	8.1199
2	3	-1747.24	3.64712	6.93139
3	3	-2326.63	4.64692	5.0625
4	3	-2690	5.19383	2.69435
5	3	-2804.05	5.23727	0.0545341
6	3	-2658.46	4.78139	-2.60338
7	3	-2267.62	3.86737	-5.02784
8	3	-1667.19	2.58801	-6.98816
9	3	-914.844	1.06021	-8.30058
10	3	-78.5029	-0.569455	-8.84005
11	3	760.674	-2.14955	-8.55578
12	3	1527.6	-3.53582	-7.47281
13	3	2146.33	-4.59431	-5.68954
14	3	2561.61	-5.23676	-3.37124
15	3	2732.07	-5.38999	-0.728296
16	3	2642.81	-5.0449	1.99233
17	3	2306.77	-4.21264	4.53928
18	3	1755.8	-2.95867	6.66605
19	3	1049.59	-1.39581	8.16038
20	3	248.622	0.329495	8.86599
21	3	-581.108	2.01163	8.70049
22	3	-1379.62	3.45522	7.6861
23	3	-2093.77	4.49721	5.94284
24	3	-2659.42	5.04984	3.67311
25	3	-3009.82	5.12891	1.12436
26	3	-3086.19	4.79605	-1.46447
27	3	-2854.02	4.10784	-3.886
28	3	-2328.37	3.13082	-5.96003
29	3	-1567.89	1.93796	-7.54111
30	3	-639.597	0.629406	-8.52136
31	3	372.531	-0.642541	-8.84107
32	3	1367.23	-1.7948	-8.51773
33	3	2244.31	-2.8052	-7.61181
34	3	2893.77	-3.59953	-6.19454
35	3	3236.88	-4.12186	-4.3754
36	3	3254.37	-4.36124	-2.29246
37	3	2940.4	-4.3092	-0.0893654
38	3	2309.14	-3.98195	2.08612
39	3	1431.85	-3.40588	4.09606
40	3	417.484	-2.6199	5.81614
41	3	-623.89	-1.68449	7.13963
42	3	-1590.18	-0.644679	7.98938
43	3	-2365.99	0.441981	8.31218
44	3	-2835.09	1.49558	8.08595
45	3	-2937.15	2.48237	7.32957
46	3	-2664.83	3.38477	6.07683
47	3	-2030.71	4.1111	4.36886
48	3	-1099.51	4.54748	2.29428
49	3	0	2.21494e-07	0
0	4	-212.045	0.89525	7.59053
1	4	-1295.92	2.95773	7.24044
2	4	-2252.22	4.71351	6.17983
3	4	-2998.73	5.99974	4.51909
4	4	-3466.9	6.70246	2.42111
5	4	-3613.8	6.75649	0.0871952
6	4	-3426.16	6.16726	-2.25956
7	4	-2922.46	4.98797	-4.39848
8	4	-2148.74	3.33823	-6.12731
9	4	-1179.2	1.36857	-7.28514
10	4	-101.475	-0.732019	-7.76251
11	4	979.961	-2.76871	-7.51516
12	4	1968.28	-4.55534	-6.56534
13	4	2765.64	-5.9197	-4.99974
14	4	3300.91	-6.74773	-2.96362
15	4	3520.62	-6.94537	-0.642
16	4	3405.79	-6.50098	1.74817
17	4	2972.83	-5.42849	3.98598
18	4	2262.97	-3.81295	5.85479
19	4	1353.14	-1.79917	7.16822
20	4	320.966	0.424151	7.78859
21	4	-748.215	2.5916	7.64383
22	4	-1777.16	4.45189	6.75331
23	4	-2697.59	5.79488	5.22217
24	4	-3426.65	6.50701	3.22842
25	4	-3878.28	6.60899	0.989304
26	4	-3977.01	6.18048	-1.28518
27	4	-3678.03	5.29359	-3.41286
28	4	-3000.59	4.03474	-5.23548
29	4	-2020.73	2.49836	-6.62524
30	4	-824.495	0.812183	-7.48772
31	4	480.01	-0.82739	-7.77007
32	4	1761.76	-2.31272	-7.48681
33	4	2891.82	-3.61545	-6.69076
34	4	3728.82	-4.63954	-5.4446
35	4	4171.34	-5.31269	-3.84477
36	4	4194.42	-5.62079	-2.01303
37	4	3790.03	-5.55298	-0.0763896
38	4	2976.45	-5.1311	1.83505
39	4	1845.87	-4.3893	3.60113
40	4	538.532	-3.37657	5.11307
41	4	-804.008	-2.1703	6.27637
42	4	-2049.86	-0.829218	7.02251
43	4	-3049.87	0.571334	7.30443
44	4	-3654.34	1.92802	7.1034
45	4	-3785.81	3.19857	6.43762
46	4	-3434.76	4.36124	5.33718
47	4	-2617.16	5.29717	3.83714
48	4	-1416.8	5.85915	2.01494
49	4	0	2.90596e-07	0
0	5	-255.091	1.08959	6.48293
1	5	-1552.14	3.56057	6.17794
2	5	-2696.48	5.66113	5.27055
3	5	-3589.75	7.19822	3.8601
4	5	-4149.93	8.03627	2.08685
5	5	-4325.63	8.09786	0.120484
6	5	-4101	7.38992	-1.85251
7	5	-3498.1	5.97624	-3.64851
8	5	-2572.09	4.00009	-5.09927
9	5	-1411.7	1.64143	-6.07132
10	5	-121.845	-0.873462	-6.4737
11	5	1172.48	-3.31175	-6.2701
12	5	2355.35	-5.45041	-5.47925
13	5	3309.73	-7.08375	-4.17382
14	5	3950.47	-8.075	-2.47527
15	5	4213.52	-8.31182	-0.537973
16	5	4076.33	-7.78033	1.45674
17	5	3558.28	-6.49687	3.32454
18	5	2708.92	-4.56382	4.8846
19	5	1620.21	-2.15381	5.98123
20	5	384.916	0.506944	6.49943
21	5	-894.571	3.10075	6.37932
22	5	-2126.06	5.32728	5.63669
23	5	-3227.78	6.93475	4.3592
24	5	-4100.5	7.78715	2.69572
25	5	-4641.22	7.90934	0.827097
26	5	-4759.74	7.39691	-1.07124
27	5	-4402.22	6.33561	-2.84705
28	5	-3591.45	4.82928	-4.36859
29	5	-2418.79	2.99145	-5.52935
30	5	-987.07	0.973601	-6.25052
31	5	574.462	-0.989328	-6.48764
32	5	2108.43	-2.76782	-6.25222
33	5	3460.61	-4.32788	-5.58772
34	5	4462.37	-5.55417	-4.54642
35	5	4992.55	-6.35992	-3.20937
36	5	5020.91	-6.72801	-1.67878
37	5	4537.19	-6.64581	-0.0614348
38	5	3563.42	-6.14081	1.53401
39	5	2210.31	-5.25372	3.00836
40	5	645.346	-4.04165	4.27098
41	5	-962.277	-2.59688	5.24221
42	5	-2454.24	-0.99038	5.86446
43	5	-3651.55	0.686277	6.09811
44	5	-4375	2.30866	5.92796
45	5	-4532.22	3.8277	5.37087
46	5	-4111.87	5.21884	4.4526
47	5	-3132.79	6.33895	3.20128
48	5	-1695.64	7.01112	1.68097
49	5	0	3.50851e-07	0
0	6	-291.855	1.25898	5.21569
1	6	-1766.8	4.07631	4.95802
2	6	-3068	6.46591	4.22393
3	6	-4083.66	8.21119	3.09894
4	6	-4720.55	9.16003	1.69667
5	6	-4920.19	9.2256	0.150304
6	6	-4664.63	8.41656	-1.3957
7	6	-3978.87	6.80555	-2.79999
8	6	-2925.7	4.55576	-3.93315
9	6	-1605.97	1.87143	-4.69282
10	6	-139.019	-0.989889	-5.00913
11	6	1333.02	-3.7639	-4.85462
12	6	2678.37	-6.19674	-4.2441
13	6	3763.81	-8.05483	-3.23421
14	6	4492.68	-9.18256	-1.91925
15	6	4791.97	-9.45219	-0.418874
16	6	4636.17	-8.84814	1.1262
17	6	4047.19	-7.38875	2.5732
18	6	3081.46	-5.19075	3.78194
19	6	1843.45	-2.45004	4.63182
20	6	438.697	0.575636	5.03374
21	6	-1016.27	3.52534	4.94133
22	6	-2416.89	6.05766	4.36654
23	6	-3669.94	7.8858	3.37737
24	6	-4662.64	8.85548	2.08925
25	6	-5277.93	8.99465	0.641906
26	6	-5413.08	8.41217	-0.828576
27	6	-5006.83	7.20551	-2.20412
28	6	-4084.88	5.4929	-3.38308
29	6	-2751.24	3.40374	-4.28316
30	6	-1122.79	1.10916	-4.84314
31	6	653.381	-1.12392	-5.0284
32	6	2397.8	-3.14771	-4.84733
33	6	3935.24	-4.92319	-4.33249
34	6	5074.51	-6.31856	-3.52424
35	6	5678.15	-7.23498	-2.48647
36	6	5711.3	-7.65267	-1.29903
37	6	5161.49	-7.55796	-0.0451324
38	6	4054.07	-6.98374	1.19111
39	6	2515.27	-5.9756	2.33371
40	6	735.034	-4.59693	3.31248
41	6	-1094.35	-2.95263	4.06497
42	6	-2792.27	-1.12395	4.54641
43	6	-4154.67	0.783569	4.72583
44	6	-4977.52	2.62716	4.59165
45	6	-5156.1	4.35269	4.1586
46	6	-4677.71	5.93424	3.44741
47	6	-3563.61	7.20813	2.47875
48	6	-1928.56	7.97216	1.30154
49	6	0	4.00021e-07	0
0	7	-321.433	1.40227	3.82003
1	7	-1934.11	4.49356	3.60952
2	7	-3356.71	7.10781	3.06327
3	7	-4467.02	9.01224	2.25124
4	7	-5163.22	10.0438	1.25685
5	7	-5381.29	10.1093	0.172478
6	7	-5101.69	9.2193	-0.90401
7	7	-4351.67	7.45333	-1.8777
8	7	-3199.93	4.99003	-2.66182
9	7	-1756.7	2.05223	-3.18783
10	7	-152.483	-1.07824	-3.40904
11	7	1457.28	-4.11294	-3.30742
12	7	2928.58	-6.7741	-2.89358
13	7	4115.6	-8.80659	-2.20649
14	7	4912.82	-10.0403	-1.31069
15	7	5240.22	-10.3355	-0.288003
16	7	5070.04	-9.67539	0.765516
17	7	4426.17	-8.07978	1.75243
18	7	3370.33	-5.67661	2.57699
19	7	2016.73	-2.67981	3.15694
20	7	480.766	0.628486	3.43153
21	7	-1110.14	3.85397	3.36903
22	7	-2641.82	6.6232	2.97744
23	7	-4012.08	8.62224	2.30339
24	7	-5097.82	9.68296	1.42548
25	7	-5771.05	9.83535	0.438658
26	7	-5919.2	9.1986	-0.56387
27	7	-5475.36	7.87954	-1.50164
28	7	-4467.38	6.00749	-2.30584
29	7	-3008.95	3.72389	-2.92047
30	7	-1227.91	1.21507	-3.30372
31	7	714.602	-1.22744	-3.4319
32	7	2621.98	-3.44204	-3.31011
33	7	4302.85	-5.38527	-2.95894
34	7	5548.65	-6.91186	-2.40578
35	7	6209.44	-7.91386	-1.69589
36	7	6246.68	-8.36955	-0.884375
37	7	5645.87	-8.26475	-0.0280685
38	7	4434.99	-7.637	0.815591
39	7	2752.38	-6.5352	1.5954
40	7	805.123	-5.02715	2.26343
41	7	-1196.57	-3.22788	2.77649
42	7	-3054.67	-1.22651	3.10404
43	7	-4545.49	0.860295	3.2247
44	7	-5445.49	2.87475	3.13079
45	7	-5640.39	4.75928	2.83397
46	7	-5116.82	6.48803	2.34915
47	7	-3897.93	7.88116	1.68929
48	7	-2109.3	8.71626	0.887008
49	7	0	4.36506e-07	0
0	8	-343.097	1.51966	2.3303
1	8	-2049.57	4.80406	2.16384
2	8	-3554.75	7.57113	1.81417
3	8	-4729.41	9.58029	1.33451
4	8	-5465.87	10.6635	0.774834
5	8	-5696.38	10.7246	0.18305
6	8	-5400.26	9.7759	-0.393164
7	8	-4606.31	7.90157	-0.908298
8	8	-3387.28	5.29073	-1.32085
9	8	-1859.74	2.17868	-1.59792
10	8	-161.841	-1.13635	-1.71732
11	8	1541.92	-4.34954	-1.67084
12	8	3099.17	-7.16692	-1.46455
13	8	4355.54	-9.31873	-1.11871
14	8	5199.44	-10.625	-0.666229
15	8	5546.05	-10.9378	-0.148946
16	8	5366.14	-10.2396	0.384495
17	8	4684.87	-8.55117	0.884491
18	8	3567.6	-6.00816	1.30248
19	8	2135.23	-2.83678	1.59679
20	8	509.82	0.664227	1.73635
21	8	-1173.81	4.07786	1.7053
22	8	-2794.84	7.00858	1.50749
23	8	-4244.98	9.12416	1.16664
24	8	-5394.28	10.2471	0.72252
25	8	-6107.14	10.4085	0.222957
26	8	-6264.27	9.73474	-0.284325
27	8	-5794.96	8.33932	-0.758765
28	8	-4728.43	6.35888	-1.16619
29	8	-3184.81	3.943	-1.47839
30	8	-1299.55	1.28836	-1.67417
31	8	756.395	-1.29706	-1.74153
32	8	2774.82	-3.64281	-1.68213
33	8	4553.51	-5.70151	-1.50419
34	8	5871.92	-7.31772	-1.22154
35	8	6571.88	-8.37781	-0.859345
36	8	6612.38	-8.85912	-0.446212
37	8	5977.09	-8.7471	-0.0107891
38	8	4695.72	-8.08284	0.417557
39	8	2915.03	-6.91713	0.813342
40	8	853.638	-5.32048	1.15227
41	8	-1266.14	-3.41514	1.41181
42	8	-3234.23	-1.29549	1.57651
43	8	-4813.27	0.913998	1.63544
44	8	-5766.02	3.04445	1.58505
45	8	-5971.78	5.03646	1.43303
46	8	-5417.18	6.86528	1.18774
47	8	-4126.63	8.33983	0.854393
48	8	-2232.94	9.22338	0.448646
49	8	0	4.59279e-07	0
0	9	-356.312	1.61299	0.783195
1	9	-2110.03	5.00287	0.654118
2	9	-3656.7	7.8448	0.503788
3	9	-4863.63	9.90001	0.36772
4	9	-5620.22	11.0017	0.259215
5	9	-5856.81	11.054	0.178578
6	9	-5552.17	10.0704	0.120877
7	9	-4735.85	8.13742	0.0805094
8	9	-3482.62	5.44912	0.052476
9	9	-1912.29	2.24694	0.0331356
10	9	-166.841	-1.16293	0.0197421
11	9	1584.63	-4.46748	0.0104364
12	9	3185.51	-7.36464	0.00403519
13	9	4477.11	-9.57741	-0.000496026
14	9	5344.73	-10.9207	-0.00342689
15	9	5701.17	-11.2428	-0.00547591
16	9	5516.41	-10.5255	-0.0065421
17	9	4816.24	-8.79014	-0.00703978
18	9	3667.93	-6.17642	-0.00705691
19	9	2195.64	-2.91656	-0.00638818
20	9	524.933	0.681985	-0.00569986
21	9	-1205.63	4.19095	-0.00446326
22	9	-2871.89	7.20345	-0.00308722
23	9	-4362.45	9.37808	-0.00175632
24	9	-5544.03	10.5328	-0.000225206
25	9	-6277.05	10.6985	0.00102356
26	9	-6438.82	10.006	0.00258823
27	9	-5956.87	8.57225	0.00421056
28	9	-4860.84	6.53738	0.00473785
29	9	-3273.97	4.05493	0.00372562
30	9	-1335.74	1.32687	0.00101586
31	9	777.599	-1.33102	-0.00333258
32	9	2852.17	-3.74453	-0.00750156
33	9	4680.38	-5.86311	-0.00769406
34	9	6035.49	-7.52479	-0.00381321
35	9	6755.55	-8.61401	0.000317185
36	9	6798.41	-9.10806	0.00356213
37	9	6146.06	-8.99199	0.00618095
38	9	4829.01	-8.30913	0.00764842
39	9	2998.63	-7.11091	0.00867074
40	9	879.159	-5.46886	0.00920462
41	9	-1301.15	-3.5093	0.00811484
42	9	-3325.98	-1.32917	0.0054658
43	9	-4950.54	0.942818	0.00130267
44	9	-5930.15	3.13137	-0.00359968
45	9	-6141.09	5.1767	-0.00622184
46	9	-5570.48	7.05586	-0.00534539
47	9	-4243.4	8.5718	-0.00329941
48	9	-2296.07	9.47987	-0.0016566
49	9	0	4.67871e-07	0
0	10	-360.753	1.68611	-0.783195
1	10	-2113.81	5.08844	-0.885927
2	10	-3659.7	7.92245	-0.839959
3	10	-4865.93	9.96201	-0.629022
4	10	-5621.96	11.0478	-0.280204
5	10	-5858.15	11.087	0.156521
6	10	-5553.23	10.0935	0.62255
7	10	-4736.71	8.15347	1.06088
8	10	-3483.34	5.46019	1.42026
9	10	-1912.87	2.2546	1.66066
10	10	-167.348	-1.1576	1.75471
11	10	1584.26	-4.46382	1.69061
12	10	3185.23	-7.36204	1.47219
13	10	4476.98	-9.57574	1.11776
14	10	5344.73	-10.9196	0.659689
15	10	5701.3	-11.2422	0.138478
16	10	5516.72	-10.5252	-0.397073
17	10	4816.64	-8.79013	-0.897983
18	10	3668.52	-6.1768	-1.31604
19	10	2196.3	-2.91696	-1.60911
20	10	525.673	0.681277	-1.74723
21	10	-1204.73	4.19017	-1.71371
22	10	-2870.97	7.20269	-1.51324
23	10	-4361.45	9.3772	-1.16985
24	10	-5543.09	10.532	-0.722706
25	10	-6276.23	10.6976	-0.220737
26	10	-6438.18	10.0051	0.289261
27	10	-5956.65	8.57195	0.766587
28	10	-4860.92	6.53796	1.17505
29	10	-3273.94	4.05648	1.48543
30	10	-1335.52	1.32936	1.67608
31	10	777.66	-1.32863	1.73526
32	10	2851.92	-3.74443	1.66811
33	10	4679.95	-5.86533	1.48977
34	10	6034.87	-7.52716	1.21424
35	10	6755.45	-8.61586	0.859802
36	10	6799.63	-9.10956	0.45285
37	10	6148.08	-8.99283	0.0223792
38	10	4831.11	-8.30971	-0.403126
39	10	3000.73	-7.11121	-0.79685
40	10	880.871	-5.46824	-1.1347
41	10	-1300.71	-3.50778	-1.39634
42	10	-3327.37	-1.32679	-1.56616
43	10	-4953.37	0.945627	-1.63308
44	10	-5933.18	3.13287	-1.59199
45	10	-6143.51	5.1762	-1.44488
46	10	-5572.43	7.05469	-1.19787
47	10	-4244.91	8.57086	-0.8606
48	10	-2296.85	9.47892	-0.451724
49	10	0	4.62354e-07	0
0	11	-356.312	1.74533	-2.3303
1	11	-2060.74	5.06252	-2.42341
2	11	-3563.56	7.80212	-2.18938
3	11	-4736.12	9.76279	-1.63479
4	11	-5470.95	10.7983	-0.832306
5	11	-5700.27	10.8206	0.115691
6	11	-5403.34	9.84295	1.09739
7	11	-4608.8	7.94805	2.00583
8	11	-3389.37	5.32278	2.74518
9	11	-1861.45	2.20085	3.24036
10	11	-163.306	-1.12094	3.44038
11	11	1540.82	-4.33894	3.32395
12	11	3098.34	-7.15941	2.89997
13	11	4355.13	-9.31385	2.20563
14	11	5199.4	-10.6216	1.30503
15	11	5546.4	-10.936	0.279032
16	11	5367.04	-10.2388	-0.776459
17	11	4686.03	-8.55113	-1.76417
18	11	3569.32	-6.00927	-2.58886
19	11	2137.19	-2.838	-3.16773
20	11	512.048	0.662107	-3.44087
21	11	-1171.15	4.07555	-3.37605
22	11	-2792.16	7.00637	-2.98198
23	11	-4242.04	9.12156	-2.30576
24	11	-5391.5	10.2451	-1.42511
25	11	-6104.84	10.4061	-0.436233
26	11	-6262.54	9.73216	0.568098
27	11	-5794.37	8.33842	1.50797
28	11	-4728.62	6.36051	2.31308
29	11	-3184.7	3.94749	2.9263
30	11	-1298.88	1.29553	3.30524
31	11	756.606	-1.29025	3.42672
32	11	2774.12	-3.64247	3.29888
33	11	4552.19	-5.70782	2.94729
34	11	5870.07	-7.32452	2.39951
35	11	6571.59	-8.38321	1.69588
36	11	6615.92	-8.86345	0.889625
37	11	5982.94	-8.74956	0.037496
38	11	4701.83	-8.08461	-0.803604
39	11	2921.17	-6.91805	-1.58141
40	11	858.584	-5.31866	-2.24841
41	11	-1264.9	-3.41069	-2.76328
42	11	-3238.28	-1.28852	-3.09536
43	11	-4821.44	0.922131	-3.22301
44	11	-5774.76	3.04877	-3.13693
45	11	-5978.82	5.03498	-2.84407
46	11	-5422.82	6.86187	-2.35767
47	11	-4130.92	8.3371	-1.69438
48	11	-2235.12	9.22066	-0.88943
49	11	0	4.43315e-07	0
0	12	-343.097	1.8002	-3.82003
1	12	-1952.13	4.92986	-3.92829
2	12	-3370.71	7.48577	-3.51804
3	12	-4477.57	9.30443	-2.62801
4	12	-5171.16	10.2566	-1.38445
5	12	-5387.35	10.2596	0.0566336
6	12	-5106.48	9.3237	1.53267
7	12	-4355.52	7.52543	2.89003
8	12	-3203.19	5.03973	3.99154
9	12	-1759.37	2.08653	4.72952
10	12	-154.782	-1.05436	5.03105
11	12	1455.53	-4.09654	4.86611
12	12	2927.23	-6.76245	4.24849
13	12	4114.85	-8.79898	3.23345
14	12	4912.7	-10.035	1.91501
15	12	5240.65	-10.3326	0.412268
16	12	5071.36	-9.67414	-1.13435
17	12	4427.96	-8.07967	-2.58193
18	12	3373.01	-5.67834	-3.79082
19	12	2019.92	-2.68186	-4.63982
20	12	484.425	0.625035	-5.0406
21	12	-1105.84	3.85024	-4.94636
22	12	-2637.57	6.61975	-4.36944
23	12	-4007.45	8.61807	-3.37861
24	12	-5093.47	9.6797	-2.08842
25	12	-5767.66	9.83188	-0.639641
26	12	-5916.77	9.19483	0.831699
27	12	-5474.51	7.87812	2.2085
28	12	-4467.61	6.00992	3.38809
29	12	-3008.74	3.73084	4.28716
30	12	-1226.85	1.22609	4.84407
31	12	715.041	-1.21716	5.02485
32	12	2620.93	-3.44147	4.84013
33	12	4300.63	-5.39465	4.32495
34	12	5545.63	-6.92226	3.51969
35	12	6208.99	-7.92226	2.48592
36	12	6252.16	-8.37628	1.30223
37	12	5654.97	-8.26869	0.0513966
38	12	4444.59	-7.63992	-1.18277
39	12	2761.97	-6.53671	-2.32373
40	12	812.764	-5.02429	-3.3017
41	12	-1194.75	-3.22083	-4.05544
42	12	-3061.03	-1.21555	-4.54031
43	12	-4558.15	0.872913	-4.72501
44	12	-5459.01	2.88134	-4.59643
45	12	-5651.34	4.7569	-4.16595
46	12	-5125.59	6.48265	-3.45342
47	12	-3904.39	7.8769	-2.48215
48	12	-2112.42	8.71216	-1.30302
49	12	0	4.11804e-07	0
0	13	-321.433	1.86481	-5.21569
1	13	-1790.74	4.69724	-5.37655
2	13	-3086.18	6.9781	-4.80189
3	13	-4097.12	8.59416	-3.58645
4	13	-4730.59	9.43307	-1.92219
5	13	-4927.8	9.41593	-0.0180188
6	13	-4670.66	8.54782	1.91784
7	13	-3983.72	6.89578	3.69058
8	13	-2929.83	4.61788	5.1263
9	13	-1609.37	1.91418	6.08823
10	13	-141.97	-0.960033	6.48381
11	13	1330.72	-3.74343	6.27535
12	13	2676.61	-6.18214	5.48118
13	13	3762.73	-8.04522	4.17326
14	13	4492.44	-9.1759	2.47298
15	13	4792.4	-9.44838	0.534477
16	13	4637.75	-8.84656	-1.46106
17	13	4049.45	-7.38856	-3.3291
18	13	3084.88	-5.19298	-4.88929
19	13	1847.63	-2.45275	-5.98539
20	13	443.493	0.57114	-6.503
21	13	-1010.62	3.52039	-6.38195
22	13	-2411.38	6.05327	-5.63787
23	13	-3664.05	7.88044	-4.35941
24	13	-4657.15	8.85141	-2.69483
25	13	-5273.9	8.9907	-0.825465
26	13	-5410.28	8.40769	1.07301
27	13	-5005.86	7.20373	2.84919
28	13	-4085.18	5.49591	4.37094
29	13	-2750.99	3.41245	5.53119
30	13	-1121.45	1.12274	6.25086
31	13	654.119	-1.11155	6.48614
32	13	2396.6	-3.14694	6.24968
33	13	3932.18	-4.93428	5.58497
34	13	5070.46	-6.33125	4.54417
35	13	5677.56	-7.24553	3.20847
36	13	5718.19	-7.66115	1.67965
37	13	5172.97	-7.56309	0.0640107
38	13	4066.22	-6.9876	-1.53011
39	13	2527.34	-5.97758	-3.00358
40	13	744.54	-4.59336	-4.26585
41	13	-1092.19	-2.94362	-5.23756
42	13	-2800.33	-1.10996	-5.86158
43	13	-4170.48	0.799387	-6.09819
44	13	-4994.37	2.63523	-5.93082
45	13	-5169.86	4.34953	-5.37468
46	13	-4688.67	5.92736	-4.45548
47	13	-3571.36	7.20277	-3.20268
48	13	-1932.06	7.96721	-1.6814
49	13	0	3.69263e-07	0
0	14	-291.855	1.96044	-6.48293
1	14	-1580.67	4.37147	-6.75565
2	14	-2717.4	6.28489	-6.02004
3	14	-3604.88	7.6436	-4.48646
4	14	-4161.08	8.34494	-2.42871
5	14	-4334.01	8.30947	-0.103231
6	14	-4107.65	7.5345	2.245
7	14	-3503.45	6.07507	4.38759
8	14	-2576.68	4.06801	6.11989
9	14	-1415.51	1.68808	7.28041
10	14	-125.184	-0.840821	7.75972
11	14	1169.82	-3.28938	7.51366
12	14	2353.3	-5.43438	6.56472
13	14	3308.39	-7.07317	4.99958
14	14	3950.11	-8.06766	2.96377
15	14	4213.9	-8.30754	0.642268
16	14	4078.05	-7.77861	-1.74795
17	14	3560.78	-6.49661	-3.98566
18	14	2712.74	-4.56636	-5.85465
19	14	1624.95	-2.15685	-7.16802
20	14	390.31	0.501914	-7.78832
21	14	-888.101	3.09497	-7.64372
22	14	-2119.78	5.32233	-6.75283
23	14	-3221.22	6.92876	-5.22157
24	14	-4094.43	7.78267	-3.22797
25	14	-4636.96	7.90531	-0.988792
26	14	-4756.88	7.39222	1.28542
27	14	-4401.25	6.33372	3.41258
28	14	-3591.83	4.83258	5.23492
29	14	-2418.57	3.00102	6.62479
30	14	-985.605	0.98823	7.48761
31	14	575.473	-0.976369	7.77091
32	14	2107.23	-2.76692	7.48902
33	14	3456.96	-4.33926	6.69283
34	14	4457.59	-5.56762	5.44499
35	14	4991.83	-6.37149	3.84392
36	14	5028.54	-6.73746	2.01176
37	14	4549.91	-6.65169	0.0751713
38	14	3576.87	-6.14517	-1.83601
39	14	2223.53	-5.2559	-3.60227
40	14	655.696	-4.03781	-5.11442
41	14	-960.001	-2.58685	-6.27734
42	14	-2463.17	-0.974693	-7.02326
43	14	-3668.85	0.703686	-7.30528
44	14	-4393.37	2.31727	-7.10387
45	14	-4547.35	3.82402	-6.4374
46	14	-4123.85	5.21112	-5.33664
47	14	-3140.85	6.33303	-3.83649
48	14	-1698.94	7.00593	-2.01439
49	14	0	3.1743e-07	0
0	15	-255.091	2.12076	-7.59057
1	15	-1327.2	3.95471	-8.07493
2	15	-2274.03	5.41032	-7.15425
3	15	-3014.02	6.46829	-5.30129
4	15	-3477.97	7.01603	-2.88428
5	15	-3622.07	6.96728	-0.191482
6	15	-3432.71	6.30975	2.50897
7	15	-2927.74	5.08482	4.96458
8	15	-2153.31	3.40461	6.94693
9	15	-1183.03	1.41411	8.27468
10	15	-104.86	-0.700113	8.82476
11	15	977.239	-2.74685	8.54781
12	15	1966.14	-4.53957	7.46985
13	15	2764.21	-5.90928	5.69002
14	15	3300.47	-6.74046	3.37395
15	15	3520.89	-6.94106	0.732494
16	15	3407.47	-6.49932	-1.98742
17	15	2975.28	-5.42813	-4.534
18	15	2266.75	-3.81553	-6.66092
19	15	1357.93	-1.80225	-8.15578
20	15	326.341	0.419212	-8.86181
21	15	-741.666	2.58561	-8.69748
22	15	-1770.76	4.44686	-7.6841
23	15	-2691.07	5.78897	-5.94173
24	15	-3420.62	6.50248	-3.67333
25	15	-3874.09	6.60511	-1.12525
26	15	-3974.33	6.17609	1.46292
27	15	-3677.21	5.29185	3.88322
28	15	-3001.04	4.03798	5.95668
29	15	-2020.57	2.50774	7.53849
30	15	-823.076	0.826262	8.52091
31	15	481.159	-0.815214	8.84427
32	15	1760.65	-2.31174	8.52433
33	15	2887.94	-3.62586	7.6183
34	15	3723.82	-4.65228	6.19765
35	15	4170.57	-5.32402	4.37505
36	15	4201.98	-5.63028	2.28951
37	15	3802.66	-5.55902	0.0845614
38	15	2989.69	-5.13535	-2.09199
39	15	1858.74	-4.39136	-4.10315
40	15	548.62	-3.37294	-5.82394
41	15	-801.795	-2.1604	-7.14635
42	15	-2058.69	-0.81347	-7.99387
43	15	-3066.82	0.588522	-8.31365
44	15	-3672.27	1.93624	-8.08376
45	15	-3800.66	3.1947	-7.3252
46	15	-3446.45	4.35346	-6.07292
47	15	-2624.63	5.2913	-4.36635
48	15	-1419.51	5.85427	-2.29295
49	15	0	2.58231e-07	0
0	16	-212.045	2.40241	-8.51385
1	16	-1036.51	3.43359	-9.38702
2	16	-1767.65	4.35372	-8.18383
3	16	-2340.38	5.08776	-5.99753
4	16	-2699.75	5.47716	-3.26558
5	16	-2811.27	5.42375	-0.27302
6	16	-2664.17	4.90605	2.70712
7	16	-2272.23	3.95162	5.40867
8	16	-1671.22	2.64561	7.58662
9	16	-918.231	1.09967	9.04503
10	16	-81.5446	-0.541737	9.65056
11	16	758.197	-2.13055	9.34997
12	16	1525.62	-3.52202	8.17211
13	16	2144.95	-4.58517	6.22581
14	16	2561.14	-5.23034	3.69236
15	16	2732.2	-5.38608	0.802643
16	16	2644.24	-5.04346	-2.17304
17	16	2308.89	-4.21219	-4.9593
18	16	1759.09	-2.96094	-7.28636
19	16	1053.92	-1.39865	-8.92203
20	16	253.383	0.325232	-9.69463
21	16	-575.317	2.00622	-9.51496
22	16	-1373.88	3.4507	-8.40657
23	16	-2088.05	4.49208	-6.50038
24	16	-2654.09	5.04569	-4.01873
25	16	-3006.04	5.12541	-1.23107
26	16	-3083.88	4.79236	1.60056
27	16	-2853.41	4.10643	4.24824
28	16	-2328.81	3.13364	6.51671
29	16	-1567.78	1.94609	8.24764
30	16	-638.346	0.641394	9.32275
31	16	373.643	-0.632305	9.67701
32	16	1366.23	-1.79376	9.32746
33	16	2240.65	-2.81368	8.3363
34	16	2889.19	-3.61028	6.78179
35	16	3236.16	-4.13169	4.78741
36	16	3261.03	-4.36967	2.50519
37	16	2951.5	-4.31462	0.0918224
38	16	2320.64	-3.98551	-2.29092
39	16	1442.9	-3.40753	-4.4922
40	16	426.227	-2.61689	-6.37477
41	16	-621.919	-1.67587	-7.82082
42	16	-1597.89	-0.630659	-8.74711
43	16	-2380.74	0.457076	-9.09607
44	16	-2850.63	1.50255	-8.84398
45	16	-2950.06	2.47875	-8.01397
46	16	-2674.92	3.37779	-6.64428
47	16	-2036.84	4.10591	-4.77777
48	16	-1101.45	4.54336	-2.50941
49	16	0	1.93769e-07	0
0	17	-163.779	2.90727	-9.37981
1	17	-715.313	2.75349	-10.8334
2	17	-1211.54	3.10698	-9.06752
3	17	-1602.12	3.52722	-6.5295
4	17	-1847.55	3.76692	-3.54591
5	17	-1923.65	3.72031	-0.336783
6	17	-1822.93	3.36174	2.8389
7	17	-1554.73	2.7066	5.71051
8	17	-1143.51	1.81191	8.02313
9	17	-628.327	0.75355	9.57141
10	17	-55.8815	-0.369851	10.2151
11	17	518.645	-1.45713	9.89856
12	17	1043.71	-2.4093	8.65248
13	17	1467.43	-3.13679	6.59237
14	17	1752.21	-3.57828	3.91031
15	17	1869.26	-3.68489	0.850804
16	17	1809.13	-3.45056	-2.29985
17	17	1579.71	-2.88183	-5.25009
18	17	1203.59	-2.02585	-7.71408
19	17	721.173	-0.956986	-9.44617
20	17	173.442	0.222473	-10.2644
21	17	-393.519	1.37251	-10.0742
22	17	-939.886	2.36087	-8.90081
23	17	-1428.49	3.07326	-6.88241
24	17	-1815.66	3.45193	-4.25484
25	17	-2056.47	3.50652	-1.30343
26	17	-2109.77	3.27864	1.69462
27	17	-1952.17	2.80951	4.49784
28	17	-1593.31	2.14404	6.89988
29	17	-1072.51	1.33144	8.73293
30	17	-436.509	0.438862	9.87133
31	17	255.788	-0.43247	10.2466
32	17	934.691	-1.22712	9.87674
33	17	1532.74	-1.92496	8.82746
34	17	1976.41	-2.47008	7.18155
35	17	2213.99	-2.82693	5.06968
36	17	2231.25	-2.9899	2.6528
37	17	2019.63	-2.95234	0.0967136
38	17	1588	-2.72697	-2.42719
39	17	987.419	-2.33121	-4.75852
40	17	291.876	-1.79015	-6.75168
41	17	-425.319	-1.1463	-8.28232
42	17	-1093.38	-0.43117	-9.26253
43	17	-1629.29	0.312934	-9.63137
44	17	-1950.81	1.02802	-9.36399
45	17	-2018.71	1.69568	-8.48508
46	17	-1830.31	2.31068	-7.03517
47	17	-1393.56	2.80905	-5.05941
48	17	-753.501	3.1087	-2.65769
49	17	0	1.26559e-07	0
0	18	-111.479	3.83043	-19.1734
1	18	-370.165	1.75637	-12.6997
2	18	-620.376	1.65898	-9.68854
3	18	-819.341	1.82263	-6.83408
4	18	-944.609	1.9328	-3.69773
5	18	-983.449	1.90506	-0.372361
6	18	-931.928	1.72021	2.90497
7	18	-794.812	1.38458	5.86414
8	18	-584.592	0.926833	8.24591
9	18	-321.23	0.385593	9.84026
10	18	-28.5998	-0.18882	10.5036
11	18	265.1	-0.744718	10.1789
12	18	533.505	-1.23151	8.898
13	18	750.116	-1.60344	6.77976
14	18	895.697	-1.82915	4.02175
15	18	955.536	-1.88366	0.875483
16	18	924.816	-1.76391	-2.36456
17	18	807.563	-1.47319	-5.39864
18	18	615.305	-1.03564	-7.93267
19	18	368.701	-0.489234	-9.7141
20	18	88.6875	0.113716	-10.5557
21	18	-201.139	0.701602	-10.3602
22	18	-480.45	1.20689	-9.15345
23	18	-730.207	1.57101	-7.07763
24	18	-928.086	1.76455	-4.37548
25	18	-1051.2	1.79248	-1.34044
26	18	-1078.47	1.67599	1.74268
27	18	-997.922	1.43622	4.62543
28	18	-814.494	1.09607	7.09577
29	18	-548.221	0.680618	8.98104
30	18	-223.059	0.224342	10.1518
31	18	130.809	-0.221039	10.5376
32	18	477.787	-0.627247	10.1574
33	18	783.436	-0.983999	9.07852
34	18	1010.24	-1.26271	7.38597
35	18	1131.75	-1.44517	5.21403
36	18	1140.66	-1.52853	2.72827
37	18	1032.52	-1.50936	0.0991681
38	18	811.858	-1.39408	-2.49691
39	18	504.829	-1.19167	-4.89469
40	18	149.292	-0.915052	-6.94436
41	18	-217.354	-0.585904	-8.51825
42	18	-558.976	-0.220314	-9.52604
43	18	-833.029	0.160047	-9.90502
44	18	-997.399	0.525528	-9.62977
45	18	-1032.07	0.866759	-8.72585
46	18	-935.705	1.18111	-7.23499
47	18	-712.379	1.43595	-5.20343
48	18	-385.153	1.58925	-2.73355
49	18	0	6.02312e-08	0
0	19	0	0	-0.318794
1	19	0	0	-0.211031
2	19	0	0	-0.160967
3	19	0	0	-0.113541
4	19	0	0	-0.0614182
5	19	0	0	-0.0061341
6	19	0	0	0.0483595
7	19	0	0	0.0975718
8	19	0	0	0.13718
9	19	0	0	0.163697
10	19	0	0	0.174726
11	19	0	0	0.169322
12	19	0	0	0.148014
13	19	0	0	0.112776
14	19	0	0	0.0668995
15	19	0	0	0.0145653
16	19	0	0	-0.0393312
17	19	0	0	-0.0897977
18	19	0	0	-0.131948
19	19	0	0	-0.161584
20	19	0	0	-0.17558
21	19	0	0	-0.172332
22	19	0	0	-0.152256
23	19	0	0	-0.117719
24	19	0	0	-0.072768
25	19	0	0	-0.0222743
26	19	0	0	0.0290034
27	19	0	0	0.0769487
28	19	0	0	0.118047
29	19	0	0	0.149395
30	19	0	0	0.168846
31	19	0	0	0.175253
32	19	0	0	0.168922
33	19	0	0	0.150974
34	19	0	0	0.122826
35	19	0	0	0.0867153
36	19	0	0	0.0453896
37	19	0	0	0.0016716
38	19	0	0	-0.0415161
39	19	0	0	-0.0814196
40	19	0	0	-0.115528
41	19	0	0	-0.141709
42	19	0	0	-0.158461
43	19	0	0	-0.164738
44	19	0	0	-0.16014
45	19	0	0	-0.145112
46	19	0	0	-0.120328
47	19	0	0	-0.0865357
48	19	0	0	-0.0454533
49	19	0	0	0
