0	0	0	0	0	0	0	
1	0	0	0	0	0	0	
2	0	2.94687e-11	0	-1.16601e-14	6.71062e-34	-3.00455e-15	
3	-1.31865e-22	6.33426e-10	1.65265e-28	-2.62035e-13	1.82162e-25	-6.74533e-14	
4	-1.69011e-20	6.86238e-09	1.02276e-19	-2.97128e-12	3.62239e-23	-7.6439e-13	
5	-8.98658e-19	5.01401e-08	7.60206e-18	-2.2739e-11	1.60534e-21	-5.84835e-12	
6	-2.54246e-17	2.78846e-07	2.29295e-16	-1.325e-10	3.63846e-20	-3.40824e-11	
7	-4.51162e-16	1.26251e-06	4.07323e-15	-6.28562e-10	5.36893e-19	-1.61761e-10	
8	-5.62781e-15	4.85862e-06	5.00236e-14	-2.53374e-09	5.7988e-18	-6.52604e-10	
9	-5.3286e-14	1.63768e-05	4.6449e-13	-8.94089e-09	4.91284e-17	-2.30559e-09	
10	-4.0387e-13	4.94246e-05	3.45216e-12	-2.8229e-08	3.41747e-16	-7.29045e-09	
11	-2.5459e-12	0.000135816	2.13603e-11	-8.10847e-08	2.01605e-15	-2.09795e-08	
12	-1.37342e-11	0.000344312	1.13237e-10	-2.14675e-07	1.03318e-14	-5.56634e-08	
13	-6.48116e-11	0.000813797	5.25658e-10	-5.29375e-07	4.68584e-14	-1.376e-07	
14	-2.72201e-10	0.00180862	2.1735e-09	-1.22626e-06	1.90871e-13	-3.19621e-07	
15	-1.03169e-09	0.00380629	8.11513e-09	-2.68717e-06	7.0667e-13	-7.02547e-07	
16	-3.56916e-09	0.00763004	2.76668e-08	-5.60336e-06	2.40161e-12	-1.4699e-06	
17	-1.13773e-08	0.0146408	8.69302e-08	-1.11737e-05	7.55408e-12	-2.9419e-06	
18	-3.36835e-08	0.0270048	2.53695e-07	-2.13983e-05	2.21459e-11	-5.65627e-06	
19	-9.32447e-08	0.0480518	6.92238e-07	-3.94968e-05	6.08751e-11	-1.0485e-05	
20	-2.42757e-07	0.0827401	1.77609e-06	-7.0487e-05	1.57715e-10	-1.87977e-05	
21	-5.97356e-07	0.138238	4.30601e-06	-0.000121956	3.86861e-10	-3.26834e-05	
22	-1.39541e-06	0.224625	9.90706e-06	-0.000205058	9.02005e-10	-5.52421e-05	
23	-3.1063e-06	0.355715	2.17126e-05	-0.000335769	2.00612e-09	-9.09592e-05	
24	-6.6119e-06	0.54998	4.54801e-05	-0.000536411	4.2693e-09	-0.000146172	
25	-1.34976e-05	0.831551	9.13192e-05	-0.000837454	8.71806e-09	-0.000229637	
26	-2.64976e-05	1.23125	0.000176233	-0.00127958	1.71254e-08	-0.000353199	
27	-5.0145e-05	1.78761	0.000327668	-0.00191594	3.24348e-08	-0.00053256	
28	-9.16794e-05	2.5478	0.00058823	-0.00281462	5.9352e-08	-0.000788144	
29	-0.000162258	3.56834	0.00102161	-0.00406104	1.05133e-07	-0.00114603	
30	-0.000278497	4.91564	0.00171962	-0.00576037	1.80589e-07	-0.00163894	
31	-0.000464349	6.66607	0.00281007	-0.00803963	3.01299e-07	-0.00230723	
32	-0.000753268	8.90561	0.0044649	-0.0110493	4.89016e-07	-0.00319982	
33	-0.00119059	11.729	0.00690784	-0.0149645	7.73196e-07	-0.00437511	
34	-0.00183594	15.2384	0.0104207	-0.0199848	1.19258e-06	-0.00590166	
35	-0.0027656	19.5408	0.0153469	-0.0263336	1.79668e-06	-0.00785871	
36	-0.0040744	24.7458	0.0220923	-0.0342554	2.64712e-06	-0.0103364	
37	-0.00587711	30.9618	0.0311202	-0.0440129	3.81862e-06	-0.0134355	
38	-0.00830891	38.2921	0.0429428	-0.0558808	5.39948e-06	-0.0172674	
39	-0.0115249	46.8301	0.0581062	-0.0701397	7.4917e-06	-0.0219523	
40	-0.0156981	56.6551	0.0771703	-0.0870675	1.02103e-05	-0.0276184	
41	-0.0210166	67.8265	0.100684	-0.10693	1.3682e-05	-0.0343999	
42	-0.0276788	80.3795	0.129156	-0.129968	1.80437e-05	-0.0424343	
43	-0.0358876	94.3202	0.163021	-0.156389	2.34395e-05	-0.0518594	
44	-0.0458435	109.621	0.202608	-0.186354	3.00177e-05	-0.0628107	
45	-0.0577365	126.219	0.2481	-0.219961	3.79272e-05	-0.0754167	
46	-0.0717373	144.011	0.299504	-0.25724	4.73125e-05	-0.0897959	
47	-0.0879883	162.854	0.356615	-0.298139	5.83089e-05	-0.106053	
48	-0.106594	182.567	0.418989	-0.342516	7.10368e-05	-0.124272	
49	-0.127614	202.927	0.48592	-0.390132	8.55948e-05	-0.144519	
50	-0.15105	223.68	0.556428	-0.440651	0.000102053	-0.166831	
51	-0.176845	244.538	0.629256	-0.493636	0.000120446	-0.191218	
52	-0.204876	265.191	0.702876	-0.548553	0.000140765	-0.217658	
53	-0.234946	285.307	0.775516	-0.60478	0.000162952	-0.246096	
54	-0.266791	304.546	0.845195	-0.661613	0.000186891	-0.276442	
55	-0.300076	322.566	0.909771	-0.718286	0.000212404	-0.308574	
56	-0.334402	339.028	0.967007	-0.77398	0.000239246	-0.342332	
57	-0.369312	353.608	1.01464	-0.827846	0.000267104	-0.377527	
58	-0.404299	366.003	1.05047	-0.879025	0.000295594	-0.413935	
59	-0.43882	375.939	1.07244	-0.926664	0.000324261	-0.451307	
60	-0.47231	383.172	1.07874	-0.969943	0.000352588	-0.489366	
61	-0.504192	387.497	1.06787	-1.00809	0.000380001	-0.527813	
62	-0.533901	388.749	1.03877	-1.0404	0.000405882	-0.566332	
63	-0.560892	386.801	0.99086	-1.06624	0.000429582	-0.604593	
64	-0.584661	381.567	0.924143	-1.08509	0.000450443	-0.642254	
65	-0.60476	373	0.839207	-1.09651	0.000467817	-0.678968	
66	-0.620806	361.086	0.737262	-1.10017	0.000481093	-0.714385	
67	-0.632498	345.839	0.620106	-1.09585	0.000489716	-0.748155	
68	-0.63962	327.302	0.490067	-1.08342	0.000493216	-0.779933	
69	-0.642044	305.536	0.349895	-1.06283	0.00049122	-0.809381	
70	-0.639731	280.619	0.202627	-1.03414	0.00048347	-0.83617	
71	-0.632725	252.639	0.051419	-0.997442	0.000469828	-0.859982	
72	-0.621139	221.693	-0.100625	-0.952917	0.000450274	-0.880515	
73	-0.605148	187.882	-0.25063	-0.900766	0.000424902	-0.897479	
74	-0.584967	151.312	-0.396093	-0.841226	0.000393904	-0.910605	
75	-0.560839	112.093	-0.535001	-0.774551	0.000357554	-0.919636	
76	-0.533016	70.3415	-0.665888	-0.701009	0.000316191	-0.92434	
77	-0.501748	26.1795	-0.78785	-0.620867	0.000270202	-0.924498	
78	-0.467272	-20.2593	-0.900499	-0.534398	0.000220006	-0.919915	
79	-0.429801	-68.8283	-1.00388	-0.441877	0.000166044	-0.910414	
80	-0.389527	-119.363	-1.09837	-0.343585	0.000108774	-0.895838	
81	-0.346619	-171.679	-1.1845	-0.239812	4.86645e-05	-0.876051	
82	-0.301229	-225.569	-1.26288	-0.130871	-1.38034e-05	-0.850937	
83	-0.253498	-280.799	-1.33406	-0.0170999	-7.81351e-05	-0.820403	
84	-0.203566	-337.111	-1.3984	0.101127	-0.000143821	-0.784378	
85	-0.151583	-394.217	-1.45605	0.223389	-0.000210337	-0.742816	
86	-0.0977143	-451.809	-1.50688	0.349214	-0.000277142	-0.695698	
87	-0.042156	-509.55	-1.55049	0.478073	-0.000343684	-0.643032	
88	0.0148627	-567.089	-1.58621	0.609375	-0.000409397	-0.58486	
89	0.0730714	-624.054	-1.61315	0.742467	-0.000473703	-0.521254	
90	0.132155	-680.064	-1.63025	0.876636	-0.000536017	-0.452327	
91	0.191754	-734.733	-1.63635	1.01112	-0.000595742	-0.378228	
92	0.251466	-787.669	-1.63027	1.14509	-0.000652274	-0.299144	
93	0.310848	-838.487	-1.61092	1.27771	-0.000705	-0.215305	
94	0.36943	-886.81	-1.57738	1.4081	-0.000753304	-0.126978	
95	0.426724	-932.272	-1.52901	1.53537	-0.00079658	-0.0344684	
96	0.482238	-974.523	-1.46555	1.65861	-0.000834239	0.061882	
97	0.535492	-1013.23	-1.38719	1.77696	-0.00086574	0.161701	
98	0.586039	-1048.09	-1.29463	1.88957	-0.000890608	0.264587	
99	0.633475	-1078.82	-1.1891	1.99562	-0.000908469	0.370116	
100	0.677456	-1105.15	-1.07228	2.09434	-0.000919072	0.477841	
101	0.717705	-1126.85	-0.946307	2.18502	-0.000922314	0.587298	
102	0.75402	-1143.69	-0.813547	2.26701	-0.00091825	0.698011	
103	0.786264	-1155.5	-0.676492	2.33972	-0.000907095	0.809488	
104	0.814363	-1162.09	-0.537554	2.40262	-0.000889206	0.92123	
105	0.838286	-1163.32	-0.398887	2.45524	-0.000865054	1.03273	
106	0.858033	-1159.05	-0.262243	2.49716	-0.000835185	1.14345	
107	0.873614	-1149.17	-0.12888	2.52804	-0.000800178	1.25289	
108	0.885033	-1133.57	0.000469466	2.54754	-0.000760601	1.36049	
109	0.892275	-1112.17	0.125549	2.5554	-0.000716978	1.46572	
110	0.895297	-1084.91	0.246474	2.55138	-0.000669767	1.56803	
111	0.89403	-1051.75	0.363582	2.53527	-0.000619352	1.66686	
112	0.888381	-1012.67	0.477268	2.5069	-0.000566057	1.76166	
113	0.878241	-967.662	0.587833	2.46612	-0.000510164	1.85188	
114	0.863504	-916.772	0.695374	2.41282	-0.00045194	1.93696	
115	0.844073	-860.063	0.799725	2.34694	-0.000391677	2.01637	
116	0.81988	-797.637	0.900464	2.26844	-0.000329709	2.08956	
117	0.790893	-729.634	0.996964	2.17736	-0.00026644	2.15602	
118	0.757126	-656.232	1.08849	2.07377	-0.000202344	2.21525	
119	0.718641	-577.65	1.1743	1.95783	-0.000137966	2.26675	
120	0.675551	-494.144	1.25377	1.82976	-7.39026e-05	2.31008	
121	0.628017	-406.011	1.32645	1.68988	-1.0779e-05	2.34479	
122	0.576243	-313.582	1.39212	1.53858	5.07858e-05	2.3705	
123	0.520468	-217.221	1.45084	1.37635	0.000110211	2.38683	
124	0.460965	-117.323	1.50289	1.20375	0.000166991	2.39347	
125	0.398025	-14.3055	1.54873	1.02145	0.000220722	2.39013	
126	0.331958	91.39	1.58896	0.830163	0.000271125	2.37658	
127	0.263079	199.305	1.62422	0.630703	0.000318061	2.35263	
128	0.191708	308.967	1.65512	0.423935	0.000361522	2.31815	
129	0.118164	419.893	1.6821	0.210776	0.000401618	2.27304	
130	0.0427623	531.59	1.70542	-0.00781143	0.000438547	2.21726	
131	-0.0341845	643.563	1.72506	-0.230834	0.000472552	2.1508	
132	-0.112367	755.31	1.7407	-0.457277	0.000503875	2.07373	
133	-0.191476	866.328	1.75181	-0.686107	0.000532718	1.98613	
134	-0.271202	976.112	1.75768	-0.916289	0.000559207	1.88814	
135	-0.351234	1084.16	1.75758	-1.14678	0.000583378	1.77995	
136	-0.431256	1189.96	1.75091	-1.37655	0.000605182	1.6618	
137	-0.510953	1293.01	1.73732	-1.60457	0.000624505	1.53396	
138	-0.590007	1392.8	1.71685	-1.8298	0.000641205	1.39676	
139	-0.6681	1488.84	1.68991	-2.05124	0.000655153	1.25058	
140	-0.744913	1580.61	1.65726	-2.26785	0.000666276	1.09584	
141	-0.820127	1667.61	1.61983	-2.47863	0.000674583	0.933006	
142	-0.893422	1749.36	1.57856	-2.68256	0.00068018	0.762607	
143	-0.964471	1825.37	1.53421	-2.87864	0.000683262	0.585207	
144	-1.03294	1895.16	1.48717	-3.06584	0.000684097	0.401416	
145	-1.09848	1958.28	1.4374	-3.24318	0.000682993	0.211888	
146	-1.16075	2014.3	1.38447	-3.40966	0.000680269	0.0173175	
147	-1.21937	2062.79	1.32765	-3.5643	0.000676227	-0.181564	
148	-1.27399	2103.38	1.26612	-3.70615	0.000671136	-0.38399	
149	-1.32425	2135.72	1.19915	-3.8343	0.000665226	-0.589163	
150	-1.3698	2159.49	1.12625	-3.94786	0.000658698	-0.796256	
151	-1.41033	2174.43	1.04725	-4.04601	0.000651729	-1.00442	
152	-1.44553	2180.31	0.96229	-4.128	0.000644488	-1.21278	
153	-1.47517	2176.93	0.871697	-4.19314	0.000637141	-1.42044	
154	-1.49904	2164.15	0.775862	-4.24081	0.000629845	-1.62652	
155	-1.51697	2141.88	0.675089	-4.27051	0.000622732	-1.83009	
156	-1.52885	2110.06	0.569513	-4.2818	0.000615889	-2.03025	
157	-1.53459	2068.68	0.45909	-4.27435	0.000609333	-2.22609	
158	-1.53413	2017.77	0.343676	-4.24794	0.00060299	-2.41671	
159	-1.52745	1957.4	0.223153	-4.20242	0.00059669	-2.60121	
160	-1.51453	1887.69	0.0975758	-4.13775	0.000590171	-2.77871	
161	-1.49536	1808.78	-0.0327339	-4.054	0.000583107	-2.94834	
162	-1.46996	1720.87	-0.167165	-3.95127	0.000575139	-3.10927	
163	-1.43834	1624.19	-0.304888	-3.82981	0.000565907	-3.26065	
164	-1.40053	1518.98	-0.444998	-3.68988	0.000555086	-3.4017	
165	-1.35656	1405.56	-0.586687	-3.53186	0.000542391	-3.53165	
166	-1.30648	1284.25	-0.729397	-3.35618	0.000527584	-3.64976	
167	-1.25037	1155.44	-0.87289	-3.16334	0.000510447	-3.75533	
168	-1.18832	1019.53	-1.01722	-2.95391	0.000490764	-3.84769	
169	-1.12044	876.969	-1.16257	-2.72852	0.000468301	-3.92624	
170	-1.04687	728.25	-1.3091	-2.48789	0.000442792	-3.99039	
171	-0.967793	573.897	-1.45665	-2.23279	0.000413957	-4.03963	
172	-0.883419	414.474	-1.60461	-1.96409	0.000381528	-4.0735	
173	-0.794012	250.58	-1.75183	-1.6827	0.000345286	-4.0916	
174	-0.699877	82.8465	-1.89669	-1.38963	0.000305102	-4.09358	
175	-0.601371	-88.0629	-2.03722	-1.08594	0.000260961	-4.07915	
176	-0.498894	-261.458	-2.17137	-0.772796	0.000212966	-4.04812	
177	-0.392884	-436.624	-2.29729	-0.451395	0.000161321	-4.00034	
178	-0.28381	-612.828	-2.41349	-0.123023	0.000106289	-3.93573	
179	-0.172166	-789.32	-2.51895	0.210977	4.81487e-05	-3.8543	
180	-0.0584533	-965.339	-2.61314	0.549208	-1.28536e-05	-3.75613	
181	0.0568193	-1140.12	-2.69585	0.890224	-7.65258e-05	-3.64135	
182	0.173145	-1312.89	-2.76702	1.23254	-0.000142734	-3.5102	
183	0.290019	-1482.88	-2.8265	1.57464	-0.00021138	-3.36295	
184	0.406944	-1649.34	-2.87391	1.91501	-0.000282363	-3.19998	
185	0.523424	-1811.51	-2.90857	2.25209	-0.000355526	-3.02172	
186	0.638965	-1968.65	-2.92951	2.58435	-0.000430613	-2.82867	
187	0.753077	-2120.03	-2.93561	2.91029	-0.00050724	-2.62139	
188	0.865265	-2264.96	-2.92578	3.2284	-0.000584882	-2.40053	
189	0.975037	-2402.74	-2.89912	3.53722	-0.000662885	-2.16679	
190	1.0819	-2532.72	-2.85508	3.83532	-0.0007405	-1.92093	
191	1.18537	-2654.24	-2.79353	4.12132	-0.000816921	-1.66377	
192	1.28495	-2766.7	-2.71475	4.39387	-0.000891337	-1.39619	
193	1.38016	-2869.51	-2.61937	4.65169	-0.000962969	-1.11913	
194	1.47053	-2962.1	-2.50823	4.89352	-0.0010311	-0.833578	
195	1.55558	-3043.95	-2.38229	5.11817	-0.0010951	-0.540579	
196	1.63487	-3114.57	-2.24251	5.32449	-0.0011544	-0.241216	
197	1.70793	-3173.5	-2.08979	5.5114	-0.00120853	0.063383	
198	1.77434	-3220.32	-1.92496	5.67787	-0.00125707	0.372051	
199	1.83369	-3254.67	-1.7488	5.82294	-0.00129963	0.683589	
200	1.88559	-3276.21	-1.56204	5.94569	-0.0013359	0.996768	
201	1.92968	-3284.67	-1.3654	6.04532	-0.00136558	1.31034	
202	1.96565	-3279.84	-1.15963	6.12107	-0.00138843	1.62302	
203	1.99321	-3261.55	-0.945526	6.17228	-0.00140426	1.93354	
204	2.01214	-3229.7	-0.723899	6.19839	-0.00141291	2.2406	
205	2.02225	-3184.24	-0.495623	6.19894	-0.00141428	2.5429	
206	2.02342	-3125.18	-0.261621	6.17357	-0.00140827	2.83917	
207	2.01556	-3052.6	-0.0228771	6.12205	-0.00139481	3.12811	
208	1.99863	-2966.65	0.219547	6.04425	-0.00137384	3.40846	
209	1.97263	-2867.53	0.464503	5.94017	-0.00134527	3.67898	
210	1.93759	-2755.49	0.710748	5.80994	-0.00130906	3.93845	
211	1.89359	-2630.85	0.956952	5.65381	-0.00126515	4.18568	
212	1.84074	-2493.98	1.20171	5.47214	-0.00121358	4.41952	
213	1.77918	-2345.32	1.44357	5.26545	-0.00115444	4.63887	
214	1.7091	-2185.34	1.68104	5.03433	-0.00108793	4.84266	
215	1.6307	-2014.57	1.91267	4.77952	-0.00101433	5.02988	
216	1.54422	-1833.59	2.13702	4.50185	-0.000934028	5.19956	
217	1.44993	-1643.01	2.35274	4.20225	-0.000847492	5.35082	
218	1.34813	-1443.51	2.55853	3.88175	-0.000755246	5.48282	
219	1.23917	-1235.79	2.75323	3.54147	-0.000657859	5.59479	
220	1.12339	-1020.6	2.93579	3.18264	-0.000555931	5.68604	
221	1.00121	-798.731	3.10527	2.80652	-0.000450092	5.75596	
222	0.873066	-571.015	3.26084	2.4145	-0.000340997	5.80401	
223	0.739425	-338.319	3.40179	2.00802	-0.000229329	5.82974	
224	0.600804	-101.548	3.52745	1.5886	-0.000115801	5.83278	
225	0.457754	138.355	3.63722	1.15784	-1.15062e-06	5.81285	
226	0.310862	380.415	3.73053	0.717417	0.000113864	5.76979	
227	0.160745	623.627	3.8068	0.269068	0.000228473	5.70349	
228	0.00804868	866.954	3.86547	-0.185385	0.000341908	5.61397	
229	-0.146557	1109.34	3.90602	-0.644052	0.00045341	5.50136	
230	-0.302384	1349.7	3.92799	-1.10497	0.000562242	5.36587	
231	-0.458729	1586.94	3.93104	-1.56613	0.000667698	5.20781	
232	-0.614874	1819.96	3.91496	-2.02543	0.000769115	5.02763	
233	-0.770095	2047.65	3.87973	-2.48075	0.000865881	4.82586	
234	-0.923659	2268.9	3.82552	-2.92992	0.00095744	4.60314	
235	-1.07483	2482.63	3.75263	-3.37074	0.0010433	4.36021	
236	-1.22286	2687.75	3.66147	-3.801	0.00112302	4.09794	
237	-1.36699	2883.21	3.55249	-4.21849	0.00119623	3.81725	
238	-1.50647	3068	3.42611	-4.621	0.00126258	3.51921	
239	-1.64053	3241.15	3.28264	-5.00638	0.00132177	3.20494	
240	-1.7684	3401.74	3.12231	-5.37254	0.00137354	2.87568	
241	-1.88931	3548.91	2.94524	-5.71744	0.00141763	2.53272	
242	-2.00249	3681.86	2.75153	-6.03915	0.0014538	2.17746	
243	-2.10719	3799.88	2.54131	-6.33584	0.00148183	1.81134	
244	-2.20267	3902.33	2.31484	-6.60584	0.00150152	1.43587	
245	-2.28824	3988.66	2.07259	-6.84758	0.00151271	1.05262	
246	-2.36326	4058.41	1.81534	-7.0597	0.00151526	0.663182	
247	-2.42713	4111.21	1.54416	-7.24098	0.00150909	0.269204	
248	-2.47935	4146.79	1.26047	-7.39041	0.00149418	-0.127658	
249	-2.51947	4164.99	0.965963	-7.50718	0.00147058	-0.525729	
250	-2.54715	4165.72	0.662631	-7.59066	0.00143843	-0.923332	
251	-2.56216	4149.02	0.352685	-7.64045	0.00139792	-1.31879	
252	-2.56436	4114.98	0.038533	-7.65636	0.00134937	-1.71046	
253	-2.55372	4063.83	-0.277246	-7.63837	0.00129314	-2.09668	
254	-2.53032	3995.83	-0.591916	-7.58671	0.0012297	-2.47587	
255	-2.49437	3911.34	-0.902604	-7.50177	0.00115955	-2.84645	
256	-2.44618	3810.81	-1.20631	-7.38413	0.00108328	-3.2069	
257	-2.38615	3694.71	-1.49997	-7.23453	0.00100155	-3.55574	
258	-2.31482	3563.6	-1.78048	-7.05386	0.000915083	-3.89157	
259	-2.23277	3418.06	-2.04482	-6.84317	0.000824702	-4.21302	
260	-2.1407	3258.74	-2.29016	-6.60359	0.000731301	-4.5188	
261	-2.03935	3086.3	-2.51402	-6.33636	0.000635852	-4.8077	
262	-1.92949	2901.46	-2.71438	-6.04282	0.000539381	-5.07857	
263	-1.81195	2704.94	-2.88986	-5.72435	0.000442936	-5.33032	
264	-1.68751	2497.51	-3.03981	-5.38241	0.000347546	-5.56197	
265	-1.55699	2279.94	-3.16436	-5.01849	0.000254172	-5.77258	
266	-1.42114	2053.06	-3.2644	-4.63411	0.000163671	-5.96133	
267	-1.28067	1817.7	-3.34151	-4.23081	7.67658e-05	-6.12745	
268	-1.13624	1574.72	-3.39779	-3.81019	-5.96729e-06	-6.27027	
269	-0.988459	1325.02	-3.43566	-3.37385	-8.40941e-05	-6.38921	
270	-0.837863	1069.52	-3.45765	-2.92342	-0.000157304	-6.48377	
271	-0.684948	809.181	-3.46615	-2.46056	-0.000225381	-6.55354	
272	-0.530171	544.991	-3.46327	-1.98699	-0.000288179	-6.59821	
273	-0.373964	277.966	-3.45069	-1.50443	-0.000345589	-6.61754	
274	-0.216752	9.15324	-3.42959	-1.01469	-0.000397534	-6.61141	
275	-0.0589659	-260.376	-3.40073	-0.519613	-0.000443959	-6.57978	
276	0.0989393	-529.532	-3.3645	-0.0210827	-0.000484842	-6.52272	
277	0.256479	-797.21	-3.32098	0.478951	-0.000520212	-6.44039	
278	0.413132	-1062.3	-3.27012	0.978495	-0.000550164	-6.33305	
279	0.568337	-1323.69	-3.2118	1.47552	-0.00057488	-6.20106	
280	0.721498	-1580.28	-3.14591	1.96795	-0.000594633	-6.04488	
281	0.871992	-1830.99	-3.07235	2.4537	-0.000609794	-5.86507	
282	1.01917	-2074.76	-2.99108	2.9307	-0.000620814	-5.6623	
283	1.16239	-2310.58	-2.90211	3.39686	-0.000628214	-5.43733	
284	1.301	-2537.47	-2.80545	3.85015	-0.000632559	-5.19099	
285	1.43436	-2754.5	-2.70117	4.28858	-0.00063443	-4.92426	
286	1.56188	-2960.79	-2.5894	4.71022	-0.00063441	-4.63814	
287	1.68297	-3155.51	-2.47038	5.11324	-0.000633061	-4.33376	
288	1.79714	-3337.92	-2.34448	5.49592	-0.000630916	-4.01229	
289	1.90392	-3507.29	-2.21229	5.85663	-0.000628478	-3.675	
290	2.00292	-3663	-2.0746	6.19388	-0.000626222	-3.3232	
291	2.09381	-3804.46	-1.93242	6.50632	-0.0006246	-2.95825	
292	2.17633	-3931.15	-1.78689	6.79272	-0.000624047	-2.58157	
293	2.25029	-4042.61	-1.63925	7.05199	-0.000624986	-2.1946	
294	2.31554	-4138.44	-1.49069	7.28319	-0.000627818	-1.79884	
295	2.37201	-4218.27	-1.34225	7.48549	-0.000632919	-1.3958	
296	2.41963	-4281.82	-1.19464	7.65821	-0.000640614	-0.987028	
297	2.45839	-4328.85	-1.0482	7.80075	-0.000651151	-0.574074	
298	2.48826	-4359.15	-0.902781	7.91265	-0.000664676	-0.15852	
299	2.50922	-4372.61	-0.757758	7.99355	-0.000681199	0.25804	
300	2.52123	-4369.13	-0.612044	8.04317	-0.000700574	0.674005	
301	2.52423	-4348.69	-0.464215	8.06135	-0.000722482	1.08777	
302	2.51815	-4311.34	-0.312665	8.048	-0.000746438	1.49772	
303	2.50286	-4257.17	-0.155805	8.00312	-0.000771801	1.90227	
304	2.47827	-4186.33	0.00772619	7.92682	-0.000797811	2.29981	
305	2.44427	-4099.07	0.17888	7.81928	-0.000823628	2.68879	
306	2.40078	-3995.69	0.358056	7.6808	-0.000848385	3.06765	
307	2.34777	-3876.55	0.545041	7.51179	-0.000871236	3.43491	
308	2.28527	-3742.11	0.739023	7.31278	-0.000891405	3.78908	
309	2.2134	-3592.89	0.938692	7.08441	-0.000908213	4.12877	
310	2.13234	-3429.47	1.14239	6.82749	-0.000921094	4.45263	
311	2.04238	-3252.52	1.34832	6.54291	-0.000929597	4.75936	
312	1.9439	-3062.74	1.55466	6.23176	-0.000933367	5.04774	
313	1.83733	-2860.93	1.7598	5.89523	-0.000932121	5.31664	
314	1.72317	-2647.9	1.96233	5.53465	-0.000925619	5.565	
315	1.60194	-2424.54	2.16112	5.1515	-0.000913637	5.79185	
316	1.4742	-2191.74	2.35526	4.74735	-0.00089595	5.99629	
317	1.34051	-1950.46	2.54398	4.32389	-0.00087232	6.17752	
318	1.20145	-1701.66	2.72656	3.8829	-0.000842501	6.33486	
319	1.05757	-1446.32	2.90225	3.4262	-0.000806245	6.4677	
320	0.90942	-1185.44	3.07018	2.95572	-0.000763316	6.57553	
321	0.75755	-920.028	3.22937	2.47338	-0.000713512	6.65794	
322	0.6025	-651.106	3.37871	1.98114	-0.000656684	6.71461	
323	0.444812	-379.696	3.51693	1.48099	-0.00059276	6.74535	
324	0.285032	-106.826	3.64268	0.974897	-0.00052177	6.75002	
325	0.123713	166.474	3.75454	0.464829	-0.000443869	6.72862	
326	-0.0385764	439.169	3.85102	-0.0472534	-0.000359363	6.68122	
327	-0.201255	710.226	3.93064	-0.559405	-0.000268727	6.608	
328	-0.363724	978.61	3.99198	-1.0697	-0.000172608	6.50922	
329	-0.525363	1243.29	4.03372	-1.57622	-7.18224e-05	6.38526	
330	-0.685538	1503.24	4.05483	-2.07707	3.26786e-05	6.23657	
331	-0.843597	1757.44	4.05456	-2.57036	0.000139849	6.06372	
332	-0.998878	2004.89	4.03258	-3.05422	0.000248607	5.86737	
333	-1.15072	2244.6	3.98903	-3.52681	0.000357897	5.64827	
334	-1.29845	2475.61	3.92441	-3.98627	0.000466745	5.40728	
335	-1.44142	2696.99	3.83959	-4.43081	0.000574297	5.14532	
336	-1.57898	2907.83	3.73558	-4.85863	0.000679836	4.86342	
337	-1.71053	3107.29	3.6134	-5.268	0.000782771	4.56269	
338	-1.83547	3294.54	3.47394	-5.65722	0.000882611	4.24433	
339	-1.95324	3468.84	3.31782	-6.02466	0.000978914	3.90957	
340	-2.06331	3629.48	3.14541	-6.36878	0.00107124	3.55975	
341	-2.1652	3775.84	2.95689	-6.68811	0.00115912	3.19624	
342	-2.25845	3907.34	2.75237	-6.98131	0.00124201	2.82047	
343	-2.34267	4023.49	2.53207	-7.24713	0.00131931	2.43393	
344	-2.4175	4123.84	2.29649	-7.48448	0.00139035	2.03812	
345	-2.48263	4208.03	2.04646	-7.69238	0.00145444	1.63461	
346	-2.5378	4275.76	1.78322	-7.86999	0.00151088	1.22496	
347	-2.5828	4326.8	1.50828	-8.01664	0.001559	0.81078	
348	-2.61749	4360.99	1.22336	-8.13178	0.00159818	0.39368	
349	-2.64175	4378.21	0.930193	-8.21501	0.00162785	-0.0247154	
350	-2.6555	4378.42	0.63044	-8.26608	0.00164753	-0.44278	
351	-2.65871	4361.63	0.325651	-8.28484	0.00165679	-0.85889	
352	-2.65138	4327.91	0.0172953	-8.27129	0.00165526	-1.27143	
353	-2.63353	4277.4	-0.293126	-8.22555	0.00164266	-1.6788	
354	-2.6052	4210.28	-0.60394	-8.14785	0.00161881	-2.07941	
355	-2.56648	4126.8	-0.913189	-8.0385	0.00158365	-2.47171	
356	-2.51746	4027.25	-1.21858	-7.89794	0.00153727	-2.85416	
357	-2.45829	3912.02	-1.51754	-7.72669	0.00147994	-3.22528	
358	-2.38914	3781.52	-1.80738	-7.52539	0.00141214	-3.5836	
359	-2.31024	3636.24	-2.08549	-7.29474	0.00133454	-3.92774	
360	-2.22186	3476.73	-2.34959	-7.03558	0.001248	-4.25632	
361	-2.12433	3303.6	-2.59791	-6.74882	0.00115351	-4.56806	
362	-2.01803	3117.53	-2.82929	-6.43549	0.00105212	-4.86174	
363	-1.90341	2919.24	-3.04309	-6.09676	0.000944931	-5.1362	
364	-1.78095	2709.52	-3.23908	-5.73386	0.000832991	-5.39037	
365	-1.65118	2489.22	-3.41721	-5.34818	0.000717294	-5.62324	
366	-1.51468	2259.21	-3.57735	-4.94118	0.000598767	-5.83391	
367	-1.37204	2020.43	-3.71912	-4.51448	0.000478283	-6.02158	
368	-1.22392	1773.83	-3.84185	-4.06974	0.000356699	-6.1855	
369	-1.07096	1520.42	-3.94458	-3.60874	0.00023488	-6.32506	
370	-0.913852	1261.2	-4.0263	-3.13336	0.000113729	-6.43973	
371	-0.753287	997.224	-4.08614	-2.6455	-5.82566e-06	-6.52907	
372	-0.58996	729.53	-4.12363	-2.14715	-0.000122845	-6.59275	
373	-0.424563	459.176	-4.13883	-1.64033	-0.000236425	-6.63054	
374	-0.257779	187.222	-4.13239	-1.12708	-0.000345746	-6.64232	
375	-0.0902733	-85.2732	-4.1055	-0.609471	-0.000450109	-6.62806	
376	0.0773055	-357.255	-4.05966	-0.0895714	-0.00054895	-6.58783	
377	0.244326	-627.673	-3.99647	0.43056	-0.000641842	-6.5218	
378	0.410169	-895.489	-3.91738	0.948881	-0.000728451	-6.43025	
379	0.574226	-1159.67	-3.82355	1.46338	-0.000808503	-6.31354	
380	0.735892	-1419.21	-3.71577	1.97206	-0.000881729	-6.17214	
381	0.89456	-1673.11	-3.59455	2.47298	-0.00094784	-6.00661	
382	1.04963	-1920.38	-3.46024	2.96425	-0.00100652	-5.81761	
383	1.20048	-2160.07	-3.31327	3.44399	-0.00105743	-5.60589	
384	1.34653	-2391.23	-3.15426	3.9104	-0.00110029	-5.37227	
385	1.48718	-2612.97	-2.98421	4.36171	-0.00113486	-5.11768	
386	1.62185	-2824.39	-2.80448	4.79619	-0.00116107	-4.84313	
387	1.75	-3024.67	-2.6167	5.21218	-0.00117898	-4.5497	
388	1.8711	-3213	-2.42266	5.60804	-0.00118885	-4.23856	
389	1.98466	-3388.61	-2.22414	5.98224	-0.00119111	-3.91093	
390	2.09024	-3550.81	-2.02271	6.33326	-0.00118634	-3.56812	
391	2.18743	-3698.93	-1.81964	6.65969	-0.00117519	-3.21149	
392	2.27583	-3832.38	-1.61591	6.96019	-0.00115839	-2.84246	
393	2.35513	-3950.63	-1.41216	7.23351	-0.00113666	-2.46248	
394	2.42503	-4053.21	-1.2088	7.47851	-0.0011107	-2.07307	
395	2.48529	-4139.72	-1.00608	7.69416	-0.00108118	-1.67577	
396	2.53569	-4209.83	-0.804175	7.87957	-0.00104868	-1.27215	
397	2.57608	-4263.27	-0.603223	8.03395	-0.00101375	-0.863811	
398	2.60635	-4299.87	-0.403362	8.15668	-0.000976879	-0.452366	
399	2.62642	-4319.5	-0.204737	8.24726	-0.000938504	-0.0394364	
400	2.63626	-4322.1	-0.00751261	8.30536	-0.000899007	0.373349	
401	2.63589	-4307.7	0.188111	8.33076	-0.000858714	0.784365	
402	2.62534	-4276.37	0.381861	8.32342	-0.000817892	1.192	
403	2.60468	-4228.25	0.573354	8.2834	-0.000776754	1.59464	
404	2.57401	-4163.56	0.762062	8.21094	-0.00073547	1.99071	
405	2.53345	-4082.54	0.947298	8.10637	-0.000694186	2.37867	
406	2.48317	-3985.53	1.12825	7.97016	-0.00065305	2.75697	
407	2.42333	-3872.9	1.30401	7.80289	-0.000612236	3.12414	
408	2.35417	-3745.08	1.47372	7.60524	-0.000571956	3.47873	
409	2.27592	-3602.57	1.63661	7.37801	-0.000532469	3.81935	
410	2.18889	-3445.92	1.79209	7.12208	-0.000494061	4.14465	
411	2.09339	-3275.71	1.93983	6.83846	-0.000457019	4.45336	
412	1.98979	-3092.62	2.07975	6.52821	-0.000421598	4.74425	
413	1.87848	-2897.35	2.21193	6.19252	-0.000387992	5.01617	
414	1.7599	-2690.65	2.33661	5.83265	-0.000356309	5.26806	
415	1.6345	-2473.34	2.45405	5.44996	-0.000326567	5.49892	
416	1.50278	-2246.28	2.56446	5.04591	-0.000298696	5.70783	
417	1.36526	-2010.37	2.66793	4.62204	-0.000272558	5.89399	
418	1.22248	-1766.56	2.76448	4.17997	-0.000247957	6.05665	
419	1.07502	-1515.81	2.85402	3.72141	-0.00022466	6.19518	
420	0.923473	-1259.13	2.93645	3.24817	-0.000202392	6.30905	
421	0.768436	-997.575	3.01168	2.76211	-0.000180841	6.39781	
422	0.610525	-732.179	3.07973	2.26517	-0.000159644	6.46112	
423	0.45036	-464.013	3.1407	1.75933	-0.000138388	6.49875	
424	0.28856	-194.15	3.19475	1.24663	-0.000116604	6.51057	
425	0.12574	76.3324	3.24207	0.729144	-9.37801e-05	6.49653	
426	-0.0374884	346.362	3.28275	0.208958	-6.93807e-05	6.45673	
427	-0.200519	614.874	3.31674	-0.311828	-4.28725e-05	6.39132	
428	-0.362753	880.812	3.34375	-0.831122	-1.37555e-05	6.30058	
429	-0.523597	1143.14	3.36324	-1.34685	1.84061e-05	6.1849	
430	-0.682463	1400.83	3.3744	-1.85697	5.39582e-05	6.04474	
431	-0.838767	1652.89	3.37625	-2.35947	9.31357e-05	5.88066	
432	-0.991929	1898.34	3.36768	-2.85239	0.000136052	5.69333	
433	-1.14138	2136.22	3.34756	-3.33383	0.000182693	5.4835	
434	-1.28654	2365.62	3.31488	-3.80193	0.000232926	5.252	
435	-1.42685	2585.63	3.26876	-4.25491	0.000286508	4.99976	
436	-1.56175	2795.4	3.20857	-4.69105	0.000343101	4.72777	
437	-1.69071	2994.11	3.13392	-5.10868	0.000402298	4.43712	
438	-1.81321	3180.95	3.04466	-5.50622	0.000463639	4.12897	
439	-1.92873	3355.2	2.94088	-5.88213	0.000526628	3.80453	
440	-2.03681	3516.15	2.82281	-6.23496	0.000590751	3.46509	
441	-2.13701	3663.14	2.69083	-6.56334	0.000655488	3.11201	
442	-2.22891	3795.59	2.54537	-6.86598	0.000720315	2.74668	
443	-2.31213	3912.94	2.38694	-7.14165	0.000784713	2.37056	
444	-2.38635	4014.74	2.21602	-7.38924	0.000848172	1.98514	
445	-2.45125	4100.55	2.03312	-7.60775	0.000910187	1.59196	
446	-2.50659	4170.04	1.83875	-7.79627	0.000970259	1.19257	
447	-2.55212	4222.93	1.63342	-7.954	0.00102789	0.788572	
448	-2.58767	4259.01	1.41769	-8.08029	0.00108257	0.381566	
449	-2.61308	4278.15	1.19215	-8.17461	0.00113377	-0.0268297	
450	-2.62824	4280.28	0.957482	-8.23657	0.00118094	-0.434993	
451	-2.63309	4265.41	0.714439	-8.26592	0.00122351	-0.841303	
452	-2.62758	4233.62	0.46389	-8.26255	0.00126087	-1.24415	
453	-2.61173	4185.04	0.206824	-8.22648	0.00129242	-1.64194	
454	-2.5856	4119.9	-0.0556336	-8.15791	0.00131758	-2.03309	
455	-2.54926	4038.45	-0.322217	-8.05714	0.00133579	-2.41607	
456	-2.50285	3941.04	-0.591525	-7.92462	0.00134658	-2.78936	
457	-2.44654	3828.05	-0.862034	-7.76093	0.00134956	-3.15149	
458	-2.38055	3699.94	-1.13214	-7.56676	0.00134442	-3.50103	
459	-2.30512	3557.2	-1.40017	-7.34294	0.00133095	-3.8366	
460	-2.22053	3400.41	-1.66447	-7.09039	0.00130903	-4.15687	
461	-2.1271	3230.17	-1.92341	-6.81012	0.0012786	-4.46059	
462	-2.02518	3047.15	-2.17542	-6.50326	0.00123968	-4.74655	
463	-1.91516	2852.04	-2.41901	-6.17103	0.00119236	-5.01362	
464	-1.79746	2645.63	-2.65275	-5.81473	0.00113681	-5.26074	
465	-1.67252	2428.7	-2.87524	-5.43573	0.00107327	-5.48694	
466	-1.54085	2202.11	-3.0851	-5.0355	0.00100209	-5.69131	
467	-1.40294	1966.74	-3.28099	-4.61559	0.000923709	-5.87304	
468	-1.25935	1723.54	-3.46158	-4.1776	0.000838669	-6.03141	
469	-1.11065	1473.46	-3.62564	-3.72324	0.000747585	-6.16578	
470	-0.95744	1217.51	-3.77209	-3.25425	0.000651129	-6.27562	
471	-0.800341	956.696	-3.90007	-2.77247	0.000549996	-6.3605	
472	-0.639992	692.075	-4.00904	-2.27977	0.000444872	-6.42007	
473	-0.477044	424.705	-4.09874	-1.77811	0.000336414	-6.4541	
474	-0.31216	155.662	-4.16923	-1.26947	0.000225232	-6.46245	
475	-0.146003	-113.976	-4.22078	-0.755885	0.000111895	-6.44509	
476	0.0207583	-383.126	-4.25379	-0.239407	-3.06127e-06	-6.40209	
477	0.187459	-650.715	-4.26862	0.277883	-0.000119108	-6.33363	
478	0.353439	-915.674	-4.26548	0.793904	-0.000235695	-6.23999	
479	0.51804	-1176.95	-4.24437	1.30658	-0.000352224	-6.12153	
480	0.680611	-1433.52	-4.20502	1.81384	-0.000468026	-5.97874	
481	0.840508	-1684.37	-4.14697	2.31366	-0.000582356	-5.81217	
482	0.997094	-1928.5	-4.06962	2.80406	-0.00069439	-5.62251	
483	1.14974	-2164.98	-3.97241	3.28307	-0.000803245	-5.41049	
484	1.29784	-2392.87	-3.85494	3.74883	-0.000908001	-5.17697	
485	1.44078	-2611.29	-3.71713	4.19951	-0.00100772	-4.92286	
486	1.57799	-2819.37	-3.55927	4.63336	-0.00110151	-4.64916	
487	1.70892	-3016.32	-3.38208	5.04871	-0.00118848	-4.35697	
488	1.83303	-3201.35	-3.1867	5.44396	-0.00126783	-4.04744	
489	1.94982	-3373.74	-2.97459	5.81759	-0.00133884	-3.72178	
490	2.05881	-3532.8	-2.74747	6.16817	-0.00140089	-3.38129	
491	2.15955	-3677.9	-2.50723	6.49435	-0.00145342	-3.0273	
492	2.25164	-3808.45	-2.2558	6.79488	-0.00149602	-2.66123	
493	2.3347	-3923.93	-1.99515	7.06858	-0.00152838	-2.28451	
494	2.40838	-4023.86	-1.72716	7.31438	-0.00155031	-1.89864	
495	2.4724	-4107.83	-1.45369	7.53131	-0.00156176	-1.50515	
496	2.52648	-4175.5	-1.1765	7.7185	-0.0015628	-1.1056	
497	2.57042	-4226.59	-0.897292	7.87518	-0.00155364	-0.70157	
498	2.60404	-4260.89	-0.617696	8.00071	-0.00153463	-0.294665	
499	2.62722	-4278.24	-0.339277	8.09455	-0.00150619	0.1135	
500	2.63986	-4278.59	-0.063531	8.15631	-0.00146887	0.521304	
501	2.64193	-4261.93	0.208135	8.18572	-0.00142328	0.927128	
502	2.63344	-4228.34	0.474415	8.18263	-0.00137009	1.32936	
503	2.61443	-4177.95	0.734123	8.14705	-0.00131001	1.72641	
504	2.58501	-4110.97	0.98621	8.07911	-0.00124379	2.11669	
505	2.54529	-4027.69	1.22978	7.9791	-0.00117217	2.49867	
506	2.49548	-3928.44	1.46408	7.84742	-0.00109593	2.87082	
507	2.43579	-3813.62	1.68851	7.68463	-0.00101581	3.23168	
508	2.36648	-3683.71	1.90258	7.4914	-0.000932538	3.57981	
509	2.28785	-3539.22	2.10588	7.26856	-0.000846824	3.91384	
510	2.20023	-3380.72	2.29806	7.01701	-0.000759329	4.23245	
511	2.10398	-3208.84	2.47873	6.7378	-0.000670678	4.53436	
512	1.9995	-3024.26	2.64747	6.43207	-0.000581461	4.8184	
513	1.8872	-2827.7	2.80379	6.10105	-0.000492241	5.08342	
514	1.76753	-2619.92	2.94713	5.74607	-0.000403564	5.32839	
515	1.64097	-2401.74	3.07688	5.36854	-0.000315968	5.55232	
516	1.50801	-2173.99	3.19243	4.96995	-0.000229988	5.75433	
517	1.36918	-1937.59	3.29328	4.55185	-0.000146152	5.93362	
518	1.22503	-1693.44	3.37904	4.11588	-6.49721e-05	6.08946	
519	1.07614	-1442.5	3.44954	3.66372	1.3072e-05	6.22123	
520	0.923094	-1185.77	3.50486	3.19712	8.75527e-05	6.32841	
521	0.766502	-924.248	3.54531	2.71791	0.000158111	6.41055	
522	0.606988	-658.983	3.57142	2.22794	0.000224471	6.46733	
523	0.445187	-391.027	3.58387	1.72912	0.00028644	6.49852	
524	0.281741	-121.447	3.5834	1.22341	0.000343915	6.50397	
525	0.1173	148.679	3.57078	0.71281	0.000396865	6.48367	
526	-0.0474829	418.272	3.54668	0.199337	0.000445328	6.43769	
527	-0.211955	686.252	3.51168	-0.314962	0.000489396	6.3662	
528	-0.375465	951.55	3.46626	-0.82803	0.000529209	6.26947	
529	-0.537366	1213.11	3.41078	-1.33781	0.000564951	6.1479	
530	-0.697023	1469.88	3.34555	-1.84225	0.000596843	6.00194	
531	-0.853812	1720.86	3.27085	-2.33932	0.000625142	5.83219	
532	-1.00713	1965.04	3.18696	-2.82702	0.000650134	5.6393	
533	-1.15638	2201.47	3.0942	-3.30339	0.000672127	5.42404	
534	-1.30101	2429.22	2.9929	-3.76654	0.000691433	5.18726	
535	-1.44047	2647.39	2.88338	-4.21461	0.000708354	4.92989	
536	-1.57423	2855.13	2.76595	-4.64584	0.000723172	4.65294	
537	-1.70179	3051.63	2.64088	-5.05852	0.000736132	4.35751	
538	-1.82267	3236.12	2.50835	-5.45103	0.000747438	4.04476	
539	-1.9364	3407.88	2.36851	-5.82186	0.000757261	3.71592	
540	-2.04254	3566.24	2.2215	-6.16956	0.000765735	3.37228	
541	-2.14066	3710.58	2.06746	-6.49279	0.000772979	3.0152	
542	-2.23038	3840.31	1.90663	-6.7903	0.000779096	2.64608	
543	-2.31133	3954.93	1.73934	-7.06095	0.000784189	2.26636	
544	-2.38318	4053.97	1.5661	-7.30369	0.000788362	1.87756	
545	-2.44565	4137.03	1.38759	-7.51758	0.000791726	1.48119	
546	-2.49848	4203.78	1.20461	-7.70178	0.000794394	1.07882	
547	-2.54147	4253.93	1.0181	-7.85557	0.000796487	0.672038	
548	-2.57446	4287.28	0.829041	-7.97832	0.000798127	0.262451	
549	-2.59733	4303.69	0.638419	-8.06953	0.000799436	-0.148324	
550	-2.61001	4303.06	0.447154	-8.12882	0.000800537	-0.558661	
551	-2.61245	4285.42	0.25605	-8.15593	0.000801543	-0.966939	
552	-2.60467	4250.81	0.0657498	-8.15071	0.000802553	-1.37154	
553	-2.58671	4199.37	-0.1233	-8.11316	0.000803637	-1.77087	
554	-2.55864	4131.31	-0.310863	-8.04341	0.000804822	-2.16334	
555	-2.52059	4046.9	-0.496916	-7.9417	0.000806075	-2.5474	
556	-2.47271	3946.49	-0.681636	-7.80844	0.00080729	-2.92153	
557	-2.41518	3830.47	-0.865353	-7.64414	0.000808278	-3.28426	
558	-2.34822	3699.31	-1.04849	-7.44947	0.000808757	-3.63416	
559	-2.27209	3553.54	-1.23149	-7.22521	0.000808358	-3.96983	
560	-2.18707	3393.74	-1.41468	-6.97227	0.000806633	-4.28996	
561	-2.09348	3220.55	-1.5982	-6.69168	0.000803075	-4.59329	
562	-1.99168	3034.65	-1.78188	-6.38459	0.000797134	-4.87861	
563	-1.88205	2836.78	-1.96522	-6.05223	0.000788254	-5.1448	
564	-1.765	2627.7	-2.14731	-5.69594	0.000775896	-5.3908	
565	-1.64098	2408.25	-2.32694	-5.31717	0.000759567	-5.61565	
566	-1.51047	2179.28	-2.50263	-4.91741	0.000738839	-5.81846	
567	-1.37397	1941.67	-2.67274	-4.49826	0.000713372	-5.99841	
568	-1.23201	1696.37	-2.83567	-4.06136	0.000682914	-6.15481	
569	-1.08515	1444.32	-2.98992	-3.60844	0.000647305	-6.28701	
570	-0.933967	1186.51	-3.1342	-3.14125	0.000606471	-6.3945	
571	-0.77905	923.944	-3.2675	-2.66162	0.00056041	-6.47685	
572	-0.621007	657.661	-3.38899	-2.17142	0.000509188	-6.53372	
573	-0.460452	388.705	-3.49808	-1.67256	0.000452923	-6.56488	
574	-0.298007	118.138	-3.59424	-1.16699	0.000391784	-6.57019	
575	-0.134302	-152.97	-3.67697	-0.656685	0.000325989	-6.54964	
576	0.0300293	-423.545	-3.74574	-0.143645	0.0002558	-6.50328	
577	0.194346	-692.51	-3.79996	0.370107	0.000181534	-6.4313	
578	0.358005	-958.798	-3.83901	0.88254	0.000103555	-6.33397	
579	0.520361	-1221.35	-3.86227	1.39162	2.22746e-05	-6.21167	
580	0.680768	-1479.12	-3.86923	1.89532	-6.18576e-05	-6.06487	
581	0.838587	-1731.08	-3.85949	2.39163	-0.000148361	-5.89415	
582	0.993185	-1976.24	-3.83284	2.87855	-0.000236737	-5.70018	
583	1.14395	-2213.63	-3.78923	3.35415	-0.000326475	-5.48372	
584	1.29026	-2442.31	-3.72874	3.8165	-0.000417057	-5.24562	
585	1.43156	-2661.37	-3.65154	4.26377	-0.000507959	-4.98681	
586	1.56727	-2869.96	-3.55779	4.69415	-0.000598639	-4.70832	
587	1.69686	-3067.26	-3.44764	5.10593	-0.00068853	-4.41124	
588	1.81982	-3252.5	-3.3212	5.49747	-0.000777035	-4.09673	
589	1.93564	-3424.96	-3.17857	5.86724	-0.000863517	-3.76605	
590	2.04388	-3583.97	-3.01984	6.21376	-0.000947307	-3.42047	
591	2.14409	-3728.9	-2.84523	6.5357	-0.00102771	-3.06137	
592	2.23587	-3859.19	-2.65509	6.83178	-0.00110402	-2.69016	
593	2.31885	-3974.33	-2.44996	7.10088	-0.00117554	-2.30828	
594	2.39267	-4073.86	-2.23061	7.34195	-0.0012416	-1.91725	
595	2.45705	-4157.4	-1.99804	7.55405	-0.00130157	-1.5186	
596	2.5117	-4224.6	-1.75344	7.73638	-0.00135484	-1.11389	
597	2.55642	-4275.2	-1.49819	7.88822	-0.00140088	-0.704718	
598	2.59101	-4309	-1.23381	8.00898	-0.00143921	-0.292694	
599	2.61532	-4325.84	-0.961938	8.09819	-0.00146942	0.120562	
600	2.62925	-4325.65	-0.684321	8.15549	-0.00149117	0.533422	
601	2.63275	-4308.42	-0.402751	8.18063	-0.00150423	0.944259	
602	2.62578	-4274.22	-0.119045	8.1735	-0.00150844	1.35145	
603	2.60838	-4223.17	0.165012	8.13409	-0.00150378	1.7534	
604	2.5806	-4155.46	0.447733	8.06254	-0.00149032	2.14851	
605	2.54257	-4071.37	0.727587	7.95909	-0.0014682	2.53523	
606	2.49442	-3971.23	1.00325	7.82413	-0.00143769	2.91202	
607	2.43635	-3855.43	1.27362	7.65817	-0.00139906	3.27741	
608	2.36859	-3724.43	1.53781	7.46185	-0.00135262	3.62995	
609	2.2914	-3578.75	1.79506	7.23593	-0.00129871	3.96824	
610	2.2051	-3418.99	2.0447	6.9813	-0.00123764	4.29096	
611	2.11001	-3245.76	2.28599	6.69897	-0.00116971	4.59683	
612	2.00652	-3059.77	2.51811	6.39008	-0.00109522	4.88465	
613	1.89503	-2861.74	2.74001	6.05585	-0.00101449	5.15329	
614	1.77598	-2652.46	2.95049	5.69763	-0.000927853	5.40169	
615	1.64985	-2432.76	3.14822	5.31685	-0.000835699	5.62887	
616	1.51712	-2203.49	3.33179	4.91502	-0.000738476	5.83394	
617	1.37834	-1965.57	3.49982	4.49377	-0.000636702	6.0161	
618	1.23404	-1719.91	3.65107	4.05475	-0.000530974	6.17463	
619	1.08482	-1467.49	3.78447	3.59972	-0.00042196	6.30891	
620	0.931271	-1209.28	3.89918	3.13045	-0.000310399	6.41841	
621	0.773999	-946.293	3.99453	2.64881	-0.000197086	6.50269	
622	0.613639	-679.561	4.07002	2.15668	-8.28682e-05	6.56142	
623	0.45083	-410.124	4.12525	1.65598	3.13759e-05	6.59437	
624	0.286222	-139.039	4.1599	1.14867	0.000144744	6.6014	
625	0.120471	132.63	4.17373	0.636729	0.000256327	6.58249	
626	-0.0457605	403.814	4.16658	0.122155	0.000365221	6.5377	
627	-0.21181	673.444	4.13844	-0.393044	0.000470543	6.46722	
628	-0.377013	940.454	4.08955	-0.906854	0.00057145	6.3713	
629	-0.540709	1203.79	4.02041	-1.41726	0.000667157	6.25033	
630	-0.70224	1462.4	3.93183	-1.92226	0.00075695	6.10478	
631	-0.860956	1715.26	3.82493	-2.41986	0.000840213	5.93523	
632	-1.01622	1961.37	3.7011	-2.90809	0.000916435	5.74234	
633	-1.1674	2199.74	3.56191	-3.38501	0.000985221	5.52688	
634	-1.31389	2429.44	3.40899	-3.84872	0.0010463	5.28969	
635	-1.45511	2649.56	3.24397	-4.29738	0.00109953	5.03171	
636	-1.59048	2859.22	3.06836	-4.72918	0.00114488	4.75397	
637	-1.71946	3057.59	2.8835	-5.14241	0.00118242	4.45754	
638	-1.84156	3243.9	2.69056	-5.53542	0.00121231	4.14361	
639	-1.95628	3417.42	2.49052	-5.90664	0.0012348	3.81342	
640	-2.06319	3577.46	2.28422	-6.2546	0.00125018	3.46826	
641	-2.16186	3723.41	2.07242	-6.57793	0.00125878	3.1095	
642	-2.25194	3854.69	1.85581	-6.87535	0.00126094	2.73854	
643	-2.33307	3970.8	1.6351	-7.14572	0.00125701	2.35686	
644	-2.40495	4071.28	1.41099	-7.38799	0.00124732	1.96596	
645	-2.4673	4155.73	1.18425	-7.60121	0.00123217	1.56737	
646	-2.51988	4223.84	0.955639	-7.78457	0.00121188	1.16266	
647	-2.5625	4275.32	0.725984	-7.93737	0.00118671	0.753437	
648	-2.59497	4309.97	0.496128	-8.05903	0.00115697	0.341299	
649	-2.61718	4327.65	0.266952	-8.14907	0.00112296	-0.0721262	
650	-2.62902	4328.29	0.0393811	-8.20715	0.00108504	-0.48521	
651	-2.63044	4311.87	-0.185618	-8.23304	0.00104359	-0.896325	
652	-2.62146	4278.45	-0.407039	-8.22663	0.000999064	-1.30385	
653	-2.6021	4228.16	-0.623863	-8.18793	0.000951946	-1.70617	
654	-2.57244	4161.19	-0.835094	-8.11707	0.000902748	-2.10171	
655	-2.53263	4077.79	-1.03982	-8.0143	0.000851994	-2.4889	
656	-2.48282	3978.3	-1.23725	-7.87998	0.000800189	-2.86621	
657	-2.42323	3863.11	-1.4268	-7.71462	0.000747805	-3.23215	
658	-2.35412	3732.68	-1.6081	-7.51882	0.000695262	-3.58528	
659	-2.27575	3587.52	-1.78098	-7.29333	0.000642913	-3.9242	
660	-2.18846	3428.21	-1.94546	-7.039	0.00059104	-4.24758	
661	-2.09259	3255.4	-2.10169	-6.75681	0.000539859	-4.55415	
662	-1.98852	3069.77	-2.24984	-6.44783	0.00048952	-4.8427	
663	-1.87666	2872.08	-2.39004	-6.11327	0.000440117	-5.11209	
664	-1.75744	2663.11	-2.52234	-5.75443	0.000391704	-5.36127	
665	-1.63133	2443.69	-2.64662	-5.37271	0.0003443	-5.58926	
666	-1.49882	2214.72	-2.7627	-4.96961	0.000297902	-5.79517	
667	-1.36043	1977.1	-2.87026	-4.5467	0.000252486	-5.97819	
668	-1.21672	1731.77	-2.96901	-4.10564	0.000208016	-6.13762	
669	-1.06824	1479.72	-3.05867	-3.64814	0.000164443	-6.27284	
670	-0.915609	1221.94	-3.13901	-3.176	0.000121701	-6.38332	
671	-0.759421	959.457	-3.20992	-2.69106	7.97132e-05	-6.46864	
672	-0.600304	693.311	-3.2713	-2.19519	3.83896e-05	-6.52847	
673	-0.438895	424.555	-3.32306	-1.69032	-2.36318e-06	-6.5626	
674	-0.275837	154.254	-3.36508	-1.17841	-4.26342e-05	-6.5709	
675	-0.111778	-116.52	-3.39714	-0.66144	-8.2498e-05	-6.55334	
676	0.0526326	-386.694	-3.41891	-0.141402	-0.000122005	-6.51003	
677	0.216744	-655.195	-3.43002	0.379687	-0.000161175	-6.44113	
678	0.379907	-920.957	-3.43007	0.899807	-0.000200001	-6.34693	
679	0.541479	-1182.92	-3.41876	1.41694	-0.000238453	-6.22783	
680	0.700819	-1440.05	-3.3959	1.92906	-0.000276492	-6.08431	
681	0.857299	-1691.32	-3.36153	2.43417	-0.000314089	-5.91696	
682	1.0103	-1935.72	-3.31587	2.93027	-0.000351239	-5.72644	
683	1.15921	-2172.3	-3.25937	3.4154	-0.000387975	-5.51355	
684	1.30345	-2400.11	-3.19255	3.88762	-0.000424374	-5.27912	
685	1.44244	-2618.24	-3.116	4.34503	-0.000460558	-5.02411	
686	1.57563	-2825.85	-3.03023	4.78576	-0.000496681	-4.74955	
687	1.7025	-3022.12	-2.93564	5.20802	-0.000532918	-4.45653	
688	1.82255	-3206.28	-2.83244	5.61006	-0.000569444	-4.14623	
689	1.9353	-3377.62	-2.72068	5.99021	-0.000606413	-3.8199	
690	2.04031	-3535.49	-2.60023	6.34688	-0.000643941	-3.47882	
691	2.13719	-3679.3	-2.47085	6.67857	-0.000682089	-3.12436	
692	2.22556	-3808.49	-2.33225	6.98386	-0.000720847	-2.75793	
693	2.30509	-3922.61	-2.18411	7.26144	-0.000760126	-2.38097	
694	2.37548	-4021.23	-2.02612	7.51012	-0.000799748	-1.99498	
695	2.43648	-4104.01	-1.85806	7.72881	-0.000839453	-1.60148	
696	2.48787	-4170.67	-1.67977	7.91653	-0.000878893	-1.202	
697	2.52947	-4220.98	-1.49121	8.07245	-0.000917651	-0.798121	
698	2.56113	-4254.8	-1.29248	8.19583	-0.000955248	-0.391415	
699	2.58274	-4272.04	-1.08382	8.28609	-0.000991165	0.0165315	
700	2.59424	-4272.67	-0.865667	8.34276	-0.00102486	0.424133	
701	2.5956	-4256.75	-0.638632	8.36553	-0.0010558	0.829808	
702	2.58683	-4224.36	-0.403524	8.3542	-0.00108344	1.23199	
703	2.56799	-4175.7	-0.161321	8.30872	-0.00110727	1.62912	
704	2.53917	-4110.97	0.0868515	8.22918	-0.00112683	2.01968	
705	2.50052	-4030.48	0.339755	8.11581	-0.00114167	2.40217	
706	2.45221	-3934.58	0.596071	7.96898	-0.00115138	2.77513	
707	2.39445	-3823.68	0.854419	7.78921	-0.0011556	3.13713	
708	2.3275	-3698.24	1.11338	7.57716	-0.00115402	3.4868	
709	2.25165	-3558.78	1.37148	7.33363	-0.00114635	3.82281	
710	2.16721	-3405.87	1.62721	7.05958	-0.00113239	4.14389	
711	2.07454	-3240.12	1.87905	6.7561	-0.001112	4.44884	
712	1.97401	-3062.21	2.12542	6.42443	-0.00108509	4.73651	
713	1.86605	-2872.83	2.36479	6.06595	-0.00105165	5.00582	
714	1.75109	-2672.72	2.59566	5.68218	-0.00101175	5.25578	
715	1.62959	-2462.67	2.81664	5.27475	-0.000965487	5.48544	
716	1.50205	-2243.48	3.02647	4.84544	-0.000913016	5.69397	
717	1.36898	-2015.97	3.22404	4.39612	-0.000854522	5.88059	
718	1.23089	-1781.01	3.40835	3.92878	-0.000790208	6.04462	
719	1.08834	-1539.47	3.57854	3.44549	-0.000720298	6.18544	
720	0.941873	-1292.23	3.73376	2.94844	-0.000645037	6.30254	
721	0.792054	-1040.2	3.87318	2.43983	-0.000564699	6.39549	
722	0.639452	-784.295	3.99593	1.92197	-0.000479595	6.46395	
723	0.48464	-525.425	4.10105	1.39719	-0.00039009	6.50765	
724	0.328195	-264.514	4.18756	0.867832	-0.000296604	6.52644	
725	0.170693	-2.48742	4.25445	0.336287	-0.000199623	6.52022	
726	0.012711	259.731	4.30076	-0.195075	-9.96943e-05	6.48901	
727	-0.14518	521.218	4.32568	-0.72389	2.576e-06	6.4329	
728	-0.302411	781.053	4.32854	-1.24782	0.000106531	6.35208	
729	-0.458422	1038.32	4.30893	-1.76457	0.000211472	6.24682	
730	-0.612661	1292.11	4.26669	-2.27187	0.000316667	6.11747	
731	-0.764585	1541.53	4.20191	-2.76755	0.000421363	5.96448	
732	-0.91366	1785.68	4.11493	-3.24948	0.00052479	5.78838	
733	-1.05937	2023.68	4.00628	-3.71563	0.000626181	5.58976	
734	-1.20119	2254.67	3.8767	-4.16404	0.000724778	5.36934	
735	-1.33864	2477.8	3.72707	-4.59288	0.000819853	5.12787	
736	-1.47123	2692.24	3.55839	-5.00041	0.000910717	4.8662	
737	-1.59849	2897.19	3.37177	-5.38501	0.000996736	4.58527	
738	-1.71997	3091.85	3.16844	-5.74521	0.00107734	4.28607	
739	-1.83524	3275.47	2.94967	-6.07964	0.00115201	3.96966	
740	-1.94389	3447.33	2.7168	-6.38709	0.00122031	3.63719	
741	-2.04552	3606.71	2.47122	-6.6665	0.00128185	3.28986	
742	-2.13978	3752.97	2.21433	-6.91694	0.00133627	2.92894	
743	-2.22632	3885.48	1.94759	-7.13766	0.00138328	2.55574	
744	-2.30482	4003.65	1.67244	-7.32804	0.00142261	2.17164	
745	-2.37499	4106.95	1.39039	-7.48764	0.00145403	1.77807	
746	-2.43656	4194.87	1.10295	-7.61613	0.00147737	1.3765	
747	-2.48928	4266.97	0.811682	-7.71337	0.00149249	0.968458	
748	-2.53295	4322.85	0.518167	-7.77934	0.0014993	0.555479	
749	-2.56735	4362.17	0.223996	-7.81418	0.00149778	0.139151	
750	-2.59232	4384.64	-0.0692528	-7.81814	0.00148794	-0.27892	
751	-2.60773	4390.04	-0.36004	-7.79159	0.00146985	-0.697106	
752	-2.61344	4378.19	-0.64688	-7.73504	0.00144361	-1.11376	
753	-2.60939	4349	-0.928354	-7.64908	0.00140938	-1.52725	
754	-2.59551	4302.45	-1.2031	-7.53442	0.00136734	-1.9359	
755	-2.57178	4238.56	-1.46977	-7.39186	0.00131773	-2.33809	
756	-2.53822	4157.45	-1.72705	-7.22226	0.00126084	-2.73216	
757	-2.49487	4059.32	-1.97359	-7.02657	0.00119704	-3.11652	
758	-2.44182	3944.42	-2.20798	-6.80582	0.00112678	-3.48958	
759	-2.37919	3813.11	-2.42879	-6.56108	0.00105059	-3.84977	
760	-2.30715	3665.8	-2.63457	-6.29348	0.000969107	-4.19559	
761	-2.22589	3502.99	-2.82393	-6.00422	0.000883033	-4.52558	
762	-2.13566	3325.28	-2.9956	-5.69454	0.000793153	-4.83834	
763	-2.03675	3133.31	-3.14851	-5.3657	0.0007003	-5.13251	
764	-1.92947	2927.82	-3.28188	-5.01905	0.000605336	-5.40684	
765	-1.8142	2709.61	-3.39527	-4.65595	0.000509129	-5.66012	
766	-1.69134	2479.55	-3.48863	-4.2778	0.000412523	-5.89125	
767	-1.56131	2238.57	-3.56222	-3.88604	0.000316314	-6.09921	
768	-1.4246	1987.66	-3.61662	-3.48215	0.000221236	-6.28307	
769	-1.28171	1727.87	-3.65263	-3.06764	0.000127937	-6.44201	
770	-1.13315	1460.28	-3.67121	-2.64403	3.69821e-05	-6.57531	
771	-0.979509	1186.02	-3.67334	-2.2129	-5.1156e-05	-6.68236	
772	-0.821355	906.259	-3.65997	-1.77581	-0.000136084	-6.76265	
773	-0.659306	622.17	-3.63201	-1.33436	-0.000217481	-6.81579	
774	-0.493997	334.963	-3.59024	-0.890168	-0.000295081	-6.84153	
775	-0.326084	45.8516	-3.53534	-0.444834	-0.000368665	-6.83969	
776	-0.156244	-243.941	-3.46795	2.63116e-05	-0.000438051	-6.81023	
777	0.0148358	-533.196	-3.38865	0.442803	-0.000503087	-6.75324	
778	0.186455	-820.702	-3.29801	0.881897	-0.000563656	-6.66891	
779	0.357909	-1105.26	-3.19661	1.31573	-0.000619673	-6.55753	
780	0.528493	-1385.69	-3.08507	1.74273	-0.000671091	-6.41953	
781	0.697505	-1660.85	-2.96404	2.16136	-0.000717898	-6.25544	
782	0.86425	-1929.6	-2.8342	2.57014	-0.000760115	-6.06588	
783	1.02804	-2190.86	-2.69624	2.96759	-0.000797793	-5.85158	
784	1.18821	-2443.59	-2.55088	3.3523	-0.000831003	-5.61339	
785	1.3441	-2686.79	-2.39885	3.72292	-0.000859836	-5.35223	
786	1.49506	-2919.48	-2.24089	4.07815	-0.0008844	-5.06912	
787	1.64049	-3140.77	-2.07779	4.41675	-0.000904824	-4.76516	
788	1.77977	-3349.81	-1.91034	4.73758	-0.000921261	-4.44154	
789	1.91235	-3545.79	-1.73937	5.03956	-0.000933892	-4.09952	
790	2.03767	-3727.98	-1.56574	5.3217	-0.000942932	-3.74043	
791	2.15522	-3895.68	-1.3903	5.58313	-0.00094862	-3.36565	
792	2.26453	-4048.28	-1.21389	5.82304	-0.000951218	-2.97665	
793	2.36515	-4185.21	-1.03733	6.04076	-0.000950998	-2.57492	
794	2.45667	-4305.97	-0.861404	6.2357	-0.000948233	-2.16202	
795	2.53874	-4410.11	-0.686833	6.40742	-0.000943187	-1.73954	
796	2.61101	-4497.24	-0.514287	6.55554	-0.000936113	-1.3091	
797	2.6732	-4567.03	-0.344378	6.67983	-0.000927252	-0.872363	
798	2.72507	-4619.22	-0.177654	6.78014	-0.000916835	-0.431016	
799	2.76642	-4653.58	-0.0145901	6.85646	-0.000905082	0.0132421	
800	2.79707	-4669.96	0.144424	6.90883	-0.000892202	0.458694	
801	2.81692	-4668.26	0.299102	6.93741	-0.000878382	0.903615	
802	2.82588	-4648.43	0.449275	6.94245	-0.000863775	1.34628	
803	2.82391	-4610.48	0.594892	6.92425	-0.000848486	1.78495	
804	2.81101	-4554.46	0.736004	6.88319	-0.00083256	2.21792	
805	2.78722	-4480.5	0.872732	6.8197	-0.000815975	2.64347	
806	2.75261	-4388.78	1.00522	6.73426	-0.000798647	3.05992	
807	2.70729	-4279.51	1.13355	6.62738	-0.000780439	3.46559	
808	2.6514	-4153	1.25775	6.49961	-0.000761183	3.85885	
809	2.58513	-4009.59	1.37767	6.35151	-0.0007407	4.23811	
810	2.50868	-3849.69	1.49306	6.18365	-0.000718827	4.60178	
811	2.42231	-3673.79	1.60352	5.99662	-0.000695427	4.94836	
812	2.3263	-3482.41	1.70863	5.79101	-0.00067041	5.27638	
813	2.22098	-3276.15	1.80795	5.56742	-0.000643728	5.58444	
814	2.10669	-3055.68	1.90117	5.32644	-0.00061537	5.8712	
815	1.98383	-2821.74	1.98811	5.06867	-0.000585354	6.13538	
816	1.85281	-2575.11	2.06879	4.79474	-0.000553711	6.37579	
817	1.71408	-2316.65	2.1434	4.50527	-0.000520463	6.59133	
818	1.56811	-2047.27	2.21227	4.2009	-0.000485614	6.78097	
819	1.41542	-1767.97	2.2758	3.8823	-0.000449136	6.94378	
820	1.25653	-1479.76	2.3344	3.55018	-0.000410963	7.07894	
821	1.092	-1183.74	2.38839	3.20526	-0.00037099	7.18572	
822	0.922409	-881.035	2.438	2.84834	-0.000329085	7.26352	
823	0.748354	-572.833	2.48332	2.48024	-0.000285097	7.31184	
824	0.570459	-260.35	2.52431	2.10185	-0.000238871	7.33029	
825	0.389363	55.1595	2.56086	1.7141	-0.000190265	7.31863	
826	0.205719	372.412	2.59278	1.318	-0.000139162	7.2767	
827	0.0201955	690.1	2.61989	0.914618	-8.54789e-05	7.20451	
828	-0.16653	1006.9	2.64198	0.505107	-2.9172e-05	7.10216	
829	-0.353769	1321.47	2.65882	0.0906717	2.97604e-05	6.9699	
830	-0.54083	1632.48	2.67015	-0.327405	9.12771e-05	6.8081	
831	-0.727013	1938.58	2.67565	-0.747775	0.000155292	6.61726	
832	-0.911613	2238.44	2.67489	-1.16902	0.000221672	6.398	
833	-1.09393	2530.72	2.66734	-1.58967	0.000290226	6.15106	
834	-1.27324	2814.15	2.65236	-2.00818	0.000360706	5.87733	
835	-1.44885	3087.43	2.62921	-2.42298	0.000432793	5.5778	
836	-1.62005	3349.31	2.59713	-2.83245	0.000506095	5.25356	
837	-1.78613	3598.61	2.55538	-3.23493	0.000580151	4.90585	
838	-1.94639	3834.14	2.50331	-3.62877	0.000654433	4.536	
839	-2.10015	4054.8	2.4404	-4.01228	0.00072836	4.14544	
840	-2.24672	4259.53	2.36633	-4.3838	0.00080131	3.7357	
841	-2.38544	4447.33	2.28098	-4.74168	0.000872641	3.30842	
842	-2.51565	4617.27	2.18444	-5.08429	0.00094171	2.8653	
843	-2.63674	4768.5	2.077	-5.41006	0.00100789	2.40814	
844	-2.74809	4900.23	1.9591	-5.71749	0.00107058	1.93879	
845	-2.84915	5011.75	1.83132	-6.00512	0.00112922	1.4592	
846	-2.93935	5102.46	1.6943	-6.27161	0.0011833	0.971331	
847	-3.01822	5171.82	1.54874	-6.51569	0.00123235	0.477234	
848	-3.08529	5219.4	1.39534	-6.7362	0.00127596	-0.0210244	
849	-3.14014	5244.85	1.23479	-6.9321	0.00131374	-0.521339	
850	-3.18241	5247.92	1.06775	-7.10246	0.00134535	-1.02158	
851	-3.2118	5228.47	0.894803	-7.24649	0.00137047	-1.51962	
852	-3.22802	5186.45	0.716479	-7.36351	0.00138881	-2.0133	
853	-3.23089	5121.9	0.53323	-7.45296	0.0014001	-2.5005	
854	-3.22024	5034.99	0.345451	-7.51444	0.00140411	-2.97908	
855	-3.19598	4925.95	0.153497	-7.54764	0.00140063	-3.44695	
856	-3.15808	4795.16	-0.0422764	-7.55239	0.00138947	-3.90205	
857	-3.10655	4643.05	-0.241468	-7.52863	0.00137049	-4.34236	
858	-3.04149	4470.19	-0.443579	-7.47643	0.00134358	-4.7659	
859	-2.96305	4277.23	-0.647963	-7.39595	0.00130868	-5.17078	
860	-2.87143	4064.9	-0.853793	-7.28747	0.00126577	-5.55515	
861	-2.76693	3834.06	-1.06005	-7.15134	0.00121492	-5.91726	
862	-2.6499	3585.63	-1.26552	-6.98803	0.00115626	-6.25544	
863	-2.52075	3320.61	-1.46884	-6.7981	0.00109002	-6.56812	
864	-2.37996	3040.1	-1.66855	-6.58219	0.00101654	-6.85383	
865	-2.22808	2745.27	-1.86313	-6.34102	0.000936268	-7.11121	
866	-2.06573	2437.35	-2.05111	-6.0754	0.000849726	-7.33902	
867	-1.89357	2117.65	-2.23106	-5.78621	0.000757538	-7.53614	
868	-1.71231	1787.51	-2.40165	-5.47441	0.000660388	-7.7016	
869	-1.52273	1448.36	-2.56167	-5.14106	0.000559007	-7.83454	
870	-1.32563	1101.64	-2.71002	-4.78728	0.000454151	-7.93424	
871	-1.12185	748.825	-2.8457	-4.41425	0.000346591	-8.00015	
872	-0.912256	391.439	-2.9678	-4.02324	0.000237103	-8.03182	
873	-0.697739	31.008	-3.0755	-3.61561	0.000126468	-8.029	
874	-0.479204	-330.923	-3.16805	-3.19276	1.54668e-05	-7.99155	
875	-0.25757	-692.805	-3.24482	-2.75616	-9.51189e-05	-7.91949	
876	-0.0337598	-1053.09	-3.30528	-2.30735	-0.000204515	-7.81299	
877	0.191301	-1410.25	-3.34908	-1.84793	-0.000311963	-7.67238	
878	0.416687	-1762.74	-3.37601	-1.37954	-0.000416737	-7.49812	
879	0.641477	-2109.08	-3.38606	-0.903863	-0.000518156	-7.29083	
880	0.864756	-2447.78	-3.37939	-0.422637	-0.000615597	-7.05125	
881	1.08562	-2777.39	-3.35635	0.0623781	-0.000708506	-6.7803	
882	1.30317	-3096.5	-3.31742	0.549395	-0.000796396	-6.47898	
883	1.51654	-3403.73	-3.2632	1.03661	-0.000878848	-6.14848	
884	1.72484	-3697.75	-3.19438	1.5222	-0.000955504	-5.79007	
885	1.92725	-3977.27	-3.11172	2.00436	-0.00102605	-5.40518	
886	2.12292	-4241.03	-3.01602	2.48126	-0.00109022	-4.99534	
887	2.31105	-4487.87	-2.90811	2.9511	-0.00114778	-4.56219	
888	2.49085	-4716.63	-2.78889	3.4121	-0.00119853	-4.10748	
889	2.66156	-4926.24	-2.65929	3.8625	-0.00124229	-3.63308	
890	2.82242	-5115.69	-2.52035	4.30057	-0.00127892	-3.14092	
891	2.97271	-5284.04	-2.37316	4.72464	-0.00130834	-2.63305	
892	3.11173	-5430.4	-2.21893	5.13306	-0.0013305	-2.11159	
893	3.23881	-5553.99	-2.0589	5.52425	-0.00134541	-1.57873	
894	3.35328	-5654.09	-1.89442	5.89667	-0.00135314	-1.03672	
895	3.45453	-5730.07	-1.72683	6.24886	-0.00135385	-0.48789	
896	3.54197	-5781.39	-1.55746	6.57943	-0.00134774	0.0654038	
897	3.61504	-5807.61	-1.38754	6.88705	-0.00133511	0.620757	
898	3.67325	-5808.41	-1.2182	7.17049	-0.00131631	1.17574	
899	3.71613	-5783.54	-1.05037	7.42857	-0.00129173	1.72789	
900	3.74328	-5732.9	-0.884746	7.66023	-0.00126182	2.27477	
901	3.75438	-5656.49	-0.721803	7.86449	-0.00122703	2.8139	
902	3.74913	-5554.43	-0.56176	8.04047	-0.00118783	3.34286	
903	3.72735	-5426.97	-0.404609	8.18738	-0.00114468	3.85922	
904	3.68891	-5274.47	-0.250143	8.30454	-0.00109798	4.36061	
905	3.63375	-5097.43	-0.0980055	8.39137	-0.00104811	4.8447	
906	3.56193	-4896.48	0.052262	8.44741	-0.000995409	5.30922	
907	3.47356	-4672.36	0.20117	8.47228	-0.000940145	5.75199	
908	3.36886	-4425.96	0.349237	8.46573	-0.000882558	6.17089	
909	3.24814	-4158.25	0.496945	8.42761	-0.00082285	6.5639	
910	3.11181	-3870.36	0.644712	8.35789	-0.000761201	6.92914	
911	2.96037	-3563.51	0.792856	8.25664	-0.000697783	7.26479	
912	2.79441	-3239.01	0.941574	8.12404	-0.000632768	7.56922	
913	2.61462	-2898.3	1.09091	7.9604	-0.000566341	7.84088	
914	2.42179	-2542.89	1.24073	7.7661	-0.000498701	8.0784	
915	2.21676	-2174.38	1.3907	7.54166	-0.000430074	8.28055	
916	2.00047	-1794.44	1.5403	7.2877	-0.000360707	8.44626	
917	1.77393	-1404.81	1.68877	7.00494	-0.000290876	8.57464	
918	1.53819	-1007.26	1.8352	6.69421	-0.000220885	8.66495	
919	1.29439	-603.636	1.97849	6.35644	-0.000151066	8.71662	
920	1.04367	-195.79	2.11745	5.99264	-8.17817e-05	8.72929	
921	0.787235	214.39	2.25081	5.60395	-1.34159e-05	8.70274	
922	0.526299	625.007	2.37732	5.19159	5.36271e-05	8.63696	
923	0.262091	1034.16	2.4958	4.75685	0.000118935	8.53212	
924	-0.00415321	1439.96	2.60516	4.30111	0.000182099	8.38855	
925	-0.271207	1840.53	2.70449	3.82587	0.000242732	8.20677	
926	-0.537853	2234.02	2.79309	3.33264	0.000300481	7.98748	
927	-0.802897	2618.61	2.87047	2.82306	0.000355047	7.73156	
928	-1.06517	2992.53	2.93642	2.29881	0.000406201	7.44004	
929	-1.32352	3354.03	2.99095	1.76162	0.000453791	7.11413	
930	-1.57685	3701.45	3.03432	1.21331	0.000497756	6.7552	
931	-1.82408	4033.17	3.06697	0.655732	0.000538128	6.36477	
932	-2.06418	4347.65	3.08952	0.0908046	0.000575029	5.9445	
933	-2.29614	4643.39	3.10265	-0.479512	0.000608661	5.4962	
934	-2.51901	4919.01	3.10704	-1.05321	0.000639297	5.02181	
935	-2.73186	5173.19	3.10334	-1.62823	0.00066726	4.5234	
936	-2.93381	5404.68	3.09207	-2.20247	0.0006929	4.00315	
937	-3.12403	5612.37	3.07362	-2.77379	0.000716574	3.46335	
938	-3.3017	5795.21	3.04821	-3.34001	0.000738625	2.90638	
939	-3.46605	5952.27	3.01594	-3.89892	0.000759361	2.33473	
940	-3.61636	6082.72	2.97682	-4.44826	0.000779049	1.75094	
941	-3.75193	6185.86	2.93075	-4.98576	0.000797902	1.15763	
942	-3.87209	6261.1	2.87766	-5.50911	0.00081608	0.557487	
943	-3.97624	6307.98	2.81743	-6.016	0.000833691	-0.0467824	
944	-4.06378	6326.17	2.74995	-6.50411	0.000850792	-0.652428	
945	-4.13421	6315.47	2.67506	-6.97111	0.000867396	-1.25669	
946	-4.18705	6275.84	2.59257	-7.41472	0.000883472	-1.85679	
947	-4.22189	6207.35	2.50217	-7.83268	0.000898951	-2.44998	
948	-4.2384	6110.25	2.40344	-8.22276	0.000913727	-3.03353	
949	-4.23631	5984.91	2.29587	-8.58284	0.000927662	-3.60474	
950	-4.21544	5831.85	2.17884	-8.91085	0.000940591	-4.16096	
951	-4.17567	5651.75	2.05167	-9.20487	0.000952326	-4.69961	
952	-4.11701	5445.42	1.9137	-9.46307	0.000962659	-5.21821	
953	-4.03952	5213.78	1.76435	-9.68381	0.000971366	-5.71432	
954	-3.9434	4957.93	1.60314	-9.86558	0.000978209	-6.18566	
955	-3.82893	4679.05	1.42976	-10.0071	0.000982928	-6.63003	
956	-3.69647	4378.45	1.24406	-10.1072	0.000985248	-7.04537	
957	-3.54653	4057.54	1.04608	-10.1651	0.000984869	-7.42975	
958	-3.37968	3717.84	0.836029	-10.1801	0.000981473	-7.78139	
959	-3.1966	3360.92	0.614245	-10.1517	0.000974725	-8.09866	
960	-2.99808	2988.46	0.381222	-10.0797	0.000964285	-8.38009	
961	-2.78497	2602.16	0.137589	-9.96428	0.000949812	-8.62437	
962	-2.55822	2203.81	-0.115868	-9.80561	0.000930987	-8.83037	
963	-2.31884	1795.21	-0.378192	-9.60423	0.000907514	-8.99712	
964	-2.06794	1378.18	-0.648216	-9.36088	0.000879139	-9.12385	
965	-1.80665	954.597	-0.924552	-9.07651	0.000845652	-9.20994	
966	-1.53616	526.304	-1.20557	-8.75227	0.000806899	-9.25496	
967	-1.25774	95.1679	-1.48939	-8.38951	0.000762781	-9.25866	
968	-0.972659	-336.957	-1.77393	-7.98974	0.000713259	-9.22097	
969	-0.682232	-768.229	-2.05694	-7.55465	0.000658363	-9.14198	
970	-0.3878	-1196.82	-2.33603	-7.08605	0.00059819	-9.02198	
971	-0.0907179	-1620.94	-2.60877	-6.5859	0.00053291	-8.86141	
972	0.207649	-2038.8	-2.87273	-6.05626	0.000462766	-8.6609	
973	0.505934	-2448.67	-3.12561	-5.49929	0.000388071	-8.42122	
974	0.802774	-2848.82	-3.3652	-4.91726	0.000309202	-8.14334	
975	1.09682	-3237.58	-3.58956	-4.3125	0.000226591	-7.82836	
976	1.38674	-3613.31	-3.79696	-3.6874	0.000140712	-7.47755	
977	1.67122	-3974.41	-3.98594	-3.04443	5.20698e-05	-7.09233	
978	1.94898	-4319.32	-4.15537	-2.38611	-3.88115e-05	-6.67427	
979	2.21879	-4646.54	-4.30434	-1.71499	-0.000131398	-6.22509	
980	2.47942	-4954.6	-4.43226	-1.03371	-0.000225151	-5.74663	
981	2.72972	-5242.11	-4.53873	-0.344893	-0.000319535	-5.24088	
982	2.96856	-5507.72	-4.62354	0.34875	-0.000414014	-4.70996	
983	3.19487	-5750.15	-4.68664	1.0445	-0.000508058	-4.15609	
984	3.40762	-5968.21	-4.72805	1.73958	-0.000601138	-3.58162	
985	3.60585	-6160.78	-4.74784	2.43121	-0.000692726	-2.98901	
986	3.78866	-6326.82	-4.74608	3.11656	-0.000782294	-2.38081	
987	3.95521	-6465.4	-4.72285	3.79279	-0.000869307	-1.75965	
988	4.10474	-6575.68	-4.6782	4.45704	-0.000953224	-1.12824	
989	4.23657	-6656.96	-4.61213	5.10646	-0.00103349	-0.489386	
990	4.3501	-6708.63	-4.52469	5.73817	-0.00110955	0.154089	
991	4.44481	-6730.22	-4.41592	6.34933	-0.00118083	0.7993	
992	4.52027	-6721.41	-4.2859	6.93713	-0.00124674	1.44333	
993	4.57617	-6682	-4.13482	7.49879	-0.00130673	2.08326	
994	4.61224	-6611.95	-3.96297	8.03161	-0.00136024	2.71616	
995	4.62837	-6511.38	-3.77077	8.53295	-0.00140676	3.3391	
996	4.62447	-6380.55	-3.55879	9.00029	-0.00144582	3.94919	
997	4.60061	-6219.88	-3.32776	9.43122	-0.00147698	4.54358	
998	4.55689	-6029.96	-3.07857	9.82347	-0.00149988	5.11949	
999	4.49352	-5811.51	-2.81227	10.1749	-0.00151423	5.67419	
1000	4.41079	-5565.44	-2.53005	10.4837	-0.00151978	6.20505	
1001	4.30904	-5292.77	-2.23328	10.748	-0.00151636	6.70953	
1002	4.1887	-4994.7	-1.92349	10.9665	-0.00150388	7.18521	
1003	4.05023	-4672.54	-1.60233	11.1377	-0.00148231	7.6298	
1004	3.89417	-4327.72	-1.27165	11.2607	-0.00145174	8.04115	
1005	3.72111	-3961.83	-0.933391	11.3347	-0.00141232	8.41725	
1006	3.53168	-3576.53	-0.589632	11.3592	-0.00136432	8.75626	
1007	3.32656	-3173.59	-0.242505	11.334	-0.00130812	9.05652	
1008	3.10648	-2754.87	0.10584	11.259	-0.00124418	9.31651	
1009	2.87222	-2322.31	0.453297	11.1347	-0.00117306	9.53494	
1010	2.62459	-1877.9	0.797864	10.9614	-0.00109541	9.71069	
1011	2.36445	-1423.7	1.13768	10.7401	-0.0010119	9.84283	
1012	2.09273	-961.791	1.47106	10.4718	-0.000923273	9.93064	
1013	1.81038	-494.313	1.79649	10.1577	-0.000830268	9.9736	
1014	1.51842	-23.4086	2.11262	9.79932	-0.000733644	9.9714	
1015	1.21794	448.765	2.41818	9.39843	-0.000634148	9.92393	
1016	0.910068	920.046	2.712	8.95689	-0.000532516	9.83129	
1017	0.596007	1388.28	2.99289	8.47678	-0.000429465	9.69378	
1018	0.277025	1851.34	3.25964	7.96035	-0.000325697	9.51192	
1019	-0.0455421	2307.09	3.511	7.40999	-0.000221894	9.28641	
1020	-0.370296	2753.48	3.74565	6.82822	-0.000118731	9.01816	
1021	-0.695778	3188.44	3.96223	6.21772	-1.6869e-05	8.70828	
1022	-1.02047	3610	4.15941	5.58123	8.30414e-05	8.35807	
1023	-1.34281	4016.21	4.3359	4.92162	0.000180364	7.969	
1024	-1.66121	4405.2	4.4905	4.24184	0.000274484	7.54275	
1025	-1.97404	4775.19	4.6222	3.54491	0.000364819	7.08113	
1026	-2.27966	5124.45	4.73019	2.83392	0.000450834	6.58616	
1027	-2.57646	5451.35	4.81387	2.11199	0.000532045	6.05997	
1028	-2.86283	5754.37	4.87295	1.38228	0.00060804	5.50489	
1029	-3.1372	6032.07	4.90737	0.64799	0.00067848	4.92333	
1030	-3.39808	6283.16	4.9174	-0.0876967	0.000743107	4.31787	
1031	-3.64402	6506.44	4.90351	-0.821598	0.000801745	3.69118	
1032	-3.87368	6700.84	4.86647	-1.55056	0.000854305	3.04604	
1033	-4.08583	6865.44	4.80724	-2.27146	0.000900779	2.38532	
1034	-4.27936	6999.45	4.72698	-2.98125	0.000941243	1.71198	
1035	-4.45327	7102.22	4.62701	-3.67695	0.00097585	1.029	
1036	-4.60672	7173.25	4.50879	-4.35567	0.00100482	0.33946	
1037	-4.73899	7212.2	4.37388	-5.01462	0.00102845	-0.353564	
1038	-4.84953	7218.87	4.22389	-5.65114	0.00104707	-1.04696	
1039	-4.93792	7193.21	4.0605	-6.26269	0.00106105	-1.73762	
1040	-5.00386	7135.32	3.88531	-6.84688	0.00107078	-2.42245	
1041	-5.0472	7045.47	3.6999	-7.40148	0.00107665	-3.09836	
1042	-5.06793	6924.06	3.50568	-7.9244	0.00107906	-3.76233	
1043	-5.06613	6771.62	3.30387	-8.41372	0.00107836	-4.41137	
1044	-5.04199	6588.84	3.09549	-8.86768	0.00107488	-5.04256	
1045	-4.99581	6376.53	2.88126	-9.28469	0.0010689	-5.65308	
1046	-4.92795	6135.64	2.66164	-9.66333	0.00106067	-6.24018	
1047	-4.83887	5867.23	2.43687	-10.0023	0.00105036	-6.80123	
1048	-4.72908	5572.48	2.20692	-10.3006	0.00103812	-7.3337	
1049	-4.59914	5252.69	1.97166	-10.5571	0.00102401	-7.8352	
1050	-4.44967	4909.23	1.73083	-10.7711	0.00100805	-8.30347	
1051	-4.28132	4543.61	1.48419	-10.942	0.000990206	-8.73639	
1052	-4.0948	4157.39	1.23151	-11.0692	0.000970382	-9.132	
1053	-3.89084	3752.22	0.972694	-11.1523	0.000948465	-9.48851	
1054	-3.67022	3329.86	0.7078	-11.1911	0.000924312	-9.80427	
1055	-3.43378	2892.08	0.437058	-11.1855	0.000897783	-10.0778	
1056	-3.1824	2440.76	0.160908	-11.1356	0.000868751	-10.3079	
1057	-2.91699	1977.81	-0.120001	-11.0415	0.00083713	-10.4935	
1058	-2.63855	1505.19	-0.404802	-10.9035	0.000802886	-10.6335	
1059	-2.34814	1024.9	-0.692422	-10.722	0.00076605	-10.7274	
1060	-2.04685	538.991	-0.981598	-10.4978	0.000726721	-10.7746	
1061	-1.73588	49.5071	-1.2709	-10.2316	0.000685064	-10.7748	
1062	-1.41647	-441.467	-1.55877	-9.92434	0.000641292	-10.7278	
1063	-1.08993	-931.844	-1.84354	-9.57709	0.000595657	-10.6338	
1064	-0.757618	-1419.53	-2.12351	-9.19116	0.000548423	-10.4931	
1065	-0.420964	-1902.45	-2.39697	-8.76799	0.000499847	-10.306	
1066	-0.0814347	-2378.51	-2.66221	-8.30921	0.000450168	-10.0734	
1067	0.259467	-2845.69	-2.91759	-7.81662	0.00039959	-9.79601	
1068	0.600211	-3301.94	-3.16153	-7.2922	0.000348283	-9.47498	
1069	0.939255	-3745.3	-3.39252	-6.73807	0.000296379	-9.11156	
1070	1.27506	-4173.82	-3.60913	-6.15654	0.00024398	-8.70717	
1071	1.60609	-4585.63	-3.81003	-5.55003	0.000191159	-8.26346	
1072	1.93084	-4978.89	-3.99399	-4.92114	0.000137971	-7.7822	
1073	2.24784	-5351.87	-4.15991	-4.27253	8.44554e-05	-7.26537	
1074	2.55567	-5702.89	-4.30686	-3.60702	3.06403e-05	-6.71509	
1075	2.85296	-6030.36	-4.43413	-2.92748	-2.34542e-05	-6.13362	
1076	3.13841	-6332.79	-4.54124	-2.23686	-7.78128e-05	-5.52339	
1077	3.41077	-6608.79	-4.62795	-1.53814	-0.000132422	-4.88695	
1078	3.66889	-6857.07	-4.69428	-0.834355	-0.000187268	-4.22695	
1079	3.91167	-7076.45	-4.7405	-0.128518	-0.00024233	-3.54619	
1080	4.13811	-7265.89	-4.76702	0.576355	-0.000297575	-2.84755	
1081	4.34729	-7424.46	-4.7744	1.27728	-0.000352955	-2.13399	
1082	4.53834	-7551.37	-4.76325	1.97133	-0.000408395	-1.40855	
1083	4.71051	-7645.95	-4.73418	2.65564	-0.000463786	-0.674338	
1084	4.86308	-7707.69	-4.68775	3.3274	-0.00051898	0.0654952	
1085	4.99544	-7736.21	-4.62446	3.98392	-0.000573781	0.807766	
1086	5.10703	-7731.3	-4.5447	4.6226	-0.000627941	1.54927	
1087	5.19736	-7692.86	-4.44879	5.24094	-0.000681167	2.2868	
1088	5.26601	-7620.98	-4.33695	5.83655	-0.000733124	3.01716	
1089	5.31263	-7515.88	-4.20934	6.40718	-0.00078345	3.73717	
1090	5.33693	-7377.93	-4.06604	6.95068	-0.000831768	4.44369	
1091	5.33871	-7207.67	-3.9071	7.46502	-0.000877706	5.13365	
1092	5.31783	-7005.76	-3.73249	7.94832	-0.000920909	5.80402	
1093	5.27426	-6773.02	-3.54218	8.3988	-0.000961051	6.45186	
1094	5.20805	-6510.42	-3.33611	8.81482	-0.000997841	7.07434	
1095	5.11936	-6219.04	-3.11426	9.19487	-0.00103103	7.66871	
1096	5.00845	-5900.12	-2.87671	9.53757	-0.0010604	8.23236	
1097	4.8757	-5555	-2.62365	9.84166	-0.00108577	8.76278	
1098	4.72161	-5185.16	-2.35549	10.106	-0.00110699	9.25765	
1099	4.54679	-4792.15	-2.0729	10.3297	-0.00112395	9.71474	
1100	4.35199	-4377.67	-1.77686	10.5119	-0.00113653	10.132	
1101	4.13807	-3943.47	-1.46871	10.6519	-0.00114468	10.5076	
1102	3.90598	-3491.42	-1.15014	10.7492	-0.00114835	10.8399	
1103	3.65681	-3023.42	-0.823178	10.8034	-0.00114751	11.1272	
1104	3.39173	-2541.47	-0.490159	10.8144	-0.00114218	11.3684	
1105	3.112	-2047.61	-0.153661	10.7821	-0.00113243	11.5622	
1106	2.81894	-1543.91	0.18357	10.7067	-0.00111832	11.7077	
1107	2.51394	-1032.5	0.518704	10.5886	-0.00109998	11.8042	
1108	2.19842	-515.506	0.848918	10.4282	-0.00107756	11.8511	
1109	1.87385	4.90619	1.17149	10.2263	-0.00105121	11.8482	
1110	1.54168	526.578	1.48389	9.98379	-0.0010211	11.7952	
1111	1.20338	1047.35	1.78387	9.70167	-0.000987394	11.6924	
1112	0.860402	1565.07	2.06954	9.38121	-0.000950214	11.5399	
1113	0.514173	2077.62	2.33945	9.02379	-0.00090966	11.3383	
1114	0.166087	2582.87	2.59259	8.63096	-0.000865785	11.0883	
1115	-0.182499	3078.76	2.82846	8.2044	-0.000818594	10.7907	
1116	-0.530269	3563.24	3.04705	7.74593	-0.000768046	10.4467	
1117	-0.875954	4034.33	3.24876	7.25748	-0.000714062	10.0575	
1118	-1.21832	4490.06	3.43437	6.7411	-0.000656533	9.62463	
1119	-1.55619	4928.56	3.6049	6.19893	-0.000595337	9.14973	
1120	-1.88839	5347.98	3.76155	5.63317	-0.000530352	8.63463	
1121	-2.2138	5746.56	3.90553	5.04612	-0.000461473	8.08133	
1122	-2.53132	6122.6	4.038	4.44014	-0.000388629	7.49201	
1123	-2.83984	6474.49	4.15994	3.81763	-0.000311797	6.86898	
1124	-3.13828	6800.7	4.2721	3.18105	-0.000231016	6.21471	
1125	-3.42554	7099.77	4.37497	2.53288	-0.000146395	5.53182	
1126	-3.70053	7370.36	4.46868	1.87566	-5.81255e-05	4.82304	
1127	-3.96215	7611.23	4.55306	1.21195	3.35155e-05	4.09124	
1128	-4.20929	7821.25	4.62756	0.544327	0.000128161	3.33938	
1129	-4.44085	7999.41	4.6913	-0.124602	0.000225353	2.57052	
1130	-4.65573	8144.82	4.74303	-0.792211	0.000324537	1.78781	
1131	-4.85286	8256.72	4.78119	-1.45587	0.000425068	0.99447	
1132	-5.03118	8334.51	4.80391	-2.11293	0.000526206	0.193779	
1133	-5.18969	8377.7	4.80915	-2.76077	0.000627128	-0.610943	
1134	-5.32744	8385.99	4.79474	-3.39676	0.000726936	-1.41634	
1135	-5.44355	8359.21	4.75855	-4.01831	0.000824674	-2.21906	
1136	-5.53721	8297.34	4.6986	-4.62284	0.000919351	-3.01572	
1137	-5.60776	8200.55	4.61325	-5.20786	0.00100996	-3.80297	
1138	-5.65459	8069.14	4.5013	-5.77093	0.00109554	-4.5775	
1139	-5.67728	7903.58	4.36208	-6.30968	0.00117514	-5.33602	
1140	-5.67551	7704.51	4.1955	-6.82186	0.00124793	-6.07532	
1141	-5.64912	7472.7	4.00207	-7.30533	0.00131315	-6.79226	
1142	-5.5981	7209.08	3.78283	-7.75807	0.00137017	-7.48378	
1143	-5.5226	6914.72	3.5393	-8.17824	0.00141849	-8.14694	
1144	-5.42292	6590.83	3.27335	-8.56412	0.00145773	-8.77889	
1145	-5.29952	6238.74	2.98713	-8.9142	0.00148763	-9.37693	
1146	-5.15298	5859.91	2.68301	-9.22713	0.00150806	-9.93848	
1147	-4.98403	5455.89	2.36345	-9.50177	0.00151897	-10.4611	
1148	-4.79352	5028.35	2.03102	-9.73715	0.00152041	-10.9426	
1149	-4.58238	4579.03	1.68834	-9.93252	0.0015125	-11.3809	
1150	-4.35167	4109.77	1.33805	-10.0873	0.00149543	-11.7739	
1151	-4.10249	3622.48	0.982789	-10.2011	0.00146943	-12.1201	
1152	-3.83604	3119.11	0.625146	-10.2738	0.0014348	-12.4178	
1153	-3.55356	2601.7	0.267634	-10.3052	0.00139187	-12.6657	
1154	-3.25631	2072.3	-0.0873657	-10.2956	0.00134101	-12.8627	
1155	-2.9456	1533.03	-0.437642	-10.2453	0.00128266	-13.0078	
1156	-2.62278	986.029	-0.781182	-10.1547	0.00121731	-13.1003	
1157	-2.28918	433.465	-1.11618	-10.0243	0.00114549	-13.1396	
1158	-1.94618	-122.476	-1.44105	-9.85483	0.00106781	-13.1255	
1159	-1.59515	-679.59	-1.75435	-9.64718	0.000984889	-13.0578	
1160	-1.23747	-1235.67	-2.05483	-9.40223	0.000897425	-12.9366	
1161	-0.874544	-1788.5	-2.34131	-9.12103	0.000806138	-12.7624	
1162	-0.507779	-2335.88	-2.61275	-8.8047	0.000711782	-12.5355	
1163	-0.138597	-2875.6	-2.86811	-8.4545	0.000615137	-12.2568	
1164	0.231569	-3405.49	-3.10647	-8.07174	0.000517005	-11.9272	
1165	0.601273	-3923.4	-3.32694	-7.65788	0.000418208	-11.5479	
1166	0.969058	-4427.2	-3.52873	-7.21446	0.000319573	-11.1202	
1167	1.33346	-4914.81	-3.71115	-6.74311	0.00022193	-10.6458	
1168	1.69301	-5384.2	-3.87365	-6.24561	0.000126094	-10.1263	
1169	2.04624	-5833.4	-4.01578	-5.72379	3.28467e-05	-9.56369	
1170	2.39169	-6260.5	-4.13726	-5.17965	-5.70809e-05	-8.96017	
1171	2.72794	-6663.68	-4.23798	-4.61526	-0.000143028	-8.318	
1172	3.05358	-7041.2	-4.31798	-4.03282	-0.000224421	-7.63966	
1173	3.36723	-7391.41	-4.37747	-3.43461	-0.000300788	-6.92779	
1174	3.66758	-7712.77	-4.41682	-2.82302	-0.000371766	-6.18515	
1175	3.95338	-8003.85	-4.43659	-2.20055	-0.000437107	-5.41467	
1176	4.22343	-8263.35	-4.43747	-1.56973	-0.000496675	-4.61939	
1177	4.47663	-8490.09	-4.4203	-0.933199	-0.000550445	-3.80246	
1178	4.71195	-8683.04	-4.38604	-0.293624	-0.000598493	-2.96714	
1179	4.92846	-8841.3	-4.33572	0.346289	-0.00064099	-2.11677	
1180	5.12532	-8964.13	-4.27045	0.983823	-0.000678184	-1.25476	
1181	5.30179	-9050.91	-4.1913	1.61626	-0.000710392	-0.384596	
1182	5.45722	-9101.21	-4.09937	2.24092	-0.000737976	0.490215	
1183	5.59107	-9114.75	-3.99568	2.85515	-0.000761326	1.36613	
1184	5.70288	-9091.38	-3.8812	3.45637	-0.000780843	2.23959	
1185	5.79228	-9031.15	-3.75682	4.04207	-0.000796918	3.10705	
1186	5.859	-8934.22	-3.62336	4.60985	-0.000809917	3.96497	
1187	5.90282	-8800.95	-3.48158	5.15741	-0.000820174	4.80985	
1188	5.92363	-8631.82	-3.33218	5.68259	-0.000827983	5.63825	
1189	5.92135	-8427.45	-3.17579	6.18332	-0.000833606	6.44678	
1190	5.89599	-8188.64	-3.01301	6.65773	-0.000837277	7.23213	
1191	5.84761	-7916.31	-2.84436	7.10404	-0.000839211	7.99107	
1192	5.77634	-7611.49	-2.67031	7.52064	-0.000839618	8.72051	
1193	5.68236	-7275.38	-2.49124	7.90606	-0.000838707	9.41743	
1194	5.5659	-6909.26	-2.30744	8.25898	-0.000836693	10.079	
1195	5.42725	-6514.57	-2.11911	8.57821	-0.000833794	10.7024	
1196	5.26678	-6092.81	-1.92639	8.86271	-0.00083023	11.2851	
1197	5.08491	-5645.62	-1.72931	9.11154	-0.000826214	11.8247	
1198	4.88215	-5174.72	-1.52786	9.32393	-0.000821946	12.3188	
1199	4.65908	-4681.92	-1.32204	9.4992	-0.000817607	12.7655	
1200	4.4164	-4169.12	-1.11183	9.63679	-0.00081335	13.1628	
1201	4.15486	-3638.29	-0.897273	9.73627	-0.000809305	13.5091	
1202	3.87536	-3091.47	-0.678496	9.79731	-0.000805568	13.8026	
1203	3.57889	-2530.77	-0.455721	9.8197	-0.000802198	14.0423	
1204	3.26654	-1958.35	-0.229283	9.80334	-0.00079922	14.2269	
1205	2.93951	-1376.43	0.000372711	9.74825	-0.000796608	14.3556	
1206	2.59913	-787.265	0.232699	9.65459	-0.000794285	14.4277	
1207	2.24679	-193.154	0.467067	9.52262	-0.000792112	14.4426	
1208	1.88401	403.577	0.702783	9.35275	-0.000789882	14.4003	
1209	1.51235	1000.58	0.939112	9.14553	-0.000787312	14.3007	
1210	1.13347	1595.48	1.17529	8.90166	-0.000784048	14.1439	
1211	0.74907	2185.92	1.41056	8.62199	-0.000779662	13.9305	
1212	0.360879	2769.53	1.64414	8.30755	-0.000773663	13.6611	
1213	-0.0293426	3343.95	1.87525	7.9595	-0.000765504	13.3367	
1214	-0.419834	3906.85	2.10312	7.5792	-0.000754603	12.9583	
1215	-0.808846	4455.93	2.32698	7.16814	-0.000740361	12.5273	
1216	-1.19466	4988.93	2.54603	6.728	-0.00072218	12.0452	
1217	-1.5756	5503.65	2.75949	6.26059	-0.000699491	11.514	
1218	-1.95004	5997.95	2.96653	5.7679	-0.000671773	10.9355	
1219	-2.31642	6469.76	3.16633	5.25202	-0.000638577	10.3119	
1220	-2.67328	6917.11	3.35807	4.71517	-0.000599537	9.64562	
1221	-3.0192	7338.11	3.5409	4.15969	-0.000554386	8.9392	
1222	-3.35288	7730.99	3.71399	3.588	-0.000502962	8.19536	
1223	-3.67307	8094.08	3.87653	3.00258	-0.000445208	7.41697	
1224	-3.97864	8425.85	4.02773	2.40599	-0.000381176	6.60706	
1225	-4.26852	8724.9	4.16677	1.80079	-0.000311026	5.76877	
1226	-4.54171	8989.95	4.29284	1.18959	-0.000235022	4.90537	
1227	-4.79731	9219.87	4.40507	0.574953	-0.000153536	4.02024	
1228	-5.03446	9413.7	4.50252	-0.0405349	-6.70406e-05	3.11684	
1229	-5.25238	9570.6	4.58412	-0.654341	2.38867e-05	2.1987	
1230	-5.45035	9689.9	4.64869	-1.26398	0.000118573	1.26941	
1231	-5.62768	9771.08	4.69486	-1.86701	0.000216258	0.332625	
1232	-5.78376	9813.78	4.7212	-2.46106	0.000316103	-0.607989	
1233	-5.91801	9817.78	4.72618	-3.04384	0.000417204	-1.54874	
1234	-6.0299	9783.03	4.70829	-3.61312	0.00051861	-2.48594	
1235	-6.11893	9709.63	4.66609	-4.16676	0.000619335	-3.41591	
1236	-6.18468	9597.81	4.59837	-4.70268	0.000718376	-4.33498	
1237	-6.22675	9447.98	4.50416	-5.2189	0.000814727	-5.23954	
1238	-6.24484	9260.67	4.38285	-5.7135	0.000907396	-6.12601	
1239	-6.23867	9036.55	4.23422	-6.18466	0.000995425	-6.9909	
1240	-6.20806	8776.44	4.05846	-6.63062	0.00107791	-7.83076	
1241	-6.15291	8481.29	3.85618	-7.0497	0.001154	-8.64227	
1242	-6.0732	8152.18	3.62838	-7.44032	0.00122297	-9.42217	
1243	-5.96903	7790.32	3.37645	-7.80096	0.00128415	-10.1673	
1244	-5.84058	7397.06	3.10214	-8.1302	0.00133704	-10.8748	
1245	-5.68815	6973.84	2.80749	-8.42672	0.00138121	-11.5416	
1246	-5.51218	6522.24	2.49486	-8.6893	0.00141637	-12.1652	
1247	-5.31319	6043.95	2.16683	-8.91682	0.00144236	-12.7429	
1248	-5.09187	5540.77	1.82618	-9.10828	0.00145911	-13.2723	
1249	-4.84903	5014.6	1.47585	-9.26282	0.00146666	-13.7512	
1250	-4.58558	4467.44	1.11885	-9.37972	0.00146513	-14.1777	
1251	-4.30258	3901.39	0.758194	-9.4584	0.00145475	-14.5499	
1252	-4.00121	3318.64	0.396879	-9.49845	0.00143582	-14.8662	
1253	-3.68275	2721.43	0.0377773	-9.49961	0.00140871	-15.1253	
1254	-3.34857	2112.11	-0.31639	-9.46182	0.00137387	-15.3259	
1255	-3.00017	1493.06	-0.663099	-9.38517	0.00133181	-15.4671	
1256	-2.63907	866.724	-1.00006	-9.26997	0.00128306	-15.5483	
1257	-2.2669	235.585	-1.32523	-9.11668	0.00122822	-15.5689	
1258	-1.88531	-397.846	-1.63686	-8.92597	0.00116785	-15.5288	
1259	-1.49599	-1031.04	-1.93347	-8.69868	0.00110255	-15.4279	
1260	-1.10065	-1661.46	-2.2139	-8.43584	0.0010329	-15.2667	
1261	-0.701004	-2286.59	-2.47726	-8.13862	0.00095943	-15.0455	
1262	-0.298758	-2903.91	-2.72293	-7.80838	0.00088267	-14.7651	
1263	0.104405	-3510.95	-2.95057	-7.44661	0.00080311	-14.4265	
1264	0.506835	-4105.27	-3.16001	-7.05493	0.00072121	-14.031	
1265	0.906918	-4684.51	-3.35126	-6.6351	0.000637407	-13.58	
1266	1.30309	-5246.33	-3.52447	-6.18896	0.000552117	-13.0752	
1267	1.69384	-5788.51	-3.67985	-5.71848	0.000465743	-12.5184	
1268	2.07771	-6308.9	-3.81768	-5.22567	0.000378679	-11.9119	
1269	2.45329	-6805.42	-3.93828	-4.71262	0.000291318	-11.2578	
1270	2.81922	-7276.12	-4.042	-4.18147	0.000204056	-10.5587	
1271	3.17422	-7719.15	-4.12926	-3.6344	0.000117286	-9.81717	
1272	3.51701	-8132.76	-4.20051	-3.07363	3.14019e-05	-9.0361	
1273	3.84639	-8515.34	-4.25626	-2.50139	-5.32156e-05	-8.21845	
1274	4.16117	-8865.36	-4.29707	-1.91994	-0.000136206	-7.36735	
1275	4.46022	-9181.47	-4.3235	-1.33152	-0.000217238	-6.48604	
1276	4.74244	-9462.4	-4.3361	-0.738411	-0.000296021	-5.5779	
1277	5.00676	-9707.04	-4.33533	-0.142886	-0.000372305	-4.6464	
1278	5.25216	-9914.41	-4.32157	0.452782	-0.000445882	-3.69511	
1279	5.47766	-10083.6	-4.29507	1.04632	-0.000516576	-2.72768	
1280	5.68233	-10214.1	-4.25591	1.63545	-0.000584238	-1.74784	
1281	5.8653	-10305.1	-4.20405	2.21791	-0.000648729	-0.759337	
1282	6.02575	-10356.2	-4.13931	2.79144	-0.000709918	0.234001	
1283	6.16296	-10367.3	-4.06146	3.35378	-0.000767672	1.22834	
1284	6.27625	-10338.2	-3.9702	3.90271	-0.000821857	2.21984	
1285	6.36506	-10268.8	-3.86524	4.43601	-0.000872342	3.20464	
1286	6.42894	-10159.4	-3.74638	4.95152	-0.000919009	4.17891	
1287	6.46753	-10010.3	-3.61347	5.44711	-0.000961755	5.13886	
1288	6.48061	-9822.02	-3.46651	5.92068	-0.0010005	6.08072	
1289	6.46805	-9595.17	-3.30565	6.37025	-0.0010352	7.0008	
1290	6.42988	-9330.56	-3.13119	6.79388	-0.00106582	7.89549	
1291	6.36627	-9029.17	-2.94363	7.18975	-0.00109237	8.76124	
1292	6.27747	-8692.1	-2.74364	7.55614	-0.00111485	9.59463	
1293	6.1639	-8320.63	-2.53208	7.89147	-0.00113329	10.3924	
1294	6.02608	-7916.16	-2.30996	8.19427	-0.0011477	11.1512	
1295	5.86463	-7480.26	-2.07846	8.46327	-0.0011581	11.8683	
1296	5.68028	-7014.6	-1.83883	8.69732	-0.00116447	12.5406	
1297	5.47383	-6521	-1.59243	8.89545	-0.00116681	13.1654	
1298	5.24618	-6001.39	-1.34064	9.0569	-0.00116507	13.7404	
1299	4.99826	-5457.8	-1.08479	9.18104	-0.0011592	14.263	
1300	4.73108	-4892.37	-0.826166	9.26745	-0.00114917	14.7314	
1301	4.44568	-4307.31	-0.565953	9.31589	-0.00113492	15.1434	
1302	4.14313	-3704.9	-0.305195	9.32628	-0.00111642	15.4976	
1303	3.82456	-3087.51	-0.0447914	9.29871	-0.00109366	15.7923	
1304	3.49109	-2457.54	0.214512	9.23345	-0.00106664	16.0264	
1305	3.1439	-1817.43	0.472113	9.1309	-0.00103542	16.199	
1306	2.78417	-1169.67	0.727543	8.9916	-0.00100004	16.3093	
1307	2.41315	-516.739	0.980435	8.81624	-0.000960633	16.3567	
1308	2.0321	138.834	1.2305	8.60562	-0.000917319	16.3411	
1309	1.64234	794.539	1.47749	8.36065	-0.000870267	16.2625	
1310	1.24523	1447.86	1.72115	8.08236	-0.000819675	16.121	
1311	0.842169	2096.3	1.9612	7.77187	-0.000765768	15.9172	
1312	0.43463	2737.38	2.19724	7.4304	-0.000708797	15.6518	
1313	0.0241233	3368.63	2.42875	7.05927	-0.000649038	15.3257	
1314	-0.387791	3987.64	2.65504	6.65989	-0.000586787	14.9402	
1315	-0.799507	4592.02	2.87519	6.23374	-0.000522357	14.4967	
1316	-1.20938	5179.43	3.08804	5.78244	-0.000456075	13.9967	
1317	-1.61574	5747.6	3.2922	5.30766	-0.000388283	13.4423	
1318	-2.0169	6294.3	3.48606	4.81118	-0.000319333	12.8355	
1319	-2.41116	6817.38	3.6678	4.29489	-0.000249593	12.1785	
1320	-2.79681	7314.79	3.83552	3.76076	-0.000179446	11.4738	
1321	-3.1722	7784.54	3.98728	3.21086	-0.000109288	10.7242	
1322	-3.53568	8224.76	4.12122	2.64734	-3.95259e-05	9.93246	
1323	-3.88565	8633.67	4.23564	2.07246	2.94306e-05	9.10161	
1324	-4.22058	9009.63	4.32912	1.48854	9.71778e-05	8.23483	
1325	-4.53901	9351.11	4.40055	0.897961	0.00016333	7.33545	
1326	-4.83956	9656.71	4.44922	0.303177	0.000227533	6.40693	
1327	-5.12094	9925.2	4.47477	-0.293328	0.000289473	5.45283	
1328	-5.38197	10155.5	4.47725	-0.88904	0.000348886	4.47685	
1329	-5.62157	10346.6	4.45705	-1.48144	0.000405564	3.48274	
1330	-5.83877	10497.7	4.41483	-2.06801	0.000459354	2.47436	
1331	-6.03269	10608.4	4.35153	-2.64627	0.000510157	1.45561	
1332	-6.20258	10677.9	4.26828	-3.21377	0.000557926	0.430426	
1333	-6.3478	10706.2	4.16641	-3.76815	0.00060266	-0.59721	
1334	-6.4678	10693.1	4.04735	-4.30708	0.000644397	-1.62332	
1335	-6.56215	10638.6	3.91265	-4.82835	0.000683206	-2.64392	
1336	-6.63052	10542.9	3.76392	-5.32985	0.000719179	-3.65507	
1337	-6.67267	10406.4	3.60279	-5.80956	0.000752427	-4.65285	
1338	-6.68847	10229.7	3.43085	-6.2656	0.000783066	-5.63338	
1339	-6.6779	10013.4	3.24957	-6.69618	0.000811218	-6.59288	
1340	-6.64102	9758.29	3.06026	-7.09966	0.000837004	-7.52763	
1341	-6.57799	9465.43	2.86402	-7.47448	0.000860543	-8.43402	
1342	-6.48908	9135.9	2.66168	-7.81925	0.000881946	-9.30852	
1343	-6.37464	8770.95	2.45381	-8.13268	0.000901322	-10.1478	
1344	-6.23513	8371.96	2.24072	-8.41357	0.000918763	-10.9485	
1345	-6.0711	7940.44	2.02255	-8.66089	0.000934348	-11.7076	
1346	-5.8832	7478.03	1.79929	-8.87368	0.000948128	-12.4221	
1347	-5.67218	6986.45	1.57088	-9.05112	0.000960122	-13.0893	
1348	-5.43886	6467.59	1.3373	-9.19249	0.000970316	-13.7065	
1349	-5.18419	5923.4	1.09859	-9.29721	0.000978656	-14.2714	
1350	-4.90916	5355.96	0.854967	-9.36479	0.000985062	-14.7817	
1351	-4.61488	4767.42	0.606779	-9.39488	0.000989429	-15.2355	
1352	-4.30253	4160.05	0.354565	-9.38728	0.000991646	-15.6309	
1353	-3.97336	3536.17	0.0990252	-9.3419	0.000991602	-15.9663	
1354	-3.62867	2898.21	-0.15899	-9.25879	0.0009892	-16.2405	
1355	-3.26986	2248.63	-0.418503	-9.13817	0.000984355	-16.4524	
1356	-2.89834	1589.95	-0.678442	-8.98041	0.000976996	-16.6011	
1357	-2.5156	924.758	-0.937661	-8.78602	0.000967058	-16.686	
1358	-2.12317	255.641	-1.19497	-8.55569	0.00095447	-16.7067	
1359	-1.7226	-414.776	-1.44916	-8.29027	0.000939153	-16.6632	
1360	-1.31549	-1083.86	-1.69902	-7.99079	0.000921005	-16.5556	
1361	-0.903441	-1749	-1.94339	-7.65841	0.000899905	-16.3842	
1362	-0.488086	-2407.57	-2.18113	-7.29448	0.000875708	-16.1498	
1363	-0.0710603	-3057	-2.41118	-6.90047	0.00084825	-15.8532	
1364	0.345997	-3694.74	-2.63257	-6.47801	0.000817354	-15.4956	
1365	0.761456	-4318.31	-2.84441	-6.02886	0.000782828	-15.0784	
1366	1.1737	-4925.29	-3.04592	-5.5549	0.000744479	-14.6031	
1367	1.58112	-5513.3	-3.23645	-5.0581	0.00070211	-14.0716	
1368	1.98216	-6080.08	-3.41544	-4.54053	0.000655534	-13.4859	
1369	2.37529	-6623.43	-3.58248	-4.00434	0.000604578	-12.8483	
1370	2.759	-7141.26	-3.73721	-3.45175	0.000549095	-12.1612	
1371	3.13185	-7631.58	-3.87938	-2.88502	0.000488979	-11.4273	
1372	3.49245	-8092.5	-4.00877	-2.30645	0.000424178	-10.6495	
1373	3.83946	-8522.25	-4.1252	-1.71838	0.000354709	-9.83061	
1374	4.17161	-8919.17	-4.22844	-1.12315	0.000280669	-8.97392	
1375	4.48768	-9281.73	-4.3182	-0.523115	0.000202248	-8.08269	
1376	4.78654	-9608.53	-4.39411	0.0793542	0.000119735	-7.16034	
1377	5.06709	-9898.3	-4.45568	0.681904	3.35232e-05	-6.21044	
1378	5.32834	-10149.9	-4.50229	1.28218	-5.58921e-05	-5.23664	
1379	5.56934	-10362.4	-4.53322	1.87786	-0.000147916	-4.2427	
1380	5.78922	-10534.8	-4.54762	2.46661	-0.000241862	-3.23244	
1381	5.98715	-10666.6	-4.5446	3.04613	-0.000336967	-2.20977	
1382	6.16241	-10757.1	-4.52322	3.61416	-0.000432406	-1.17864	
1383	6.3143	-10806	-4.48257	4.16845	-0.000527315	-0.143039	
1384	6.44224	-10813	-4.42181	4.7068	-0.000620816	0.893035	
1385	6.54567	-10778.2	-4.34023	5.22706	-0.000712045	1.92557	
1386	6.62416	-10701.6	-4.23731	5.72711	-0.000800173	2.95056	
1387	6.67731	-10583.4	-4.11273	6.20491	-0.000884437	3.96405	
1388	6.70482	-10424.3	-3.96644	6.65849	-0.000964149	4.9621	
1389	6.7065	-10224.6	-3.79869	7.08598	-0.00103872	5.94085	
1390	6.68221	-9985.36	-3.61	7.48556	-0.00110765	6.89651	
1391	6.63195	-9707.36	-3.40116	7.85557	-0.00117056	7.82538	
1392	6.5558	-9391.74	-3.17325	8.19443	-0.00122712	8.72386	
1393	6.45393	-9039.75	-2.92754	8.50071	-0.00127711	9.58847	
1394	6.32667	-8652.79	-2.66555	8.77311	-0.00132035	10.4159	
1395	6.17442	-8232.39	-2.38891	9.01049	-0.00135673	11.2029	
1396	5.99772	-7780.2	-2.09941	9.21186	-0.00138615	11.9464	
1397	5.79722	-7298.02	-1.79893	9.37639	-0.00140854	12.6437	
1398	5.57368	-6787.75	-1.48942	9.50341	-0.00142383	13.2919	
1399	5.32798	-6251.37	-1.17288	9.59243	-0.00143195	13.8887	
1400	5.0611	-5690.99	-0.851294	9.64313	-0.00143282	14.4317	
1401	4.77412	-5108.78	-0.526662	9.65532	-0.00142638	14.9188	
1402	4.46821	-4507	-0.200907	9.62902	-0.00141256	15.3481	
1403	4.14461	-3887.98	0.124134	9.56435	-0.00139131	15.7181	
1404	3.80465	-3254.09	0.446752	9.46163	-0.00136261	16.0273	
1405	3.4497	-2607.79	0.76539	9.32129	-0.00132645	16.2745	
1406	3.08119	-1951.54	1.07865	9.14391	-0.00128292	16.4587	
1407	2.7006	-1287.87	1.38531	8.93021	-0.00123213	16.5794	
1408	2.30944	-619.34	1.68427	8.68102	-0.00117428	16.636	
1409	1.90922	51.4843	1.97456	8.39731	-0.00110965	16.6283	
1410	1.50151	722.013	2.25524	8.08015	-0.00103859	16.5564	
1411	1.08787	1389.65	2.52543	7.73075	-0.000961531	16.4205	
1412	0.669867	2051.8	2.7842	7.3504	-0.000879006	16.2213	
1413	0.249099	2705.89	3.03057	6.94054	-0.000791622	15.9594	
1414	-0.172843	3349.36	3.26353	6.5027	-0.000700068	15.636	
1415	-0.594362	3979.69	3.48196	6.03852	-0.000605101	15.2523	
1416	-1.01385	4594.39	3.68474	5.54974	-0.000507538	14.8098	
1417	-1.42971	5191.04	3.87072	5.03822	-0.000408235	14.3102	
1418	-1.84032	5767.29	4.03879	4.50591	-0.000308066	13.7555	
1419	-2.24408	6320.86	4.18791	3.95486	-0.000207903	13.1479	
1420	-2.63939	6849.56	4.31713	3.3872	-0.000108594	12.4897	
1421	-3.02467	7351.31	4.42568	2.80516	-1.0942e-05	11.7835	
1422	-3.39833	7824.14	4.51291	2.21101	8.43037e-05	11.0321	
1423	-3.75885	8266.19	4.57839	1.60712	0.000176464	10.2385	
1424	-4.10472	8675.74	4.62186	0.995888	0.000264938	9.40563	
1425	-4.43448	9051.21	4.64327	0.379741	0.000349204	8.53688	
1426	-4.74673	9391.15	4.64279	-0.238861	0.000428831	7.63563	
1427	-5.04014	9694.26	4.62079	-0.857449	0.000503477	6.70539	
1428	-5.31347	9959.39	4.57785	-1.47356	0.000572889	5.74979	
1429	-5.56556	10185.6	4.51476	-2.08476	0.000636905	4.77259	
1430	-5.79534	10371.9	4.43254	-2.68863	0.000695442	3.77759	
1431	-6.00188	10517.8	4.33238	-3.2828	0.000748493	2.76868	
1432	-6.18436	10622.6	4.21563	-3.86494	0.000796109	1.74981	
1433	-6.34205	10686	4.08376	-4.43281	0.000838389	0.724943	
1434	-6.47439	10707.8	3.93832	-4.9842	0.000875467	-0.301916	
1435	-6.58092	10687.9	3.7809	-5.51698	0.000907506	-1.32676	
1436	-6.66129	10626.4	3.61302	-6.02912	0.000934692	-2.3456	
1437	-6.71528	10523.6	3.43614	-6.51864	0.000957231	-3.35445	
1438	-6.74278	10379.8	3.25159	-6.98364	0.00097535	-4.34939	
1439	-6.74378	10195.6	3.0605	-7.42233	0.0009893	-5.32654	
1440	-6.71836	9971.66	2.86382	-7.83298	0.00099935	-6.28208	
1441	-6.66669	9708.87	2.66226	-8.21395	0.00100578	-7.21229	
1442	-6.58905	9408.23	2.45633	-8.56371	0.00100888	-8.11353	
1443	-6.48575	9070.89	2.24629	-8.88081	0.00100893	-8.9823	
1444	-6.35723	8698.16	2.03222	-9.1639	0.0010062	-9.81521	
1445	-6.20398	8291.49	1.81403	-9.41174	0.00100091	-10.609	
1446	-6.02659	7852.49	1.59155	-9.62323	0.000993267	-11.3606	
1447	-5.8257	7382.88	1.36457	-9.79735	0.00098345	-12.067	
1448	-5.60207	6884.55	1.13289	-9.93325	0.000971594	-12.7256	
1449	-5.35653	6359.49	0.896472	-10.0302	0.000957819	-13.3337	
1450	-5.09001	5809.81	0.655417	-10.0876	0.000942229	-13.889	
1451	-4.80352	5237.73	0.410063	-10.1051	0.000924921	-14.3894	
1452	-4.49817	4645.57	0.16099	-10.0824	0.000905997	-14.8329	
1453	-4.17518	4035.74	-0.0909886	-10.0193	0.000885564	-15.2179	
1454	-3.83582	3410.71	-0.344855	-9.91614	0.000863732	-15.5429	
1455	-3.48147	2773.02	-0.599439	-9.773	0.000840617	-15.8066	
1456	-3.11359	2125.24	-0.853481	-9.59037	0.000816327	-16.0082	
1457	-2.73369	1469.98	-1.10569	-9.36886	0.000790954	-16.1468	
1458	-2.34334	809.876	-1.35481	-9.10926	0.000764566	-16.2221	
1459	-1.94416	147.565	-1.59964	-8.81251	0.000737195	-16.2338	
1460	-1.53778	-514.322	-1.83908	-8.47971	0.000708831	-16.182	
1461	-1.12585	-1173.17	-2.0721	-8.11213	0.000679423	-16.0669	
1462	-0.710037	-1826.39	-2.29779	-7.71116	0.00064888	-15.8891	
1463	-0.291982	-2471.44	-2.51533	-7.27834	0.000617082	-15.6494	
1464	0.126677	-3105.79	-2.72398	-6.81531	0.000583887	-15.3488	
1465	0.544324	-3727	-2.92309	-6.32386	0.000549148	-14.9886	
1466	0.959365	-4332.67	-3.11209	-5.80585	0.000512718	-14.5702	
1467	1.37023	-4920.46	-3.29054	-5.26326	0.000474466	-14.0955	
1468	1.77539	-5488.11	-3.45807	-4.69818	0.000434275	-13.5663	
1469	2.17331	-6033.45	-3.61443	-4.11277	0.000392049	-12.9847	
1470	2.56252	-6554.36	-3.75943	-3.50927	0.000347716	-12.3532	
1471	2.94155	-7048.84	-3.89294	-2.89004	0.000301225	-11.6744	
1472	3.30897	-7514.99	-4.01484	-2.25748	0.00025255	-10.9508	
1473	3.6634	-7951	-4.12495	-1.61409	0.000201692	-10.1856	
1474	4.00347	-8355.17	-4.22303	-0.962438	0.000148678	-9.3816	
1475	4.32786	-8725.93	-4.30869	-0.305158	9.35703e-05	-8.54221	
1476	4.6353	-9061.86	-4.38141	0.355057	3.64616e-05	-7.67073	
1477	4.92458	-9361.64	-4.44053	1.01546	-2.25203e-05	-6.77066	
1478	5.19455	-9624.13	-4.48524	1.67326	-8.32143e-05	-5.84558	
1479	5.4441	-9848.34	-4.51463	2.32565	-0.000145427	-4.8992	
1480	5.67224	-10033.4	-4.52776	2.96981	-0.000208934	-3.93528	
1481	5.87802	-10178.7	-4.52364	3.60289	-0.000273482	-2.95764	
1482	6.06063	-10283.7	-4.50135	4.22212	-0.000338792	-1.97016	
1483	6.2193	-10348.1	-4.46006	4.82473	-0.00040456	-0.976749	
1484	6.3534	-10371.8	-4.39906	5.40802	-0.000470461	0.0186909	
1485	6.46239	-10354.7	-4.31783	5.9694	-0.000536152	1.01225	
1486	6.54583	-10297.2	-4.21604	6.50634	-0.000601275	2.00003	
1487	6.6034	-10199.5	-4.09358	7.01646	-0.000665464	2.97819	
1488	6.63487	-10062.2	-3.95058	7.49752	-0.000728344	3.94294	
1489	6.64016	-9886.09	-3.78741	7.94743	-0.000789535	4.89054	
1490	6.61925	-9671.89	-3.60471	8.36426	-0.000848651	5.81735	
1491	6.57228	-9420.64	-3.40332	8.74625	-0.000905302	6.71981	
1492	6.49948	-9133.45	-3.18434	9.09185	-0.000959094	7.59447	
1493	6.40118	-8811.56	-2.94904	9.39966	-0.00100964	8.43803	
1494	6.27785	-8456.32	-2.69886	9.66849	-0.00105654	9.24727	
1495	6.13004	-8069.2	-2.43537	9.89734	-0.00109943	10.0191	
1496	5.9584	-7651.76	-2.16023	10.0854	-0.00113797	10.7508	
1497	5.76369	-7205.64	-1.87514	10.232	-0.00117184	11.4394	
1498	5.54674	-6732.59	-1.58177	10.3367	-0.00120077	12.0824	
1499	5.30848	-6234.42	-1.28179	10.3991	-0.00122452	12.6775	
