0	0	0	0	0	0	0	
1	0	0	0	0	0	0	
2	0	2.94687e-11	0	-1.16601e-14	6.71062e-34	-3.00455e-15	
3	-1.31865e-22	6.33426e-10	1.65265e-28	-2.62035e-13	1.82162e-25	-6.74533e-14	
4	-1.69011e-20	6.86238e-09	1.02276e-19	-2.97128e-12	3.62239e-23	-7.6439e-13	
5	-8.98658e-19	5.01401e-08	7.60206e-18	-2.2739e-11	1.60534e-21	-5.84835e-12	
6	-2.54246e-17	2.78846e-07	2.29295e-16	-1.325e-10	3.63846e-20	-3.40824e-11	
7	-4.51162e-16	1.26251e-06	4.07323e-15	-6.28562e-10	5.36893e-19	-1.61761e-10	
8	-5.62781e-15	4.85862e-06	5.00236e-14	-2.53374e-09	5.7988e-18	-6.52604e-10	
9	-5.3286e-14	1.63768e-05	4.6449e-13	-8.94089e-09	4.91284e-17	-2.30559e-09	
10	-4.0387e-13	4.94246e-05	3.45216e-12	-2.8229e-08	3.41747e-16	-7.29045e-09	
11	-2.5459e-12	0.000135816	2.13603e-11	-8.10847e-08	2.01605e-15	-2.09795e-08	
12	-1.37342e-11	0.000344312	1.13237e-10	-2.14675e-07	1.03318e-14	-5.56634e-08	
13	-6.48116e-11	0.000813797	5.25658e-10	-5.29375e-07	4.68584e-14	-1.376e-07	
14	-2.72201e-10	0.00180862	2.1735e-09	-1.22626e-06	1.90871e-13	-3.19621e-07	
15	-1.03169e-09	0.00380629	8.11513e-09	-2.68717e-06	7.0667e-13	-7.02547e-07	
16	-3.56916e-09	0.00763004	2.76668e-08	-5.60336e-06	2.40161e-12	-1.4699e-06	
17	-1.13773e-08	0.0146408	8.69302e-08	-1.11737e-05	7.55408e-12	-2.9419e-06	
18	-3.36835e-08	0.0270048	2.53695e-07	-2.13983e-05	2.21459e-11	-5.65627e-06	
19	-9.32447e-08	0.0480518	6.92238e-07	-3.94968e-05	6.08751e-11	-1.0485e-05	
20	-2.42757e-07	0.0827401	1.77609e-06	-7.0487e-05	1.57715e-10	-1.87977e-05	
21	-5.97356e-07	0.138238	4.30601e-06	-0.000121956	3.86861e-10	-3.26834e-05	
22	-1.39541e-06	0.224625	9.90706e-06	-0.000205058	9.02005e-10	-5.52421e-05	
23	-3.1063e-06	0.355715	2.17126e-05	-0.000335769	2.00612e-09	-9.09592e-05	
24	-6.6119e-06	0.54998	4.54801e-05	-0.000536411	4.2693e-09	-0.000146172	
25	-1.34976e-05	0.831551	9.13192e-05	-0.000837454	8.71806e-09	-0.000229637	
26	-2.64976e-05	1.23125	0.000176233	-0.00127958	1.71254e-08	-0.000353199	
27	-5.0145e-05	1.78761	0.000327668	-0.00191594	3.24348e-08	-0.00053256	
28	-9.16794e-05	2.5478	0.00058823	-0.00281462	5.9352e-08	-0.000788144	
29	-0.000162258	3.56834	0.00102161	-0.00406104	1.05133e-07	-0.00114603	
30	-0.000278497	4.91564	0.00171962	-0.00576037	1.80589e-07	-0.00163894	
31	-0.000464349	6.66607	0.00281007	-0.00803963	3.01299e-07	-0.00230723	
32	-0.000753268	8.90561	0.0044649	-0.0110493	4.89016e-07	-0.00319982	
33	-0.00119059	11.729	0.00690784	-0.0149645	7.73196e-07	-0.00437511	
34	-0.00183594	15.2384	0.0104207	-0.0199848	1.19258e-06	-0.00590166	
35	-0.0027656	19.5408	0.0153469	-0.0263336	1.79668e-06	-0.00785871	
36	-0.0040744	24.7458	0.0220923	-0.0342554	2.64712e-06	-0.0103364	
37	-0.00587711	30.9618	0.0311202	-0.0440129	3.81862e-06	-0.0134355	
38	-0.00830891	38.2921	0.0429428	-0.0558808	5.39948e-06	-0.0172674	
39	-0.0115249	46.8301	0.0581062	-0.0701397	7.4917e-06	-0.0219523	
40	-0.0156981	56.6551	0.0771703	-0.0870675	1.02103e-05	-0.0276184	
41	-0.0210166	67.8265	0.100684	-0.10693	1.3682e-05	-0.0343999	
42	-0.0276788	80.3795	0.129156	-0.129968	1.80437e-05	-0.0424343	
43	-0.0358876	94.3202	0.163021	-0.156389	2.34395e-05	-0.0518594	
44	-0.0458435	109.621	0.202608	-0.186354	3.00177e-05	-0.0628107	
45	-0.0577365	126.219	0.2481	-0.219961	3.79272e-05	-0.0754167	
46	-0.0717373	144.011	0.299504	-0.25724	4.73125e-05	-0.0897959	
47	-0.0879883	162.854	0.356615	-0.298139	5.83089e-05	-0.106053	
48	-0.106594	182.567	0.418989	-0.342516	7.10368e-05	-0.124272	
49	-0.127614	202.927	0.48592	-0.390132	8.55948e-05	-0.144519	
50	-0.15105	223.68	0.556428	-0.440651	0.000102053	-0.166831	
51	-0.176845	244.538	0.629256	-0.493636	0.000120446	-0.191218	
52	-0.204876	265.191	0.702876	-0.548553	0.000140765	-0.217658	
53	-0.234946	285.307	0.775516	-0.60478	0.000162952	-0.246096	
54	-0.266791	304.546	0.845195	-0.661613	0.000186891	-0.276442	
55	-0.300076	322.566	0.909771	-0.718286	0.000212404	-0.308574	
56	-0.334402	339.028	0.967007	-0.77398	0.000239246	-0.342332	
57	-0.369312	353.608	1.01464	-0.827846	0.000267104	-0.377527	
58	-0.404299	366.003	1.05047	-0.879025	0.000295594	-0.413935	
59	-0.43882	375.939	1.07244	-0.926664	0.000324261	-0.451307	
60	-0.47231	383.172	1.07874	-0.969943	0.000352588	-0.489366	
61	-0.504192	387.497	1.06787	-1.00809	0.000380001	-0.527813	
62	-0.533901	388.749	1.03877	-1.0404	0.000405882	-0.566332	
63	-0.560892	386.801	0.99086	-1.06624	0.000429582	-0.604593	
64	-0.584661	381.567	0.924143	-1.08509	0.000450443	-0.642254	
65	-0.60476	373	0.839207	-1.09651	0.000467817	-0.678968	
66	-0.620806	361.086	0.737262	-1.10017	0.000481093	-0.714385	
67	-0.632498	345.839	0.620106	-1.09585	0.000489716	-0.748155	
68	-0.63962	327.302	0.490067	-1.08342	0.000493216	-0.779933	
69	-0.642044	305.536	0.349895	-1.06283	0.00049122	-0.809381	
70	-0.639731	280.619	0.202627	-1.03414	0.00048347	-0.83617	
71	-0.632725	252.639	0.051419	-0.997442	0.000469828	-0.859982	
72	-0.621139	221.693	-0.100625	-0.952917	0.000450274	-0.880515	
73	-0.605148	187.882	-0.25063	-0.900766	0.000424902	-0.897479	
74	-0.584967	151.312	-0.396093	-0.841226	0.000393904	-0.910605	
75	-0.560839	112.093	-0.535001	-0.774551	0.000357554	-0.919636	
76	-0.533016	70.3415	-0.665888	-0.701009	0.000316191	-0.92434	
77	-0.501748	26.1795	-0.78785	-0.620867	0.000270202	-0.924498	
78	-0.467272	-20.2593	-0.900499	-0.534398	0.000220006	-0.919915	
79	-0.429801	-68.8283	-1.00388	-0.441877	0.000166044	-0.910414	
80	-0.389527	-119.363	-1.09837	-0.343585	0.000108774	-0.895838	
81	-0.346619	-171.679	-1.1845	-0.239812	4.86645e-05	-0.876051	
82	-0.301229	-225.569	-1.26288	-0.130871	-1.38034e-05	-0.850937	
83	-0.253498	-280.799	-1.33406	-0.0170999	-7.81351e-05	-0.820403	
84	-0.203566	-337.111	-1.3984	0.101127	-0.000143821	-0.784378	
85	-0.151583	-394.217	-1.45605	0.223389	-0.000210337	-0.742816	
86	-0.0977143	-451.809	-1.50688	0.349214	-0.000277142	-0.695698	
87	-0.042156	-509.55	-1.55049	0.478073	-0.000343684	-0.643032	
88	0.0148627	-567.089	-1.58621	0.609375	-0.000409397	-0.58486	
89	0.0730714	-624.054	-1.61315	0.742467	-0.000473703	-0.521254	
90	0.132155	-680.064	-1.63025	0.876636	-0.000536017	-0.452327	
91	0.191754	-734.733	-1.63635	1.01112	-0.000595742	-0.378228	
92	0.251466	-787.669	-1.63027	1.14509	-0.000652274	-0.299144	
93	0.310848	-838.487	-1.61092	1.27771	-0.000705	-0.215305	
94	0.36943	-886.81	-1.57738	1.4081	-0.000753304	-0.126978	
95	0.426724	-932.272	-1.52901	1.53537	-0.00079658	-0.0344684	
96	0.482238	-974.523	-1.46555	1.65861	-0.000834239	0.061882	
97	0.535492	-1013.23	-1.38719	1.77696	-0.00086574	0.161701	
98	0.586039	-1048.09	-1.29463	1.88957	-0.000890608	0.264587	
99	0.633475	-1078.82	-1.1891	1.99562	-0.000908469	0.370116	
100	0.677456	-1105.15	-1.07228	2.09434	-0.000919072	0.477841	
101	0.717705	-1126.85	-0.946307	2.18502	-0.000922314	0.587298	
102	0.75402	-1143.69	-0.813547	2.26701	-0.00091825	0.698011	
103	0.786264	-1155.5	-0.676492	2.33972	-0.000907095	0.809488	
104	0.814363	-1162.09	-0.537554	2.40262	-0.000889206	0.92123	
105	0.838286	-1163.32	-0.398887	2.45524	-0.000865054	1.03273	
106	0.858033	-1159.05	-0.262243	2.49716	-0.000835185	1.14345	
107	0.873614	-1149.17	-0.12888	2.52804	-0.000800178	1.25289	
108	0.885033	-1133.57	0.000469466	2.54754	-0.000760601	1.36049	
109	0.892275	-1112.17	0.125549	2.5554	-0.000716978	1.46572	
110	0.895297	-1084.91	0.246474	2.55138	-0.000669767	1.56803	
111	0.89403	-1051.75	0.363582	2.53527	-0.000619352	1.66686	
112	0.888381	-1012.67	0.477268	2.5069	-0.000566057	1.76166	
113	0.878241	-967.662	0.587833	2.46612	-0.000510164	1.85188	
114	0.863504	-916.772	0.695374	2.41282	-0.00045194	1.93696	
115	0.844073	-860.063	0.799725	2.34694	-0.000391677	2.01637	
116	0.81988	-797.637	0.900464	2.26844	-0.000329709	2.08956	
117	0.790893	-729.634	0.996964	2.17736	-0.00026644	2.15602	
118	0.757126	-656.232	1.08849	2.07377	-0.000202344	2.21525	
119	0.718641	-577.65	1.1743	1.95783	-0.000137966	2.26675	
120	0.675551	-494.144	1.25377	1.82976	-7.39026e-05	2.31008	
121	0.628017	-406.011	1.32645	1.68988	-1.0779e-05	2.34479	
122	0.576243	-313.582	1.39212	1.53858	5.07858e-05	2.3705	
123	0.520468	-217.221	1.45084	1.37635	0.000110211	2.38683	
124	0.460965	-117.323	1.50289	1.20375	0.000166991	2.39347	
125	0.398025	-14.3055	1.54873	1.02145	0.000220722	2.39013	
126	0.331958	91.39	1.58896	0.830163	0.000271125	2.37658	
127	0.263079	199.305	1.62422	0.630703	0.000318061	2.35263	
128	0.191708	308.967	1.65512	0.423935	0.000361522	2.31815	
129	0.118164	419.893	1.6821	0.210776	0.000401618	2.27304	
130	0.0427623	531.59	1.70542	-0.00781143	0.000438547	2.21726	
131	-0.0341845	643.563	1.72506	-0.230834	0.000472552	2.1508	
132	-0.112367	755.31	1.7407	-0.457277	0.000503875	2.07373	
133	-0.191476	866.328	1.75181	-0.686107	0.000532718	1.98613	
134	-0.271202	976.112	1.75768	-0.916289	0.000559207	1.88814	
135	-0.351234	1084.16	1.75758	-1.14678	0.000583378	1.77995	
136	-0.431256	1189.96	1.75091	-1.37655	0.000605182	1.6618	
137	-0.510953	1293.01	1.73732	-1.60457	0.000624505	1.53396	
138	-0.590007	1392.8	1.71685	-1.8298	0.000641205	1.39676	
139	-0.6681	1488.84	1.68991	-2.05124	0.000655153	1.25058	
140	-0.744913	1580.61	1.65726	-2.26785	0.000666276	1.09584	
141	-0.820127	1667.61	1.61983	-2.47863	0.000674583	0.933006	
142	-0.893422	1749.36	1.57856	-2.68256	0.00068018	0.762607	
143	-0.964471	1825.37	1.53421	-2.87864	0.000683262	0.585207	
144	-1.03294	1895.16	1.48717	-3.06584	0.000684097	0.401416	
145	-1.09848	1958.28	1.4374	-3.24318	0.000682993	0.211888	
146	-1.16075	2014.3	1.38447	-3.40966	0.000680269	0.0173175	
147	-1.21937	2062.79	1.32765	-3.5643	0.000676227	-0.181564	
148	-1.27399	2103.38	1.26612	-3.70615	0.000671136	-0.38399	
149	-1.32425	2135.72	1.19915	-3.8343	0.000665226	-0.589163	
150	-1.3698	2159.49	1.12625	-3.94786	0.000658698	-0.796256	
151	-1.41033	2174.43	1.04725	-4.04601	0.000651729	-1.00442	
152	-1.44553	2180.31	0.96229	-4.128	0.000644488	-1.21278	
153	-1.47517	2176.93	0.871697	-4.19314	0.000637141	-1.42044	
154	-1.49904	2164.15	0.775862	-4.24081	0.000629845	-1.62652	
155	-1.51697	2141.88	0.675089	-4.27051	0.000622732	-1.83009	
156	-1.52885	2110.06	0.569513	-4.2818	0.000615889	-2.03025	
157	-1.53459	2068.68	0.45909	-4.27435	0.000609333	-2.22609	
158	-1.53413	2017.77	0.343676	-4.24794	0.00060299	-2.41671	
159	-1.52745	1957.4	0.223153	-4.20242	0.00059669	-2.60121	
160	-1.51453	1887.69	0.0975758	-4.13775	0.000590171	-2.77871	
161	-1.49536	1808.78	-0.0327339	-4.054	0.000583107	-2.94834	
162	-1.46996	1720.87	-0.167165	-3.95127	0.000575139	-3.10927	
163	-1.43834	1624.19	-0.304888	-3.82981	0.000565907	-3.26065	
164	-1.40053	1518.98	-0.444998	-3.68988	0.000555086	-3.4017	
165	-1.35656	1405.56	-0.586687	-3.53186	0.000542391	-3.53165	
166	-1.30648	1284.25	-0.729397	-3.35618	0.000527584	-3.64976	
167	-1.25037	1155.44	-0.87289	-3.16334	0.000510447	-3.75533	
168	-1.18832	1019.53	-1.01722	-2.95391	0.000490764	-3.84769	
169	-1.12044	876.969	-1.16257	-2.72852	0.000468301	-3.92624	
170	-1.04687	728.25	-1.3091	-2.48789	0.000442792	-3.99039	
171	-0.967793	573.897	-1.45665	-2.23279	0.000413957	-4.03963	
172	-0.883419	414.474	-1.60461	-1.96409	0.000381528	-4.0735	
173	-0.794012	250.58	-1.75183	-1.6827	0.000345286	-4.0916	
174	-0.699877	82.8465	-1.89669	-1.38963	0.000305102	-4.09358	
175	-0.601371	-88.0629	-2.03722	-1.08594	0.000260961	-4.07915	
176	-0.498894	-261.458	-2.17137	-0.772796	0.000212966	-4.04812	
177	-0.392884	-436.624	-2.29729	-0.451395	0.000161321	-4.00034	
178	-0.28381	-612.828	-2.41349	-0.123023	0.000106289	-3.93573	
179	-0.172166	-789.32	-2.51895	0.210977	4.81487e-05	-3.8543	
180	-0.0584533	-965.339	-2.61314	0.549208	-1.28536e-05	-3.75613	
181	0.0568193	-1140.12	-2.69585	0.890224	-7.65258e-05	-3.64135	
182	0.173145	-1312.89	-2.76702	1.23254	-0.000142734	-3.5102	
183	0.290019	-1482.88	-2.8265	1.57464	-0.00021138	-3.36295	
184	0.406944	-1649.34	-2.87391	1.91501	-0.000282363	-3.19998	
185	0.523424	-1811.51	-2.90857	2.25209	-0.000355526	-3.02172	
186	0.638965	-1968.65	-2.92951	2.58435	-0.000430613	-2.82867	
187	0.753077	-2120.03	-2.93561	2.91029	-0.00050724	-2.62139	
188	0.865265	-2264.96	-2.92578	3.2284	-0.000584882	-2.40053	
189	0.975037	-2402.74	-2.89912	3.53722	-0.000662885	-2.16679	
190	1.0819	-2532.72	-2.85508	3.83532	-0.0007405	-1.92093	
191	1.18537	-2654.24	-2.79353	4.12132	-0.000816921	-1.66377	
192	1.28495	-2766.7	-2.71475	4.39387	-0.000891337	-1.39619	
193	1.38016	-2869.51	-2.61937	4.65169	-0.000962969	-1.11913	
194	1.47053	-2962.1	-2.50823	4.89352	-0.0010311	-0.833578	
195	1.55558	-3043.95	-2.38229	5.11817	-0.0010951	-0.540579	
196	1.63487	-3114.57	-2.24251	5.32449	-0.0011544	-0.241216	
197	1.70793	-3173.5	-2.08979	5.5114	-0.00120853	0.063383	
198	1.77434	-3220.32	-1.92496	5.67787	-0.00125707	0.372051	
199	1.83369	-3254.67	-1.7488	5.82294	-0.00129963	0.683589	
200	1.88559	-3276.21	-1.56204	5.94569	-0.0013359	0.996768	
201	1.92968	-3284.67	-1.3654	6.04532	-0.00136558	1.31034	
202	1.96565	-3279.84	-1.15963	6.12107	-0.00138843	1.62302	
203	1.99321	-3261.55	-0.945526	6.17228	-0.00140426	1.93354	
204	2.01214	-3229.7	-0.723899	6.19839	-0.00141291	2.2406	
205	2.02225	-3184.24	-0.495623	6.19894	-0.00141428	2.5429	
206	2.02342	-3125.18	-0.261621	6.17357	-0.00140827	2.83917	
207	2.01556	-3052.6	-0.0228771	6.12205	-0.00139481	3.12811	
208	1.99863	-2966.65	0.219547	6.04425	-0.00137384	3.40846	
209	1.97263	-2867.53	0.464503	5.94017	-0.00134527	3.67898	
210	1.93759	-2755.49	0.710748	5.80994	-0.00130906	3.93845	
211	1.89359	-2630.85	0.956952	5.65381	-0.00126515	4.18568	
212	1.84074	-2493.98	1.20171	5.47214	-0.00121358	4.41952	
213	1.77918	-2345.32	1.44357	5.26545	-0.00115444	4.63887	
214	1.7091	-2185.34	1.68104	5.03433	-0.00108793	4.84266	
215	1.6307	-2014.57	1.91267	4.77952	-0.00101433	5.02988	
216	1.54422	-1833.59	2.13702	4.50185	-0.000934028	5.19956	
217	1.44993	-1643.01	2.35274	4.20225	-0.000847492	5.35082	
218	1.34813	-1443.51	2.55853	3.88175	-0.000755246	5.48282	
219	1.23917	-1235.79	2.75323	3.54147	-0.000657859	5.59479	
220	1.12339	-1020.6	2.93579	3.18264	-0.000555931	5.68604	
221	1.00121	-798.731	3.10527	2.80652	-0.000450092	5.75596	
222	0.873066	-571.015	3.26084	2.4145	-0.000340997	5.80401	
223	0.739425	-338.319	3.40179	2.00802	-0.000229329	5.82974	
224	0.600804	-101.548	3.52745	1.5886	-0.000115801	5.83278	
225	0.457754	138.355	3.63722	1.15784	-1.15062e-06	5.81285	
226	0.310862	380.415	3.73053	0.717417	0.000113864	5.76979	
227	0.160745	623.627	3.8068	0.269068	0.000228473	5.70349	
228	0.00804868	866.954	3.86547	-0.185385	0.000341908	5.61397	
229	-0.146557	1109.34	3.90602	-0.644052	0.00045341	5.50136	
230	-0.302384	1349.7	3.92799	-1.10497	0.000562242	5.36587	
231	-0.458729	1586.94	3.93104	-1.56613	0.000667698	5.20781	
232	-0.614874	1819.96	3.91496	-2.02543	0.000769115	5.02763	
233	-0.770095	2047.65	3.87973	-2.48075	0.000865881	4.82586	
234	-0.923659	2268.9	3.82552	-2.92992	0.00095744	4.60314	
235	-1.07483	2482.63	3.75263	-3.37074	0.0010433	4.36021	
236	-1.22286	2687.75	3.66147	-3.801	0.00112302	4.09794	
237	-1.36699	2883.21	3.55249	-4.21849	0.00119623	3.81725	
238	-1.50647	3068	3.42611	-4.621	0.00126258	3.51921	
239	-1.64053	3241.15	3.28264	-5.00638	0.00132177	3.20494	
240	-1.7684	3401.74	3.12231	-5.37254	0.00137354	2.87568	
241	-1.88931	3548.91	2.94524	-5.71744	0.00141763	2.53272	
242	-2.00249	3681.86	2.75153	-6.03915	0.0014538	2.17746	
243	-2.10719	3799.88	2.54131	-6.33584	0.00148183	1.81134	
244	-2.20267	3902.33	2.31484	-6.60584	0.00150152	1.43587	
245	-2.28824	3988.66	2.07259	-6.84758	0.00151271	1.05262	
246	-2.36326	4058.41	1.81534	-7.0597	0.00151526	0.663182	
247	-2.42713	4111.21	1.54416	-7.24098	0.00150909	0.269204	
248	-2.47935	4146.79	1.26047	-7.39041	0.00149418	-0.127658	
249	-2.51947	4164.99	0.965963	-7.50718	0.00147058	-0.525729	
250	-2.54715	4165.72	0.662631	-7.59066	0.00143843	-0.923332	
251	-2.56216	4149.02	0.352685	-7.64045	0.00139792	-1.31879	
252	-2.56436	4114.98	0.038533	-7.65636	0.00134937	-1.71046	
253	-2.55372	4063.83	-0.277246	-7.63837	0.00129314	-2.09668	
254	-2.53032	3995.83	-0.591916	-7.58671	0.0012297	-2.47587	
255	-2.49437	3911.34	-0.902604	-7.50177	0.00115955	-2.84645	
256	-2.44618	3810.81	-1.20631	-7.38413	0.00108328	-3.2069	
257	-2.38615	3694.71	-1.49997	-7.23453	0.00100155	-3.55574	
258	-2.31482	3563.6	-1.78048	-7.05386	0.000915083	-3.89157	
259	-2.23277	3418.06	-2.04482	-6.84317	0.000824702	-4.21302	
260	-2.1407	3258.74	-2.29016	-6.60359	0.000731301	-4.5188	
261	-2.03935	3086.3	-2.51402	-6.33636	0.000635852	-4.8077	
262	-1.92949	2901.46	-2.71438	-6.04282	0.000539381	-5.07857	
263	-1.81195	2704.94	-2.88986	-5.72435	0.000442936	-5.33032	
264	-1.68751	2497.51	-3.03981	-5.38241	0.000347546	-5.56197	
265	-1.55699	2279.94	-3.16436	-5.01849	0.000254172	-5.77258	
266	-1.42114	2053.06	-3.2644	-4.63411	0.000163671	-5.96133	
267	-1.28067	1817.7	-3.34151	-4.23081	7.67658e-05	-6.12745	
268	-1.13624	1574.72	-3.39779	-3.81019	-5.96729e-06	-6.27027	
269	-0.988459	1325.02	-3.43566	-3.37385	-8.40941e-05	-6.38921	
270	-0.837863	1069.52	-3.45765	-2.92342	-0.000157304	-6.48377	
271	-0.684948	809.181	-3.46615	-2.46056	-0.000225381	-6.55354	
272	-0.530171	544.991	-3.46327	-1.98699	-0.000288179	-6.59821	
273	-0.373964	277.966	-3.45069	-1.50443	-0.000345589	-6.61754	
274	-0.216752	9.15324	-3.42959	-1.01469	-0.000397534	-6.61141	
275	-0.0589659	-260.376	-3.40073	-0.519613	-0.000443959	-6.57978	
276	0.0989393	-529.532	-3.3645	-0.0210827	-0.000484842	-6.52272	
277	0.256479	-797.21	-3.32098	0.478951	-0.000520212	-6.44039	
278	0.413132	-1062.3	-3.27012	0.978495	-0.000550164	-6.33305	
279	0.568337	-1323.69	-3.2118	1.47552	-0.00057488	-6.20106	
280	0.721498	-1580.28	-3.14591	1.96795	-0.000594633	-6.04488	
281	0.871992	-1830.99	-3.07235	2.4537	-0.000609794	-5.86507	
282	1.01917	-2074.76	-2.99108	2.9307	-0.000620814	-5.6623	
283	1.16239	-2310.58	-2.90211	3.39686	-0.000628214	-5.43733	
284	1.301	-2537.47	-2.80545	3.85015	-0.000632559	-5.19099	
285	1.43436	-2754.5	-2.70117	4.28858	-0.00063443	-4.92426	
286	1.56188	-2960.79	-2.5894	4.71022	-0.00063441	-4.63814	
287	1.68297	-3155.51	-2.47038	5.11324	-0.000633061	-4.33376	
288	1.79714	-3337.92	-2.34448	5.49592	-0.000630916	-4.01229	
289	1.90392	-3507.29	-2.21229	5.85663	-0.000628478	-3.675	
290	2.00292	-3663	-2.0746	6.19388	-0.000626222	-3.3232	
291	2.09381	-3804.46	-1.93242	6.50632	-0.0006246	-2.95825	
292	2.17633	-3931.15	-1.78689	6.79272	-0.000624047	-2.58157	
293	2.25029	-4042.61	-1.63925	7.05199	-0.000624986	-2.1946	
294	2.31554	-4138.44	-1.49069	7.28319	-0.000627818	-1.79884	
295	2.37201	-4218.27	-1.34225	7.48549	-0.000632919	-1.3958	
296	2.41963	-4281.82	-1.19464	7.65821	-0.000640614	-0.987028	
297	2.45839	-4328.85	-1.0482	7.80075	-0.000651151	-0.574074	
298	2.48826	-4359.15	-0.902781	7.91265	-0.000664676	-0.15852	
299	2.50922	-4372.61	-0.757758	7.99355	-0.000681199	0.25804	
300	2.52123	-4369.13	-0.612044	8.04317	-0.000700574	0.674005	
301	2.52423	-4348.69	-0.464215	8.06135	-0.000722482	1.08777	
302	2.51815	-4311.34	-0.312665	8.048	-0.000746438	1.49772	
303	2.50286	-4257.17	-0.155805	8.00312	-0.000771801	1.90227	
304	2.47827	-4186.33	0.00772619	7.92682	-0.000797811	2.29981	
305	2.44427	-4099.07	0.17888	7.81928	-0.000823628	2.68879	
306	2.40078	-3995.69	0.358056	7.6808	-0.000848385	3.06765	
307	2.34777	-3876.55	0.545041	7.51179	-0.000871236	3.43491	
308	2.28527	-3742.11	0.739023	7.31278	-0.000891405	3.78908	
309	2.2134	-3592.89	0.938692	7.08441	-0.000908213	4.12877	
310	2.13234	-3429.47	1.14239	6.82749	-0.000921094	4.45263	
311	2.04238	-3252.52	1.34832	6.54291	-0.000929597	4.75936	
312	1.9439	-3062.74	1.55466	6.23176	-0.000933367	5.04774	
313	1.83733	-2860.93	1.7598	5.89523	-0.000932121	5.31664	
314	1.72317	-2647.9	1.96233	5.53465	-0.000925619	5.565	
315	1.60194	-2424.54	2.16112	5.1515	-0.000913637	5.79185	
316	1.4742	-2191.74	2.35526	4.74735	-0.00089595	5.99629	
317	1.34051	-1950.46	2.54398	4.32389	-0.00087232	6.17752	
318	1.20145	-1701.66	2.72656	3.8829	-0.000842501	6.33486	
319	1.05757	-1446.32	2.90225	3.4262	-0.000806245	6.4677	
320	0.90942	-1185.44	3.07018	2.95572	-0.000763316	6.57553	
321	0.75755	-920.028	3.22937	2.47338	-0.000713512	6.65794	
322	0.6025	-651.106	3.37871	1.98114	-0.000656684	6.71461	
323	0.444812	-379.696	3.51693	1.48099	-0.00059276	6.74535	
324	0.285032	-106.826	3.64268	0.974897	-0.00052177	6.75002	
325	0.123713	166.474	3.75454	0.464829	-0.000443869	6.72862	
326	-0.0385764	439.169	3.85102	-0.0472534	-0.000359363	6.68122	
327	-0.201255	710.226	3.93064	-0.559405	-0.000268727	6.608	
328	-0.363724	978.61	3.99198	-1.0697	-0.000172608	6.50922	
329	-0.525363	1243.29	4.03372	-1.57622	-7.18224e-05	6.38526	
330	-0.685538	1503.24	4.05483	-2.07707	3.26786e-05	6.23657	
331	-0.843597	1757.44	4.05456	-2.57036	0.000139849	6.06372	
332	-0.998878	2004.89	4.03258	-3.05422	0.000248607	5.86737	
333	-1.15072	2244.6	3.98903	-3.52681	0.000357897	5.64827	
334	-1.29845	2475.61	3.92441	-3.98627	0.000466745	5.40728	
335	-1.44142	2696.99	3.83959	-4.43081	0.000574297	5.14532	
336	-1.57898	2907.83	3.73558	-4.85863	0.000679836	4.86342	
337	-1.71053	3107.29	3.6134	-5.268	0.000782771	4.56269	
338	-1.83547	3294.54	3.47394	-5.65722	0.000882611	4.24433	
339	-1.95324	3468.84	3.31782	-6.02466	0.000978914	3.90957	
340	-2.06331	3629.48	3.14541	-6.36878	0.00107124	3.55975	
341	-2.1652	3775.84	2.95689	-6.68811	0.00115912	3.19624	
342	-2.25845	3907.34	2.75237	-6.98131	0.00124201	2.82047	
343	-2.34267	4023.49	2.53207	-7.24713	0.00131931	2.43393	
344	-2.4175	4123.84	2.29649	-7.48448	0.00139035	2.03812	
345	-2.48263	4208.03	2.04646	-7.69238	0.00145444	1.63461	
346	-2.5378	4275.76	1.78322	-7.86999	0.00151088	1.22496	
347	-2.5828	4326.8	1.50828	-8.01664	0.001559	0.81078	
348	-2.61749	4360.99	1.22336	-8.13178	0.00159818	0.39368	
349	-2.64175	4378.21	0.930193	-8.21501	0.00162785	-0.0247154	
350	-2.6555	4378.42	0.63044	-8.26608	0.00164753	-0.44278	
351	-2.65871	4361.63	0.325651	-8.28484	0.00165679	-0.85889	
352	-2.65138	4327.91	0.0172953	-8.27129	0.00165526	-1.27143	
353	-2.63353	4277.4	-0.293126	-8.22555	0.00164266	-1.6788	
354	-2.6052	4210.28	-0.60394	-8.14785	0.00161881	-2.07941	
355	-2.56648	4126.8	-0.913189	-8.0385	0.00158365	-2.47171	
356	-2.51746	4027.25	-1.21858	-7.89794	0.00153727	-2.85416	
357	-2.45829	3912.02	-1.51754	-7.72669	0.00147994	-3.22528	
358	-2.38914	3781.52	-1.80738	-7.52539	0.00141214	-3.5836	
359	-2.31024	3636.24	-2.08549	-7.29474	0.00133454	-3.92774	
360	-2.22186	3476.73	-2.34959	-7.03558	0.001248	-4.25632	
361	-2.12433	3303.6	-2.59791	-6.74882	0.00115351	-4.56806	
362	-2.01803	3117.53	-2.82929	-6.43549	0.00105212	-4.86174	
363	-1.90341	2919.24	-3.04309	-6.09676	0.000944931	-5.1362	
364	-1.78095	2709.52	-3.23908	-5.73386	0.000832991	-5.39037	
365	-1.65118	2489.22	-3.41721	-5.34818	0.000717294	-5.62324	
366	-1.51468	2259.21	-3.57735	-4.94118	0.000598767	-5.83391	
367	-1.37204	2020.43	-3.71912	-4.51448	0.000478283	-6.02158	
368	-1.22392	1773.83	-3.84185	-4.06974	0.000356699	-6.1855	
369	-1.07096	1520.42	-3.94458	-3.60874	0.00023488	-6.32506	
370	-0.913852	1261.2	-4.0263	-3.13336	0.000113729	-6.43973	
371	-0.753287	997.224	-4.08614	-2.6455	-5.82566e-06	-6.52907	
372	-0.58996	729.53	-4.12363	-2.14715	-0.000122845	-6.59275	
373	-0.424563	459.176	-4.13883	-1.64033	-0.000236425	-6.63054	
374	-0.257779	187.222	-4.13239	-1.12708	-0.000345746	-6.64232	
375	-0.0902733	-85.2732	-4.1055	-0.609471	-0.000450109	-6.62806	
376	0.0773055	-357.255	-4.05966	-0.0895714	-0.00054895	-6.58783	
377	0.244326	-627.673	-3.99647	0.43056	-0.000641842	-6.5218	
378	0.410169	-895.489	-3.91738	0.948881	-0.000728451	-6.43025	
379	0.574226	-1159.67	-3.82355	1.46338	-0.000808503	-6.31354	
380	0.735892	-1419.21	-3.71577	1.97206	-0.000881729	-6.17214	
381	0.89456	-1673.11	-3.59455	2.47298	-0.00094784	-6.00661	
382	1.04963	-1920.38	-3.46024	2.96425	-0.00100652	-5.81761	
383	1.20048	-2160.07	-3.31327	3.44399	-0.00105743	-5.60589	
384	1.34653	-2391.23	-3.15426	3.9104	-0.00110029	-5.37227	
385	1.48718	-2612.97	-2.98421	4.36171	-0.00113486	-5.11768	
386	1.62185	-2824.39	-2.80448	4.79619	-0.00116107	-4.84313	
387	1.75	-3024.67	-2.6167	5.21218	-0.00117898	-4.5497	
388	1.8711	-3213	-2.42266	5.60804	-0.00118885	-4.23856	
389	1.98466	-3388.61	-2.22414	5.98224	-0.00119111	-3.91093	
390	2.09024	-3550.81	-2.02271	6.33326	-0.00118634	-3.56812	
391	2.18743	-3698.93	-1.81964	6.65969	-0.00117519	-3.21149	
392	2.27583	-3832.38	-1.61591	6.96019	-0.00115839	-2.84246	
393	2.35513	-3950.63	-1.41216	7.23351	-0.00113666	-2.46248	
394	2.42503	-4053.21	-1.2088	7.47851	-0.0011107	-2.07307	
395	2.48529	-4139.72	-1.00608	7.69416	-0.00108118	-1.67577	
396	2.53569	-4209.83	-0.804175	7.87957	-0.00104868	-1.27215	
397	2.57608	-4263.27	-0.603223	8.03395	-0.00101375	-0.863811	
398	2.60635	-4299.87	-0.403362	8.15668	-0.000976879	-0.452366	
399	2.62642	-4319.5	-0.204737	8.24726	-0.000938504	-0.0394364	
400	2.63626	-4322.1	-0.00751261	8.30536	-0.000899007	0.373349	
401	2.63589	-4307.7	0.188111	8.33076	-0.000858714	0.784365	
402	2.62534	-4276.37	0.381861	8.32342	-0.000817892	1.192	
403	2.60468	-4228.25	0.573354	8.2834	-0.000776754	1.59464	
404	2.57401	-4163.56	0.762062	8.21094	-0.00073547	1.99071	
405	2.53345	-4082.54	0.947298	8.10637	-0.000694186	2.37867	
406	2.48317	-3985.53	1.12825	7.97016	-0.00065305	2.75697	
407	2.42333	-3872.9	1.30401	7.80289	-0.000612236	3.12414	
408	2.35417	-3745.08	1.47372	7.60524	-0.000571956	3.47873	
409	2.27592	-3602.57	1.63661	7.37801	-0.000532469	3.81935	
410	2.18889	-3445.92	1.79209	7.12208	-0.000494061	4.14465	
411	2.09339	-3275.71	1.93983	6.83846	-0.000457019	4.45336	
412	1.98979	-3092.62	2.07975	6.52821	-0.000421598	4.74425	
413	1.87848	-2897.35	2.21193	6.19252	-0.000387992	5.01617	
414	1.7599	-2690.65	2.33661	5.83265	-0.000356309	5.26806	
415	1.6345	-2473.34	2.45405	5.44996	-0.000326567	5.49892	
416	1.50278	-2246.28	2.56446	5.04591	-0.000298696	5.70783	
417	1.36526	-2010.37	2.66793	4.62204	-0.000272558	5.89399	
418	1.22248	-1766.56	2.76448	4.17997	-0.000247957	6.05665	
419	1.07502	-1515.81	2.85402	3.72141	-0.00022466	6.19518	
420	0.923473	-1259.13	2.93645	3.24817	-0.000202392	6.30905	
421	0.768436	-997.575	3.01168	2.76211	-0.000180841	6.39781	
422	0.610525	-732.179	3.07973	2.26517	-0.000159644	6.46112	
423	0.45036	-464.013	3.1407	1.75933	-0.000138388	6.49875	
424	0.28856	-194.15	3.19475	1.24663	-0.000116604	6.51057	
425	0.12574	76.3324	3.24207	0.729144	-9.37801e-05	6.49653	
426	-0.0374884	346.362	3.28275	0.208958	-6.93807e-05	6.45673	
427	-0.200519	614.874	3.31674	-0.311828	-4.28725e-05	6.39132	
428	-0.362753	880.812	3.34375	-0.831122	-1.37555e-05	6.30058	
429	-0.523597	1143.14	3.36324	-1.34685	1.84061e-05	6.1849	
430	-0.682463	1400.83	3.3744	-1.85697	5.39582e-05	6.04474	
431	-0.838767	1652.89	3.37625	-2.35947	9.31357e-05	5.88066	
432	-0.991929	1898.34	3.36768	-2.85239	0.000136052	5.69333	
433	-1.14138	2136.22	3.34756	-3.33383	0.000182693	5.4835	
434	-1.28654	2365.62	3.31488	-3.80193	0.000232926	5.252	
435	-1.42685	2585.63	3.26876	-4.25491	0.000286508	4.99976	
436	-1.56175	2795.4	3.20857	-4.69105	0.000343101	4.72777	
437	-1.69071	2994.11	3.13392	-5.10868	0.000402298	4.43712	
438	-1.81321	3180.95	3.04466	-5.50622	0.000463639	4.12897	
439	-1.92873	3355.2	2.94088	-5.88213	0.000526628	3.80453	
440	-2.03681	3516.15	2.82281	-6.23496	0.000590751	3.46509	
441	-2.13701	3663.14	2.69083	-6.56334	0.000655488	3.11201	
442	-2.22891	3795.59	2.54537	-6.86598	0.000720315	2.74668	
443	-2.31213	3912.94	2.38694	-7.14165	0.000784713	2.37056	
444	-2.38635	4014.74	2.21602	-7.38924	0.000848172	1.98514	
445	-2.45125	4100.55	2.03312	-7.60775	0.000910187	1.59196	
446	-2.50659	4170.04	1.83875	-7.79627	0.000970259	1.19257	
447	-2.55212	4222.93	1.63342	-7.954	0.00102789	0.788572	
448	-2.58767	4259.01	1.41769	-8.08029	0.00108257	0.381566	
449	-2.61308	4278.15	1.19215	-8.17461	0.00113377	-0.0268297	
450	-2.62824	4280.28	0.957482	-8.23657	0.00118094	-0.434993	
451	-2.63309	4265.41	0.714439	-8.26592	0.00122351	-0.841303	
452	-2.62758	4233.62	0.46389	-8.26255	0.00126087	-1.24415	
453	-2.61173	4185.04	0.206824	-8.22648	0.00129242	-1.64194	
454	-2.5856	4119.9	-0.0556336	-8.15791	0.00131758	-2.03309	
455	-2.54926	4038.45	-0.322217	-8.05714	0.00133579	-2.41607	
456	-2.50285	3941.04	-0.591525	-7.92462	0.00134658	-2.78936	
457	-2.44654	3828.05	-0.862034	-7.76093	0.00134956	-3.15149	
458	-2.38055	3699.94	-1.13214	-7.56676	0.00134442	-3.50103	
459	-2.30512	3557.2	-1.40017	-7.34294	0.00133095	-3.8366	
460	-2.22053	3400.41	-1.66447	-7.09039	0.00130903	-4.15687	
461	-2.1271	3230.17	-1.92341	-6.81012	0.0012786	-4.46059	
462	-2.02518	3047.15	-2.17542	-6.50326	0.00123968	-4.74655	
463	-1.91516	2852.04	-2.41901	-6.17103	0.00119236	-5.01362	
464	-1.79746	2645.63	-2.65275	-5.81473	0.00113681	-5.26074	
465	-1.67252	2428.7	-2.87524	-5.43573	0.00107327	-5.48694	
466	-1.54085	2202.11	-3.0851	-5.0355	0.00100209	-5.69131	
467	-1.40294	1966.74	-3.28099	-4.61559	0.000923709	-5.87304	
468	-1.25935	1723.54	-3.46158	-4.1776	0.000838669	-6.03141	
469	-1.11065	1473.46	-3.62564	-3.72324	0.000747585	-6.16578	
470	-0.95744	1217.51	-3.77209	-3.25425	0.000651129	-6.27562	
471	-0.800341	956.696	-3.90007	-2.77247	0.000549996	-6.3605	
472	-0.639992	692.075	-4.00904	-2.27977	0.000444872	-6.42007	
473	-0.477044	424.705	-4.09874	-1.77811	0.000336414	-6.4541	
474	-0.31216	155.662	-4.16923	-1.26947	0.000225232	-6.46245	
475	-0.146003	-113.976	-4.22078	-0.755885	0.000111895	-6.44509	
476	0.0207583	-383.126	-4.25379	-0.239407	-3.06127e-06	-6.40209	
477	0.187459	-650.715	-4.26862	0.277883	-0.000119108	-6.33363	
478	0.353439	-915.674	-4.26548	0.793904	-0.000235695	-6.23999	
479	0.51804	-1176.95	-4.24437	1.30658	-0.000352224	-6.12153	
480	0.680611	-1433.52	-4.20502	1.81384	-0.000468026	-5.97874	
481	0.840508	-1684.37	-4.14697	2.31366	-0.000582356	-5.81217	
482	0.997094	-1928.5	-4.06962	2.80406	-0.00069439	-5.62251	
483	1.14974	-2164.98	-3.97241	3.28307	-0.000803245	-5.41049	
484	1.29784	-2392.87	-3.85494	3.74883	-0.000908001	-5.17697	
485	1.44078	-2611.29	-3.71713	4.19951	-0.00100772	-4.92286	
486	1.57799	-2819.37	-3.55927	4.63336	-0.00110151	-4.64916	
487	1.70892	-3016.32	-3.38208	5.04871	-0.00118848	-4.35697	
488	1.83303	-3201.35	-3.1867	5.44396	-0.00126783	-4.04744	
489	1.94982	-3373.74	-2.97459	5.81759	-0.00133884	-3.72178	
490	2.05881	-3532.8	-2.74747	6.16817	-0.00140089	-3.38129	
491	2.15955	-3677.9	-2.50723	6.49435	-0.00145342	-3.0273	
492	2.25164	-3808.45	-2.2558	6.79488	-0.00149602	-2.66123	
493	2.3347	-3923.93	-1.99515	7.06858	-0.00152838	-2.28451	
494	2.40838	-4023.86	-1.72716	7.31438	-0.00155031	-1.89864	
495	2.4724	-4107.83	-1.45369	7.53131	-0.00156176	-1.50515	
496	2.52648	-4175.5	-1.1765	7.7185	-0.0015628	-1.1056	
497	2.57042	-4226.59	-0.897292	7.87518	-0.00155364	-0.70157	
498	2.60404	-4260.89	-0.617696	8.00071	-0.00153463	-0.294665	
499	2.62722	-4278.24	-0.339277	8.09455	-0.00150619	0.1135	
500	2.63986	-4278.59	-0.063531	8.15631	-0.00146887	0.521304	
501	2.64193	-4261.93	0.208135	8.18572	-0.00142328	0.927128	
502	2.63344	-4228.34	0.474415	8.18263	-0.00137009	1.32936	
503	2.61443	-4177.95	0.734123	8.14705	-0.00131001	1.72641	
504	2.58501	-4110.97	0.98621	8.07911	-0.00124379	2.11669	
505	2.54529	-4027.69	1.22978	7.9791	-0.00117217	2.49867	
506	2.49548	-3928.44	1.46408	7.84742	-0.00109593	2.87082	
507	2.43579	-3813.62	1.68851	7.68463	-0.00101581	3.23168	
508	2.36648	-3683.71	1.90258	7.4914	-0.000932538	3.57981	
509	2.28785	-3539.22	2.10588	7.26856	-0.000846824	3.91384	
510	2.20023	-3380.72	2.29806	7.01701	-0.000759329	4.23245	
511	2.10398	-3208.84	2.47873	6.7378	-0.000670678	4.53436	
512	1.9995	-3024.26	2.64747	6.43207	-0.000581461	4.8184	
513	1.8872	-2827.7	2.80379	6.10105	-0.000492241	5.08342	
514	1.76753	-2619.92	2.94713	5.74607	-0.000403564	5.32839	
515	1.64097	-2401.74	3.07688	5.36854	-0.000315968	5.55232	
516	1.50801	-2173.99	3.19243	4.96995	-0.000229988	5.75433	
517	1.36918	-1937.59	3.29328	4.55185	-0.000146152	5.93362	
518	1.22503	-1693.44	3.37904	4.11588	-6.49721e-05	6.08946	
519	1.07614	-1442.5	3.44954	3.66372	1.3072e-05	6.22123	
520	0.923094	-1185.77	3.50486	3.19712	8.75527e-05	6.32841	
521	0.766502	-924.248	3.54531	2.71791	0.000158111	6.41055	
522	0.606988	-658.983	3.57142	2.22794	0.000224471	6.46733	
523	0.445187	-391.027	3.58387	1.72912	0.00028644	6.49852	
524	0.281741	-121.447	3.5834	1.22341	0.000343915	6.50397	
525	0.1173	148.679	3.57078	0.71281	0.000396865	6.48367	
526	-0.047483	418.272	3.54668	0.199337	0.000445328	6.43769	
527	-0.211955	686.252	3.51168	-0.314962	0.000489396	6.3662	
528	-0.375465	951.55	3.46626	-0.82803	0.000529209	6.26947	
529	-0.537366	1213.11	3.41078	-1.33781	0.000564951	6.1479	
530	-0.697023	1469.88	3.34555	-1.84225	0.000596843	6.00194	
531	-0.853812	1720.86	3.27085	-2.33932	0.000625142	5.83219	
532	-1.00713	1965.04	3.18696	-2.82702	0.000650134	5.6393	
533	-1.15638	2201.47	3.0942	-3.30339	0.000672127	5.42404	
534	-1.30101	2429.22	2.9929	-3.76654	0.000691433	5.18726	
535	-1.44047	2647.39	2.88338	-4.21461	0.000708354	4.92989	
536	-1.57423	2855.13	2.76595	-4.64584	0.000723172	4.65294	
537	-1.70179	3051.63	2.64088	-5.05852	0.000736132	4.35751	
538	-1.82267	3236.12	2.50835	-5.45103	0.000747438	4.04476	
539	-1.9364	3407.88	2.36851	-5.82186	0.000757261	3.71592	
540	-2.04254	3566.24	2.2215	-6.16956	0.000765735	3.37228	
541	-2.14066	3710.58	2.06746	-6.49279	0.000772979	3.0152	
542	-2.23038	3840.31	1.90662	-6.7903	0.000779096	2.64608	
543	-2.31133	3954.93	1.73934	-7.06095	0.000784189	2.26636	
544	-2.38318	4053.97	1.5661	-7.30369	0.000788362	1.87756	
545	-2.44565	4137.03	1.38759	-7.51758	0.000791726	1.48119	
546	-2.49848	4203.78	1.20461	-7.70178	0.000794394	1.07882	
547	-2.54147	4253.93	1.0181	-7.85557	0.000796487	0.672038	
548	-2.57446	4287.28	0.829039	-7.97832	0.000798127	0.262451	
549	-2.59733	4303.69	0.638416	-8.06953	0.000799436	-0.148324	
550	-2.61001	4303.07	0.447151	-8.12882	0.000800537	-0.558662	
551	-2.61245	4285.42	0.256047	-8.15593	0.000801543	-0.96694	
552	-2.60467	4250.81	0.0657462	-8.15071	0.000802553	-1.37154	
553	-2.58671	4199.37	-0.123304	-8.11316	0.000803637	-1.77087	
554	-2.55864	4131.31	-0.310867	-8.0434	0.000804822	-2.16334	
555	-2.5206	4046.9	-0.496921	-7.9417	0.000806075	-2.5474	
556	-2.47271	3946.49	-0.681641	-7.80843	0.00080729	-2.92153	
557	-2.41518	3830.47	-0.865359	-7.64413	0.000808278	-3.28427	
558	-2.34822	3699.31	-1.0485	-7.44946	0.000808757	-3.63416	
559	-2.27209	3553.54	-1.2315	-7.2252	0.000808358	-3.96983	
560	-2.18707	3393.74	-1.41469	-6.97226	0.000806633	-4.28997	
561	-2.09348	3220.55	-1.59821	-6.69167	0.000803074	-4.59329	
562	-1.99168	3034.65	-1.78189	-6.38457	0.000797134	-4.87861	
563	-1.88205	2836.78	-1.96523	-6.05221	0.000788254	-5.1448	
564	-1.765	2627.71	-2.14733	-5.69593	0.000775896	-5.3908	
565	-1.64098	2408.26	-2.32696	-5.31715	0.000759567	-5.61566	
566	-1.51047	2179.28	-2.50264	-4.91739	0.000738839	-5.81846	
567	-1.37397	1941.68	-2.67276	-4.49824	0.000713372	-5.99842	
568	-1.23201	1696.37	-2.83569	-4.06134	0.000682914	-6.15481	
569	-1.08516	1444.32	-2.98994	-3.60841	0.000647305	-6.28702	
570	-0.933972	1186.51	-3.13423	-3.14122	0.000606471	-6.39451	
571	-0.779056	923.952	-3.26752	-2.66159	0.00056041	-6.47686	
572	-0.621014	657.67	-3.38902	-2.17139	0.000509188	-6.53373	
573	-0.460459	388.715	-3.49811	-1.67252	0.000452923	-6.56488	
574	-0.298015	118.148	-3.59427	-1.16695	0.000391784	-6.5702	
575	-0.134311	-152.959	-3.67701	-0.656638	0.000325988	-6.54965	
576	0.0300195	-423.532	-3.74578	-0.143594	0.0002558	-6.50329	
577	0.194335	-692.496	-3.8	0.370162	0.000181534	-6.43131	
578	0.357993	-958.783	-3.83905	0.882599	0.000103555	-6.33399	
579	0.520348	-1221.33	-3.86232	1.39168	2.22744e-05	-6.21169	
580	0.680754	-1479.1	-3.86927	1.89539	-6.18579e-05	-6.06489	
581	0.838572	-1731.06	-3.85953	2.3917	-0.000148361	-5.89417	
582	0.993169	-1976.22	-3.83289	2.87863	-0.000236737	-5.7002	
583	1.14393	-2213.61	-3.78928	3.35423	-0.000326475	-5.48374	
584	1.29024	-2442.28	-3.72879	3.81658	-0.000417057	-5.24564	
585	1.43154	-2661.35	-3.65159	4.26385	-0.000507959	-4.98684	
586	1.56725	-2869.94	-3.55783	4.69423	-0.000598639	-4.70835	
587	1.69684	-3067.24	-3.44768	5.10601	-0.00068853	-4.41127	
588	1.81979	-3252.48	-3.32124	5.49756	-0.000777035	-4.09677	
589	1.93562	-3424.94	-3.1786	5.86732	-0.000863517	-3.76608	
590	2.04385	-3583.94	-3.01987	6.21385	-0.000947307	-3.42051	
591	2.14407	-3728.87	-2.84526	6.53578	-0.00102771	-3.06141	
592	2.23584	-3859.16	-2.6551	6.83186	-0.00110402	-2.6902	
593	2.31882	-3974.3	-2.44996	7.10095	-0.00117554	-2.30833	
594	2.39264	-4073.84	-2.2306	7.34201	-0.0012416	-1.9173	
595	2.45701	-4157.38	-1.99801	7.5541	-0.00130157	-1.51865	
596	2.51167	-4224.58	-1.7534	7.73641	-0.00135483	-1.11394	
597	2.55639	-4275.19	-1.49813	7.88823	-0.00140087	-0.704774	
598	2.59098	-4308.99	-1.23372	8.00897	-0.0014392	-0.292751	
599	2.61529	-4325.83	-0.961827	8.09816	-0.00146941	0.120504	
600	2.62923	-4325.65	-0.68418	8.15542	-0.00149117	0.533365	
601	2.63272	-4308.43	-0.402576	8.18053	-0.00150423	0.944203	
602	2.62576	-4274.24	-0.118833	8.17335	-0.00150844	1.3514	
603	2.60836	-4223.19	0.165266	8.1339	-0.00150378	1.75335	
604	2.5806	-4155.5	0.448032	8.06229	-0.00149031	2.14846	
605	2.54257	-4071.43	0.727936	7.95879	-0.0014682	2.53519	
606	2.49443	-3971.3	1.00365	7.82376	-0.00143768	2.91199	
607	2.43637	-3855.52	1.27408	7.65773	-0.00139905	3.27738	
608	2.36862	-3724.54	1.53833	7.46132	-0.00135262	3.62993	
609	2.29145	-3578.89	1.79565	7.23531	-0.00129871	3.96824	
610	2.20516	-3419.14	2.04535	6.98059	-0.00123763	4.29097	
611	2.11009	-3245.95	2.28672	6.69816	-0.0011697	4.59686	
612	2.00662	-3059.98	2.51891	6.38916	-0.00109521	4.8847	
613	1.89515	-2861.99	2.74089	6.05481	-0.00101448	5.15336	
614	1.77612	-2652.74	2.95145	5.69646	-0.000927844	5.40179	
615	1.65001	-2433.08	3.14926	5.31555	-0.00083569	5.629	
616	1.51731	-2203.85	3.3329	4.91359	-0.000738466	5.83411	
617	1.37856	-1965.97	3.50101	4.49219	-0.000636693	6.01631	
618	1.2343	-1720.36	3.65233	4.05303	-0.000530965	6.17488	
619	1.08512	-1467.98	3.7858	3.59785	-0.00042195	6.3092	
620	0.931601	-1209.82	3.90057	3.12844	-0.000310389	6.41875	
621	0.77437	-946.879	3.99597	2.64665	-0.000197077	6.50308	
622	0.614052	-680.194	4.07151	2.15438	-8.28589e-05	6.56188	
623	0.451287	-410.806	4.12677	1.65355	3.13847e-05	6.59489	
624	0.286724	-139.767	4.16143	1.14612	0.000144753	6.602	
625	0.121021	131.857	4.17525	0.634076	0.000256335	6.58316	
626	-0.0451634	402.999	4.16807	0.119413	0.000365227	6.53845	
627	-0.211165	672.59	4.13989	-0.395855	0.000470548	6.46804	
628	-0.376321	939.567	4.09092	-0.909707	0.000571453	6.37221	
629	-0.53997	1202.87	4.02167	-1.42013	0.000667157	6.25133	
630	-0.701457	1461.46	3.93295	-1.9251	0.000756949	6.10587	
631	-0.860131	1714.32	3.82587	-2.42263	0.000840209	5.93641	
632	-1.01536	1960.42	3.70182	-2.91075	0.000916427	5.74361	
633	-1.1665	2198.82	3.56237	-3.3875	0.00098521	5.52823	
634	-1.31297	2428.55	3.40914	-3.85099	0.00104629	5.29113	
635	-1.45417	2648.71	3.24377	-4.29936	0.00109951	5.03323	
636	-1.58952	2858.43	3.06775	-4.73081	0.00114486	4.75556	
637	-1.71851	3056.88	2.88244	-5.14361	0.00118239	4.4592	
638	-1.84062	3243.3	2.68899	-5.5361	0.00121228	4.14533	
639	-1.95536	3416.95	2.48838	-5.90673	0.00123476	3.81518	
640	-2.06231	3577.15	2.28147	-6.254	0.00125014	3.47005	
641	-2.16104	3723.28	2.06899	-6.57655	0.00125873	3.1113	
642	-2.2512	3854.78	1.85166	-6.8731	0.00126088	2.74034	
643	-2.33242	3971.13	1.63018	-7.14249	0.00125694	2.35863	
644	-2.40442	4071.89	1.40526	-7.38368	0.00124724	1.96767	
645	-2.46691	4156.66	1.17766	-7.59573	0.00123209	1.56899	
646	-2.51967	4225.1	0.948172	-7.77782	0.00121179	1.16416	
647	-2.56248	4276.96	0.71761	-7.92926	0.00118661	0.754779	
648	-2.59518	4312.03	0.486831	-8.04947	0.00115687	0.342445	
649	-2.61763	4330.16	0.256729	-8.13798	0.00112285	-0.0712197	
650	-2.62976	4331.28	0.0282396	-8.19447	0.00108492	-0.484589	
651	-2.6315	4315.37	-0.197655	-8.2187	0.00104347	-0.896036	
652	-2.62286	4282.48	-0.419934	-8.2106	0.000998941	-1.30394	
653	-2.60387	4232.75	-0.637561	-8.17018	0.00095182	-1.70671	
654	-2.57462	4166.36	-0.849522	-8.09759	0.000902622	-2.10274	
655	-2.53523	4083.56	-1.05488	-7.99311	0.000851867	-2.49047	
656	-2.48589	3984.67	-1.25284	-7.85714	0.000800065	-2.86839	
657	-2.42678	3870.07	-1.44278	-7.69019	0.000747686	-3.23499	
658	-2.35817	3740.23	-1.62431	-7.49291	0.000695149	-3.58884	
659	-2.28033	3595.64	-1.79723	-7.26607	0.000642809	-3.92854	
660	-2.19357	3436.88	-1.96157	-7.01057	0.000590948	-4.25274	
661	-2.09824	3264.57	-2.11741	-6.72741	0.000539782	-4.56018	
662	-1.9947	3079.4	-2.26493	-6.41772	0.000489459	-4.84965	
663	-1.88337	2882.1	-2.40423	-6.08274	0.000440077	-5.11999	
664	-1.76467	2673.44	-2.53533	-5.72382	0.000391688	-5.37015	
665	-1.63905	2454.25	-2.65811	-5.34239	0.000344311	-5.59915	
666	-1.50701	2225.4	-2.77235	-4.93999	0.000297943	-5.80608	
667	-1.36905	1987.77	-2.87774	-4.51824	0.00025256	-5.99012	
668	-1.2257	1742.31	-2.97397	-4.07884	0.000208128	-6.15055	
669	-1.07754	1489.97	-3.06074	-3.62354	0.000164594	-6.28675	
670	-0.925137	1231.74	-3.13784	-3.15417	0.000121895	-6.39816	
671	-0.769095	968.619	-3.20515	-2.67259	7.99521e-05	-6.48435	
672	-0.610025	701.646	-3.26259	-2.1807	3.8676e-05	-6.54498	
673	-0.448551	431.859	-3.31008	-1.68046	-2.02722e-06	-6.5798	
674	-0.285305	160.312	-3.34752	-1.17382	-4.22473e-05	-6.58867	
675	-0.120922	-111.932	-3.3747	-0.662771	-8.20593e-05	-6.57156	
676	0.0439579	-383.806	-3.39136	-0.149308	-0.000121514	-6.52851	
677	0.208696	-654.241	-3.39715	0.364572	-0.000160633	-6.4597	
678	0.372654	-922.173	-3.39173	0.876877	-0.000199409	-6.36539	
679	0.535195	-1186.54	-3.37485	1.38562	-0.000237812	-6.24595	
680	0.695688	-1446.3	-3.34639	1.88884	-0.000275806	-6.10183	
681	0.853508	-1700.42	-3.30645	2.38459	-0.000313361	-5.93361	
682	1.00804	-1947.87	-3.25535	2.87095	-0.000350475	-5.74194	
683	1.15868	-2187.69	-3.19361	3.34604	-0.000387181	-5.52758	
684	1.30483	-2418.9	-3.12184	3.80802	-0.000423557	-5.29136	
685	1.44592	-2640.57	-3.04073	4.25511	-0.000459726	-5.03423	
686	1.5814	-2851.82	-2.9509	4.68558	-0.000495844	-4.75719	
687	1.71072	-3051.8	-2.85282	5.09775	-0.000532086	-4.46134	
688	1.83338	-3239.7	-2.74684	5.49004	-0.000568628	-4.14786	
689	1.94888	-3414.76	-2.63308	5.86094	-0.000605625	-3.81799	
690	2.05677	-3576.28	-2.51154	6.20901	-0.000643196	-3.47303	
691	2.15661	-3723.6	-2.38206	6.53294	-0.0006814	-3.11435	
692	2.24801	-3856.13	-2.24444	6.83148	-0.000720229	-2.74338	
693	2.33062	-3973.34	-2.09846	7.10351	-0.000759593	-2.36159	
694	2.40408	-4074.74	-1.94387	7.34801	-0.000799317	-1.97051	
695	2.46813	-4159.93	-1.78053	7.56408	-0.000839139	-1.57167	
696	2.52248	-4228.56	-1.60833	7.7509	-0.000878712	-1.16668	
697	2.56692	-4280.33	-1.42726	7.90781	-0.000917617	-0.757152	
698	2.60126	-4315.03	-1.23745	8.03424	-0.000955377	-0.344709	
699	2.62534	-4332.52	-1.03914	8.12972	-0.00099147	0.0689974	
700	2.63905	-4332.7	-0.832749	8.19393	-0.00102536	0.482315	
701	2.6423	-4315.56	-0.618856	8.22662	-0.00105649	0.893593	
702	2.63507	-4281.17	-0.398209	8.2277	-0.00108434	1.30118	
703	2.61735	-4229.63	-0.171705	8.19714	-0.00110839	1.70345	
704	2.5892	-4161.16	0.0596376	8.13507	-0.00112817	2.0988	
705	2.55071	-4076	0.294709	8.04168	-0.00114323	2.48562	
706	2.502	-3974.5	0.532341	7.91731	-0.00115317	2.86238	
707	2.44326	-3857.05	0.77133	7.76237	-0.00115761	3.22755	
708	2.37469	-3724.14	1.01045	7.5774	-0.00115624	3.57969	
709	2.29657	-3576.29	1.24846	7.36303	-0.00114878	3.91736	
710	2.20918	-3414.11	1.48407	7.12002	-0.00113502	4.23923	
711	2.11286	-3238.26	1.71602	6.84921	-0.0011148	4.544	
712	2.00797	-3049.47	1.943	6.55156	-0.00108804	4.83045	
713	1.89494	-2848.52	2.16376	6.22812	-0.00105473	5.09745	
714	1.77421	-2636.24	2.37708	5.88004	-0.00101493	5.34393	
715	1.64625	-2413.52	2.58186	5.50858	-0.000968735	5.56892	
716	1.5116	-2181.28	2.77714	5.11509	-0.000916298	5.77152	
717	1.37078	-1940.49	2.96207	4.701	-0.000857798	5.95095	
718	1.22438	-1692.14	3.13597	4.26784	-0.000793439	6.1065	
719	1.073	-1437.27	3.2982	3.8172	-0.000723441	6.23759	
720	0.917249	-1176.94	3.44818	3.35078	-0.000648047	6.34371	
721	0.757776	-912.215	3.5853	2.8703	-0.000567529	6.42447	
722	0.595235	-644.188	3.70888	2.37759	-0.000482198	6.47957	
723	0.430296	-373.959	3.81815	1.87449	-0.000392419	6.50885	
724	0.263637	-102.633	3.91222	1.36292	-0.000298612	6.51221	
725	0.0959486	168.684	3.99021	0.844819	-0.000201264	6.48969	
726	-0.0720775	438.892	4.05121	0.322182	-0.000100925	6.44141	
727	-0.239747	706.899	4.09438	-0.202981	1.79614e-06	6.36762	
728	-0.406366	971.624	4.11905	-0.728638	0.00010624	6.26865	
729	-0.571247	1232.01	4.12472	-1.25274	0.000211704	6.14493	
730	-0.73371	1487.01	4.11108	-1.77321	0.000317451	5.99702	
731	-0.893087	1735.61	4.07805	-2.28801	0.000422721	5.82555	
732	-1.04872	1976.84	4.02572	-2.79506	0.000526741	5.63123	
733	-1.19997	2209.74	3.95436	-3.29231	0.000628735	5.4149	
734	-1.34622	2433.4	3.86438	-3.77774	0.00072794	5.17745	
735	-1.48686	2646.96	3.7563	-4.24932	0.000823619	4.91987	
736	-1.62132	2849.59	3.63072	-4.7051	0.000915075	4.64323	
737	-1.74905	3040.54	3.48832	-5.14313	0.00100167	4.34864	
738	-1.86953	3219.07	3.32986	-5.56156	0.00108281	4.03733	
739	-1.98228	3384.52	3.15613	-5.95857	0.001158	3.71054	
740	-2.08684	3536.3	2.96798	-6.33242	0.00122676	3.36961	
741	-2.1828	3673.85	2.76626	-6.68147	0.00128871	3.01589	
742	-2.2698	3796.7	2.5519	-7.00417	0.0013435	2.6508	
743	-2.3475	3904.42	2.3258	-7.29908	0.0013908	2.27581	
744	-2.41563	3996.65	2.08894	-7.56487	0.00143035	1.89238	
745	-2.47394	4073.1	1.84232	-7.80034	0.00146193	1.50204	
746	-2.52224	4133.54	1.587	-8.00441	0.00148533	1.10633	
747	-2.56036	4177.78	1.32412	-8.17616	0.00150043	0.706777	
748	-2.58819	4205.73	1.05485	-8.3148	0.00150715	0.304958	
749	-2.60565	4217.32	0.780439	-8.41969	0.00150543	-0.097572	
750	-2.61272	4212.56	0.502155	-8.49032	0.00149532	-0.499252	
751	-2.6094	4191.52	0.221283	-8.52638	0.00147686	-0.898531	
752	-2.59574	4154.32	-0.0608962	-8.52766	0.00145018	-1.29387	
753	-2.57182	4101.13	-0.343108	-8.49413	0.00141542	-1.68375	
754	-2.53776	4032.19	-0.624077	-8.42592	0.00137278	-2.06667	
755	-2.49374	3947.77	-0.902499	-8.32327	0.00132249	-2.44117	
756	-2.43995	3848.22	-1.17702	-8.1866	0.00126485	-2.8058	
757	-2.37664	3733.92	-1.44619	-8.01647	0.00120025	-3.15918	
758	-2.30407	3605.31	-1.70848	-7.81356	0.00112913	-3.49995	
759	-2.22256	3462.88	-1.96225	-7.57872	0.00105205	-3.8268	
760	-2.13245	3307.17	-2.2058	-7.3129	0.000969624	-4.13848	
761	-2.03412	3138.77	-2.43746	-7.01718	0.000882588	-4.4338	
762	-1.92797	2958.31	-2.6556	-6.69278	0.000791728	-4.71162	
763	-1.81445	2766.46	-2.85879	-6.34103	0.000697887	-4.97087	
764	-1.69401	2563.96	-3.04584	-5.96336	0.000601937	-5.21056	
765	-1.56716	2351.57	-3.21588	-5.56132	0.000504754	-5.42975	
766	-1.4344	2130.08	-3.36837	-5.13655	0.00040719	-5.62761	
767	-1.29626	1900.35	-3.50312	-4.69077	0.000310052	-5.80336	
768	-1.15329	1663.24	-3.62022	-4.22582	0.000214079	-5.95632	
769	-1.00605	1419.66	-3.71998	-3.74357	0.00011993	-6.0859	
770	-0.855126	1170.55	-3.80284	-3.246	2.81727e-05	-6.1916	
771	-0.70109	916.868	-3.86929	-2.73511	-6.07108e-05	-6.27299	
772	-0.54454	659.592	-3.91981	-2.21298	-0.000146322	-6.32976	
773	-0.38608	399.724	-3.9548	-1.68171	-0.000228335	-6.36169	
774	-0.226319	138.278	-3.97458	-1.14344	-0.00030648	-6.36865	
775	-0.0658769	-123.719	-3.97939	-0.600335	-0.000380532	-6.35061	
776	0.0946261	-385.236	-3.96942	-0.0545686	-0.000450307	-6.30765	
777	0.254566	-645.236	-3.94484	0.491673	-0.000515649	-6.23993	
778	0.413321	-902.683	-3.9058	1.0362	-0.000576439	-6.14771	
779	0.570273	-1156.55	-3.85254	1.57684	-0.000632589	-6.03138	
780	0.724813	-1405.8	-3.78531	2.11142	-0.00068405	-5.89139	
781	0.87634	-1649.45	-3.70442	2.6378	-0.000730808	-5.72829	
782	1.02427	-1886.5	-3.61024	3.15384	-0.000772883	-5.54275	
783	1.16802	-2115.97	-3.50318	3.65745	-0.000810324	-5.3355	
784	1.30705	-2336.94	-3.38371	4.14658	-0.000843201	-5.10739	
785	1.44081	-2548.5	-3.2523	4.6192	-0.000871604	-4.85932	
786	1.56878	-2749.79	-3.10949	5.07336	-0.000895642	-4.5923	
787	1.69046	-2939.97	-2.95587	5.50715	-0.000915442	-4.3074	
788	1.80537	-3118.27	-2.79209	5.91871	-0.000931157	-4.00579	
789	1.91305	-3283.97	-2.61882	6.3063	-0.000942972	-3.68866	
790	2.01309	-3436.4	-2.43682	6.66821	-0.0009511	-3.35732	
791	2.10508	-3574.95	-2.24688	7.00285	-0.000955786	-3.01309	
792	2.18865	-3699.07	-2.04979	7.30874	-0.000957293	-2.65736	
793	2.26348	-3808.28	-1.84636	7.58449	-0.000955899	-2.29157	
794	2.32927	-3902.18	-1.63741	7.82886	-0.000951882	-1.91718	
795	2.38576	-3980.41	-1.42373	8.04072	-0.000945513	-1.53571	
796	2.43273	-4042.71	-1.2061	8.21908	-0.000937054	-1.14866	
797	2.47	-4088.88	-0.985287	8.36312	-0.000926756	-0.757594	
798	2.49744	-4118.79	-0.762049	8.47217	-0.000914861	-0.364057	
799	2.51495	-4132.38	-0.537106	8.5457	-0.000901603	0.0303921	
800	2.52248	-4129.65	-0.311146	8.58339	-0.000887204	0.424197	
801	2.52002	-4110.7	-0.0847983	8.58505	-0.000871866	0.815813	
802	2.5076	-4075.66	0.141372	8.55069	-0.000855757	1.20371	
803	2.48529	-4024.75	0.366872	8.48048	-0.000839	1.58637	
804	2.45321	-3958.22	0.591267	8.37478	-0.000821656	1.96233	
805	2.41151	-3876.42	0.814148	8.2341	-0.000803722	2.33012	
806	2.36038	-3779.73	1.03508	8.05912	-0.000785128	2.68834	
807	2.30003	-3668.58	1.25356	7.85069	-0.000765755	3.03561	
808	2.23074	-3543.49	1.46896	7.60982	-0.000745449	3.37063	
809	2.1528	-3404.98	1.68047	7.33766	-0.000724045	3.69212	
810	2.06654	-3253.65	1.88715	7.03549	-0.000701388	3.99888	
811	1.97232	-3090.12	2.08791	6.70473	-0.000677355	4.28975	
812	1.87054	-2915.09	2.28162	6.34693	-0.000651859	4.56366	
813	1.76163	-2729.25	2.46715	5.96374	-0.000624855	4.81958	
814	1.64605	-2533.36	2.64347	5.55691	-0.000596335	5.05658	
815	1.52426	-2328.21	2.80973	5.12829	-0.000566314	5.27379	
816	1.39679	-2114.59	2.96529	4.6798	-0.000534815	5.47041	
817	1.26416	-1893.36	3.10971	4.21344	-0.000501853	5.64575	
818	1.12692	-1665.38	3.24272	3.73125	-0.000467422	5.79917	
819	0.985626	-1431.53	3.36417	3.23535	-0.000431478	5.93014	
820	0.840864	-1192.71	3.47394	2.72787	-0.000393941	6.03819	
821	0.693223	-949.831	3.57192	2.21096	-0.00035469	6.12297	
822	0.543301	-703.826	3.65792	1.68681	-0.000313574	6.18418	
823	0.391704	-455.623	3.73167	1.15758	-0.000270426	6.22165	
824	0.239041	-206.156	3.79287	0.625453	-0.000225074	6.23527	
825	0.0859227	43.6376	3.84116	0.092574	-0.00017736	6.22503	
826	-0.0670455	292.827	3.87621	-0.438928	-0.000127156	6.19102	
827	-0.219263	540.486	3.89772	-0.966958	-7.43677e-05	6.1334	
828	-0.370137	785.696	3.90546	-1.48946	-1.8945e-05	6.05242	
829	-0.519089	1027.55	3.89921	-2.00444	3.91166e-05	5.94844	
830	-0.665553	1265.17	3.87883	-2.50993	9.97744e-05	5.82186	
831	-0.808978	1497.67	3.84411	-3.00403	0.000162937	5.67322	
832	-0.948831	1724.21	3.79486	-3.4849	0.000228459	5.50309	
833	-1.0846	1943.95	3.7308	-3.95076	0.000296139	5.31215	
834	-1.21578	2156.1	3.65161	-4.39989	0.000365708	5.10115	
835	-1.34191	2359.87	3.55693	-4.83065	0.000436826	4.8709	
836	-1.46253	2554.54	3.44643	-5.24146	0.00050908	4.62229	
837	-1.57721	2739.4	3.31984	-5.63082	0.000581984	4.35629	
838	-1.68554	2913.76	3.17704	-5.99728	0.000654987	4.07392	
839	-1.78715	3077.01	3.01808	-6.3395	0.000727483	3.77625	
840	-1.88167	3228.55	2.84326	-6.6562	0.000798832	3.46442	
841	-1.96878	3367.83	2.65311	-6.94619	0.000868377	3.13963	
842	-2.04817	3494.36	2.44844	-7.20837	0.000935463	2.8031	
843	-2.11959	3607.69	2.23025	-7.44173	0.000999459	2.45611	
844	-2.1828	3707.4	1.99977	-7.64536	0.00105977	2.09998	
845	-2.23758	3793.15	1.75835	-7.81845	0.00111585	1.73605	
846	-2.28377	3864.64	1.50745	-7.96032	0.00116721	1.36568	
847	-2.32123	3921.62	1.24861	-8.07039	0.00121342	0.990283	
848	-2.34986	3963.9	0.983361	-8.14819	0.0012541	0.611258	
849	-2.3696	3991.32	0.713235	-8.19342	0.00128892	0.23003	
850	-2.38042	4003.81	0.439711	-8.20587	0.0013176	-0.151974	
851	-2.3823	4001.33	0.164191	-8.18548	0.00133989	-0.533324	
852	-2.37529	3983.89	-0.112019	-8.13232	0.00135556	-0.912597	
853	-2.35944	3951.56	-0.387721	-8.04662	0.00136443	-1.28837	
854	-2.33484	3904.47	-0.66183	-7.92873	0.00136635	-1.65925	
855	-2.3016	3842.77	-0.933357	-7.77913	0.00136117	-2.02385	
856	-2.25986	3766.71	-1.20138	-7.59846	0.0013488	-2.38081	
857	-2.20977	3676.55	-1.46503	-7.38747	0.00132914	-2.7288	
858	-2.15151	3572.61	-1.7234	-7.14704	0.00130214	-3.06651	
859	-2.08531	3455.27	-1.97554	-6.87819	0.0012678	-3.39268	
860	-2.01139	3324.95	-2.22044	-6.58204	0.00122612	-3.7061	
861	-1.93001	3182.12	-2.45696	-6.25982	0.00117718	-4.00559	
862	-1.84145	3027.3	-2.68391	-5.91288	0.00112111	-4.29002	
863	-1.74604	2861.05	-2.90003	-5.54266	0.00105813	-4.55833	
864	-1.64412	2684	-3.10405	-5.15068	0.000988509	-4.8095	
865	-1.53607	2496.79	-3.29477	-4.73856	0.000912634	-5.04259	
866	-1.42229	2300.12	-3.47107	-4.30798	0.000830951	-5.25673	
867	-1.3032	2094.75	-3.63198	-3.86071	0.000743981	-5.45109	
868	-1.17928	1881.44	-3.77666	-3.39857	0.00065229	-5.62495	
869	-1.051	1661.01	-3.90446	-2.92343	0.000556479	-5.77765	
870	-0.918853	1434.31	-4.01484	-2.43724	0.000457169	-5.90861	
871	-0.783374	1202.2	-4.10737	-1.94195	0.000354986	-6.01734	
872	-0.645093	965.586	-4.18172	-1.43956	0.000250567	-6.10343	
873	-0.50456	725.381	-4.2376	-0.932114	0.000144554	-6.16656	
874	-0.362331	482.512	-4.27476	-0.421648	3.76035e-05	-6.2065	
875	-0.218974	237.915	-4.29301	0.0897831	-6.96172e-05	-6.2231	
876	-0.0750551	-7.46804	-4.29219	0.600123	-0.000176427	-6.21631	
877	0.0688528	-252.699	-4.27224	1.10733	-0.000282138	-6.18617	
878	0.21218	-496.843	-4.23316	1.60936	-0.000386069	-6.13279	
879	0.354359	-738.978	-4.17506	2.10421	-0.000487552	-6.05639	
880	0.494831	-978.195	-4.09813	2.5899	-0.000585952	-5.95726	
881	0.633042	-1213.61	-4.00268	3.06451	-0.000680665	-5.8358	
882	0.768455	-1444.34	-3.88907	3.52613	-0.000771128	-5.69246	
883	0.900546	-1669.56	-3.75773	3.97293	-0.000856815	-5.52778	
884	1.02881	-1888.45	-3.60913	4.40313	-0.000937232	-5.3424	
885	1.15277	-2100.24	-3.44377	4.81503	-0.00101191	-5.13701	
886	1.27198	-2304.16	-3.26221	5.20699	-0.00108042	-4.91237	
887	1.386	-2499.51	-3.06505	5.57746	-0.00114232	-4.66933	
888	1.49443	-2685.61	-2.85302	5.92498	-0.00119722	-4.40878	
889	1.59693	-2861.83	-2.62692	6.24817	-0.00124477	-4.13168	
890	1.69315	-3027.55	-2.38774	6.54576	-0.00128463	-3.83905	
891	1.7828	-3182.22	-2.13667	6.81657	-0.00131655	-3.53196	
892	1.8656	-3325.32	-1.87509	7.05954	-0.00134034	-3.21153	
893	1.94131	-3456.36	-1.60459	7.27371	-0.00135588	-2.87892	
894	2.00972	-3574.91	-1.32699	7.45825	-0.00136317	-2.53535	
895	2.07066	-3680.56	-1.04425	7.61244	-0.00136231	-2.18205	
896	2.12396	-3772.95	-0.758469	7.7357	-0.00135351	-1.8203	
897	2.16951	-3851.77	-0.471794	7.82754	-0.00133708	-1.45141	
898	2.20719	-3916.74	-0.186373	7.88764	-0.00131346	-1.0767	
899	2.23694	-3967.61	0.0957256	7.9158	-0.00128316	-0.697541	
900	2.25871	-4004.21	0.372568	7.91193	-0.00124679	-0.315287	
901	2.27247	-4026.37	0.642407	7.87611	-0.00120499	0.0686765	
902	2.27822	-4033.99	0.903714	7.80852	-0.00115846	0.452961	
903	2.27597	-4027.01	1.1552	7.70951	-0.00110788	0.836172	
904	2.26575	-4005.4	1.3958	7.57952	-0.00105394	1.21692	
905	2.2476	-3969.21	1.62468	7.41915	-0.000997253	1.59381	
906	2.22161	-3918.49	1.84123	7.22911	-0.000938422	1.96547	
907	2.18783	-3853.37	2.04499	7.01025	-0.000877963	2.33052	
908	2.14636	-3774.03	2.23569	6.76351	-0.000816333	2.68764	
909	2.09732	-3680.69	2.41322	6.48996	-0.000753926	3.03548	
910	2.04084	-3573.61	2.57759	6.19078	-0.000691072	3.37275	
911	1.97706	-3453.12	2.7289	5.86725	-0.00062805	3.69819	
912	1.90617	-3319.6	2.86738	5.52075	-0.00056509	4.01057	
913	1.82836	-3173.47	2.99328	5.15274	-0.000502383	4.30871	
914	1.74387	-3015.21	3.10689	4.76478	-0.000440083	4.59147	
915	1.65294	-2845.35	3.20849	4.3585	-0.000378315	4.85776	
916	1.55585	-2664.47	3.29831	3.93561	-0.000317178	5.10656	
917	1.45293	-2473.19	3.37649	3.49789	-0.000256755	5.33689	
918	1.34451	-2272.17	3.44309	3.04718	-0.000197115	5.54785	
919	1.23096	-2062.15	3.49809	2.58537	-0.000138329	5.7386	
920	1.11269	-1843.86	3.54138	2.1144	-8.04695e-05	5.90839	
921	0.99012	-1618.09	3.57279	1.63625	-2.36235e-05	6.05651	
922	0.86371	-1385.68	3.59212	1.15294	3.21072e-05	6.18238	
923	0.733935	-1147.46	3.59914	0.666504	8.66043e-05	6.28545	
924	0.601291	-904.313	3.59368	0.178985	0.000139736	6.36528	
925	0.466288	-657.126	3.57559	-0.307567	0.000191362	6.42151	
926	0.329449	-406.808	3.5448	-0.791113	0.000241346	6.45388	
927	0.191305	-154.274	3.50134	-1.26963	0.000289559	6.46219	
928	0.0523901	99.5503	3.44532	-1.74115	0.000335893	6.44635	
929	-0.0867591	353.738	3.37701	-2.20371	0.000380272	6.40636	
930	-0.225609	607.364	3.29673	-2.65544	0.000422653	6.34228	
931	-0.363633	859.503	3.20495	-3.09452	0.000463032	6.25428	
932	-0.500311	1109.24	3.10217	-3.51922	0.000501449	6.14263	
933	-0.635138	1355.66	2.98893	-3.9279	0.000537976	6.00765	
934	-0.767623	1597.87	2.86577	-4.31899	0.000572715	5.84977	
935	-0.897295	1834.98	2.73318	-4.69106	0.000605785	5.6695	
936	-1.0237	2066.11	2.59158	-5.04277	0.000637311	5.46743	
937	-1.14641	2290.41	2.44132	-5.3729	0.000667405	5.24422	
938	-1.265	2507.03	2.28273	-5.68034	0.000696162	5.00064	
939	-1.3791	2715.15	2.11612	-5.96411	0.000723645	4.73751	
940	-1.48832	2913.95	1.94183	-6.22333	0.000749887	4.45573	
941	-1.59231	3102.66	1.76035	-6.45725	0.00077489	4.15627	
942	-1.69072	3280.51	1.57227	-6.66522	0.000798633	3.8402	
943	-1.78324	3446.77	1.37835	-6.8467	0.000821072	3.50863	
944	-1.86955	3600.73	1.17952	-7.00125	0.000842157	3.16275	
945	-1.94937	3741.73	0.976795	-7.12853	0.00086183	2.80379	
946	-2.02241	3869.14	0.771274	-7.22829	0.000880033	2.43307	
947	-2.08842	3982.37	0.564042	-7.30037	0.000896711	2.05194	
948	-2.14716	4080.88	0.356131	-7.34469	0.000911809	1.66181	
949	-2.1984	4164.19	0.148482	-7.36124	0.000925276	1.26415	
950	-2.24194	4231.86	-0.0580766	-7.35012	0.000937061	0.860432	
951	-2.27759	4283.52	-0.262826	-7.31147	0.000947113	0.452198	
952	-2.30519	4318.87	-0.465135	-7.24553	0.000955377	0.0409994	
953	-2.32459	4337.68	-0.66444	-7.15259	0.00096179	-0.371589	
954	-2.33568	4339.77	-0.860224	-7.03305	0.000966271	-0.783977	
955	-2.33837	4325.06	-1.05201	-6.88737	0.000968718	-1.19457	
956	-2.33258	4293.55	-1.23934	-6.71608	0.000968993	-1.60177	
957	-2.31828	4245.28	-1.42185	-6.5198	0.000966921	-2.00398	
958	-2.29547	4180.41	-1.5992	-6.29923	0.000962281	-2.39965	
959	-2.26417	4099.16	-1.77117	-6.05517	0.000954811	-2.78721	
960	-2.22445	4001.8	-1.93762	-5.78849	0.000944217	-3.16515	
961	-2.17639	3888.73	-2.09848	-5.50016	0.000930176	-3.53198	
962	-2.12011	3760.36	-2.25372	-5.19122	0.000912358	-3.88626	
963	-2.05579	3617.21	-2.40331	-4.86283	0.000890436	-4.2266	
964	-1.9836	3459.85	-2.54717	-4.51622	0.000864101	-4.55165	
965	-1.90377	3288.89	-2.6851	-4.15271	0.000833073	-4.86016	
966	-1.81656	3105.02	-2.81672	-3.77369	0.000797115	-5.1509	
967	-1.72226	2908.97	-2.94151	-3.38065	0.00075604	-5.42273	
968	-1.62118	2701.51	-3.05871	-2.97514	0.000709723	-5.67459	
969	-1.51368	2483.45	-3.16741	-2.55879	0.000658107	-5.90549	
970	-1.40012	2255.63	-3.26656	-2.13325	0.000601216	-6.11453	
971	-1.28094	2018.92	-3.35499	-1.70026	0.000539155	-6.30088	
972	-1.15654	1774.22	-3.43149	-1.26158	0.000472123	-6.4638	
973	-1.02739	1522.44	-3.49489	-0.818976	0.000400402	-6.60264	
974	-0.893958	1264.51	-3.54409	-0.374261	0.000324358	-6.71685	
975	-0.756736	1001.37	-3.57812	0.0707668	0.00024443	-6.80595	
976	-0.616222	733.98	-3.59619	0.514317	0.000161115	-6.86956	
977	-0.472929	463.289	-3.59772	0.954618	7.4953e-05	-6.9074	
978	-0.327377	190.261	-3.58238	1.38993	-1.34834e-05	-6.91926	
979	-0.180095	-84.1402	-3.55006	1.81857	-0.000103607	-6.90504	
980	-0.0316197	-358.949	-3.5009	2.23888	-0.000194826	-6.86472	
981	0.117506	-633.2	-3.43523	2.6493	-0.000286551	-6.79838	
982	0.266729	-905.93	-3.35359	3.0483	-0.000378201	-6.7062	
983	0.415491	-1176.18	-3.25661	3.43446	-0.000469214	-6.58842	
984	0.563224	-1442.98	-3.14504	3.80642	-0.00055904	-6.4454	
985	0.709357	-1705.39	-3.0197	4.16291	-0.000647154	-6.27757	
986	0.853313	-1962.44	-2.8814	4.50274	-0.000733045	-6.08548	
987	0.994515	-2213.21	-2.73095	4.8248	-0.000816221	-5.86973	
988	1.13239	-2456.76	-2.56912	5.12807	-0.000896204	-5.63103	
989	1.26636	-2692.15	-2.39668	5.41162	-0.000972523	-5.37018	
990	1.39588	-2918.5	-2.21434	5.67458	-0.00104472	-5.08806	
991	1.52039	-3134.89	-2.0228	5.91616	-0.00111233	-4.78564	
992	1.63937	-3340.47	-1.82279	6.13566	-0.00117491	-4.46395	
993	1.75232	-3534.38	-1.61501	6.33242	-0.00123203	-4.12412	
994	1.85877	-3715.83	-1.40024	6.50585	-0.00128328	-3.76736	
995	1.95826	-3884.01	-1.17928	6.65545	-0.00132827	-3.39494	
996	2.0504	-4038.21	-0.952987	6.78075	-0.00136666	-3.00821	
997	2.13482	-4177.72	-0.722264	6.88136	-0.00139813	-2.60857	
998	2.2112	-4301.89	-0.488071	6.95694	-0.00142243	-2.19749	
999	2.27925	-4410.15	-0.251408	7.00722	-0.00143931	-1.77649	
1000	2.33873	-4501.96	-0.0133187	7.03199	-0.0014486	-1.34715	
1001	2.38946	-4576.85	0.225107	7.03112	-0.00145016	-0.911072	
1002	2.43127	-4634.44	0.462732	7.00454	-0.00144386	-0.469919	
1003	2.46405	-4674.38	0.698366	6.95227	-0.00142968	-0.0253643	
1004	2.48775	-4696.42	0.930764	6.87439	-0.0014076	0.420889	
1005	2.50231	-4700.38	1.15864	6.77109	-0.00137771	0.867123	
1006	2.50775	-4686.16	1.38067	6.64265	-0.00134015	1.31161	
1007	2.50409	-4653.71	1.59554	6.48941	-0.00129514	1.75263	
1008	2.49139	-4603.09	1.80201	6.31185	-0.00124298	2.18846	
1009	2.46974	-4534.4	1.9989	6.11049	-0.00118405	2.61738	
1010	2.43923	-4447.85	2.18524	5.88601	-0.00111876	3.03772	
1011	2.39999	-4343.69	2.36021	5.63912	-0.0010476	3.4478	
1012	2.35215	-4222.26	2.52322	5.37067	-0.000971076	3.84601	
1013	2.29583	-4083.95	2.67389	5.08158	-0.000889701	4.23075	
1014	2.23119	-3929.23	2.81203	4.77286	-0.000804013	4.60047	
1015	2.15839	-3758.64	2.93759	4.44558	-0.000714546	4.9537	
1016	2.07758	-3572.76	3.05057	4.10093	-0.000621832	5.28898	
1017	1.98894	-3372.25	3.15102	3.74011	-0.000526405	5.60496	
1018	1.89266	-3157.82	3.23894	3.36445	-0.0004288	5.90033	
1019	1.78895	-2930.24	3.31426	2.97528	-0.000329567	6.17385	
1020	1.67805	-2690.33	3.37684	2.57402	-0.00022927	6.42439	
1021	1.5602	-2438.96	3.42646	2.16213	-0.000128496	6.65088	
1022	1.43572	-2177.07	3.46281	1.7411	-2.78586e-05	6.85233	
1023	1.30492	-1905.61	3.48559	1.31248	7.20061e-05	7.02786	
1024	1.16817	-1625.62	3.4945	0.877846	0.000170444	7.17668	
1025	1.02589	-1338.14	3.48925	0.438802	0.000266791	7.29811	
1026	0.878545	-1044.28	3.46965	-0.00301087	0.000360391	7.39155	
1027	0.72663	-745.174	3.43561	-0.445926	0.000450602	7.45654	
1028	0.570702	-441.982	3.38714	-0.888256	0.000536813	7.49269	
1029	0.411362	-135.898	3.32435	-1.32829	0.000618457	7.49977	
1030	0.24925	171.868	3.2475	-1.76432	0.000695017	7.47763	
1031	0.0850488	480.086	3.15693	-2.19461	0.000766039	7.42624	
1032	-0.080531	787.519	3.0531	-2.61744	0.000831135	7.3457	
1033	-0.246752	1092.92	2.93657	-3.03107	0.000889995	7.23622	
1034	-0.41286	1395.06	2.80798	-3.43382	0.000942388	7.09813	
1035	-0.578093	1692.69	2.66806	-3.82399	0.000988172	6.93186	
1036	-0.741689	1984.6	2.51766	-4.19995	0.00102729	6.738	
1037	-0.902894	2269.59	2.3577	-4.56009	0.00105978	6.5172	
1038	-1.06097	2546.48	2.1892	-4.90286	0.00108576	6.27025	
1039	-1.2152	2814.13	2.01328	-5.2268	0.00110542	5.99805	
1040	-1.3649	3071.44	1.83111	-5.53049	0.00111901	5.7016	
1041	-1.50942	3317.34	1.64394	-5.81263	0.00112687	5.38199	
1042	-1.64815	3550.81	1.45298	-6.07201	0.00112935	5.04043	
1043	-1.78052	3770.89	1.25943	-6.3075	0.00112685	4.6782	
1044	-1.90602	3976.67	1.06443	-6.51812	0.00111978	4.29667	
1045	-2.02416	4167.29	0.868974	-6.70299	0.00110858	3.89731	
1046	-2.13452	4341.96	0.673961	-6.86136	0.00109369	3.48163	
1047	-2.2367	4499.96	0.480143	-6.99259	0.00107552	3.05124	
1048	-2.33038	4640.63	0.288154	-7.09618	0.00105449	2.60779	
1049	-2.41522	4763.37	0.098525	-7.17178	0.00103095	2.153	
1050	-2.49096	4867.69	-0.088289	-7.21913	0.00100524	1.68864	
1051	-2.55735	4953.13	-0.271883	-7.23811	0.000977645	1.21649	
1052	-2.61417	5019.32	-0.451881	-7.22872	0.000948384	0.738408	
1053	-2.66121	5065.97	-0.627927	-7.19109	0.000917636	0.256246	
1054	-2.6983	5092.88	-0.799678	-7.12545	0.000885528	-0.228113	
1055	-2.72529	5099.89	-0.966812	-7.03212	0.000852155	-0.712774	
1056	-2.74205	5086.96	-1.12903	-6.91155	0.000817584	-1.19584	
1057	-2.74846	5054.09	-1.28608	-6.76426	0.000781876	-1.67542	
1058	-2.74445	5001.39	-1.43773	-6.59088	0.000745097	-2.14963	
1059	-2.72996	4929.01	-1.58381	-6.39211	0.000707326	-2.61659	
1060	-2.70496	4837.21	-1.72419	-6.16872	0.000668663	-3.07448	
1061	-2.66948	4726.31	-1.85878	-5.92158	0.000629227	-3.52148	
1062	-2.62355	4596.69	-1.98755	-5.6516	0.000589151	-3.95581	
1063	-2.56728	4448.83	-2.11046	-5.35979	0.000548568	-4.37576	
1064	-2.50079	4283.25	-2.22754	-5.04721	0.000507597	-4.77965	
1065	-2.42428	4100.55	-2.3388	-4.71498	0.000466337	-5.16586	
1066	-2.33798	3901.41	-2.44424	-4.3643	0.000424856	-5.53284	
1067	-2.24219	3686.55	-2.54383	-3.99641	0.000383186	-5.87912	
1068	-2.13723	3456.77	-2.63745	-3.61264	0.000341329	-6.20328	
1069	-2.02351	3212.9	-2.72489	-3.21436	0.000299261	-6.50401	
1070	-1.90146	2955.87	-2.80576	-2.80301	0.000256941	-6.78008	
1071	-1.77156	2686.63	-2.87958	-2.3801	0.00021432	-7.03032	
1072	-1.63433	2406.18	-2.94568	-1.94719	0.000171345	-7.25371	
1073	-1.49035	2115.58	-3.00329	-1.50589	0.000127966	-7.4493	
1074	-1.34019	1815.93	-3.05159	-1.05786	8.4133e-05	-7.61624	
1075	-1.18448	1508.38	-3.08974	-0.604833	3.98016e-05	-7.75381	
1076	-1.02386	1194.08	-3.11696	-0.148559	-5.07541e-06	-7.86139	
1077	-0.858978	874.255	-3.13262	0.309166	-5.0548e-05	-7.93847	
1078	-0.690496	550.132	-3.13623	0.76652	-9.66715e-05	-7.98468	
1079	-0.519079	222.971	-3.12752	1.22166	-0.000143508	-7.99974	
1080	-0.34539	-105.953	-3.10639	1.67275	-0.000191125	-7.98352	
1081	-0.170085	-435.349	-3.07296	2.11793	-0.000239593	-7.93599	
1082	0.0061896	-763.918	-3.02748	2.55537	-0.000288979	-7.85727	
1083	0.182796	-1090.36	-2.97034	2.98327	-0.000339335	-7.74758	
1084	0.359108	-1413.36	-2.90205	3.39985	-0.000390693	-7.60727	
1085	0.534506	-1731.64	-2.82317	3.8034	-0.000443047	-7.43683	
1086	0.70838	-2043.91	-2.73436	4.19226	-0.00049635	-7.23684	
1087	0.880119	-2348.9	-2.63629	4.56482	-0.000550502	-7.00803	
1088	1.04911	-2645.38	-2.52965	4.91958	-0.000605349	-6.75124	
1089	1.21475	-2932.12	-2.41513	5.2551	-0.000660684	-6.46741	
1090	1.37642	-3207.94	-2.29334	5.57004	-0.00071625	-6.1576	
1091	1.53349	-3471.72	-2.16483	5.86315	-0.000771745	-5.82298	
1092	1.68534	-3722.34	-2.02999	6.13328	-0.000826826	-5.46482	
1093	1.83133	-3958.77	-1.88902	6.37938	-0.000881112	-5.0845	
1094	1.97084	-4180.02	-1.74194	6.6005	-0.000934185	-4.68347	
1095	2.10323	-4385.17	-1.58857	6.7958	-0.00098559	-4.26327	
1096	2.2279	-4573.34	-1.42855	6.96452	-0.00103483	-3.82554	
1097	2.34425	-4743.75	-1.26139	7.10602	-0.00108137	-3.37196	
1098	2.45168	-4895.67	-1.08652	7.21974	-0.00112464	-2.90432	
1099	2.54966	-5028.47	-0.903421	7.30525	-0.00116403	-2.42442	
1100	2.63767	-5141.6	-0.711631	7.3622	-0.00119892	-1.93416	
1101	2.71524	-5234.56	-0.510881	7.39034	-0.00122869	-1.43543	
1102	2.78196	-5306.98	-0.301138	7.38951	-0.00125274	-0.9302	
1103	2.83747	-5358.54	-0.0826622	7.35969	-0.00127048	-0.420449	
1104	2.88148	-5389.04	0.143958	7.30092	-0.00128141	0.0918263	
1105	2.91375	-5398.35	0.377792	7.21337	-0.00128511	0.604614	
1106	2.93413	-5386.42	0.617566	7.09732	-0.00128126	1.1159	
1107	2.94255	-5353.3	0.861679	6.95316	-0.00126963	1.62368	
1108	2.93897	-5299.13	1.10824	6.78139	-0.00125014	2.12596	
1109	2.92348	-5224.12	1.3551	6.58263	-0.00122285	2.62076	
1110	2.89619	-5128.56	1.59995	6.35761	-0.00118789	3.10615	
1111	2.8573	-5012.82	1.84033	6.10719	-0.00114553	3.5802	
1112	2.80706	-4877.36	2.07381	5.83234	-0.00109612	4.04106	
1113	2.74578	-4722.7	2.29797	5.53414	-0.00104008	4.48691	
1114	2.6738	-4549.42	2.51058	5.21376	-0.000977896	4.916	
1115	2.59151	-4358.17	2.70961	4.87251	-0.000910069	5.32662	
1116	2.49932	-4149.68	2.89334	4.51177	-0.000837134	5.71715	
1117	2.39767	-3924.72	3.06036	4.133	-0.000759631	6.08603	
1118	2.28701	-3684.12	3.20962	3.73775	-0.000678099	6.4318	
1119	2.16781	-3428.79	3.34039	3.32764	-0.000593069	6.75307	
1120	2.04052	-3159.67	3.45225	2.90432	-0.000505058	7.04855	
1121	1.90562	-2877.74	3.54507	2.46953	-0.000414564	7.31703	
1122	1.76358	-2584.07	3.61896	2.02499	-0.000322068	7.55742	
1123	1.61487	-2279.74	3.67424	1.57248	-0.00022803	7.76872	
1124	1.45998	-1965.9	3.71139	1.11379	-0.000132889	7.95005	
1125	1.29938	-1643.72	3.73108	0.650703	-3.70664e-05	8.10064	
1126	1.13358	-1314.44	3.73407	0.185007	5.90324e-05	8.21984	
1127	0.963097	-979.308	3.72121	-0.281514	0.000155016	8.30712	
1128	0.788466	-639.619	3.6934	-0.747089	0.0002505	8.36205	
1129	0.610248	-296.698	3.65151	-1.20996	0.000345103	8.38437	
1130	0.429028	48.109	3.59632	-1.6684	0.000438437	8.37391	
1131	0.245422	393.436	3.52849	-2.12069	0.000530096	8.33066	
1132	0.0600733	737.905	3.44849	-2.56512	0.000619652	8.25471	
1133	-0.126341	1080.13	3.3566	-3.00003	0.000706644	8.1463	
1134	-0.313114	1418.73	3.25294	-3.42377	0.000790579	8.0058	
1135	-0.499512	1752.32	3.13749	-3.83473	0.000870931	7.83371	
1136	-0.684776	2079.55	3.01017	-4.2313	0.000947156	7.63065	
1137	-0.868127	2399.07	2.87093	-4.61195	0.0010187	7.39738	
1138	-1.04877	2709.58	2.71983	-4.97514	0.00108504	7.13477	
1139	-1.22591	3009.81	2.5571	-5.31942	0.00114565	6.84382	
1140	-1.39874	3298.52	2.38313	-5.64335	0.00120009	6.52564	
1141	-1.56648	3574.55	2.19856	-5.94558	0.00124798	6.18145	
1142	-1.72837	3836.76	2.00416	-6.2248	0.00128901	5.81257	
1143	-1.88366	4084.1	1.80083	-6.47981	0.00132296	5.42044	
1144	-2.03165	4315.58	1.58954	-6.70945	0.0013497	5.00659	
1145	-2.17168	4530.28	1.37127	-6.91271	0.00136919	4.5726	
1146	-2.30314	4727.34	1.14702	-7.08866	0.00138142	4.12019	
1147	-2.42547	4905.99	0.917777	-7.23646	0.00138649	3.6511	
1148	-2.53814	5065.54	0.684528	-7.35545	0.00138451	3.16716	
1149	-2.64072	5205.35	0.448298	-7.44505	0.00137565	2.67026	
1150	-2.73278	5324.91	0.210169	-7.50485	0.00136009	2.16234	
1151	-2.81399	5423.74	-0.028712	-7.53457	0.00133803	1.64536	
1152	-2.88405	5501.47	-0.26713	-7.53406	0.00130968	1.12135	
1153	-2.94271	5557.8	-0.503825	-7.50333	0.00127529	0.592349	
1154	-2.98977	5592.52	-0.73752	-7.44254	0.0012351	0.0604073	
1155	-3.02507	5605.49	-0.966964	-7.35195	0.00118938	-0.472402	
1156	-3.04852	5596.66	-1.19096	-7.232	0.00113842	-1.004	
1157	-3.06002	5566.03	-1.4084	-7.08324	0.00108254	-1.53233	
1158	-3.05956	5513.72	-1.61827	-6.90634	0.0010221	-2.05532	
1159	-3.04714	5439.91	-1.81965	-6.70208	0.000957479	-2.57093	
1160	-3.0228	5344.85	-2.01169	-6.47137	0.000889068	-3.07716	
1161	-2.98661	5228.88	-2.19363	-6.2152	0.000817294	-3.57202	
1162	-2.9387	5092.41	-2.36478	-5.93465	0.000742597	-4.05357	
1163	-2.87922	4935.94	-2.5245	-5.63088	0.000665437	-4.51993	
1164	-2.80837	4760.02	-2.67222	-5.30514	0.000586295	-4.96925	
1165	-2.7264	4565.3	-2.80744	-4.95871	0.000505669	-5.39977	
1166	-2.63359	4352.5	-2.92976	-4.59297	0.000424079	-5.80978	
1167	-2.53027	4122.4	-3.03888	-4.20933	0.000342057	-6.19765	
1168	-2.41683	3875.86	-3.13457	-3.80924	0.000260142	-6.56183	
1169	-2.2937	3613.8	-3.21674	-3.39422	0.000178871	-6.90087	
1170	-2.16134	3337.21	-3.28538	-2.96582	9.87592e-05	-7.21341	
1171	-2.02029	3047.15	-3.34053	-2.52561	2.02921e-05	-7.49818	
1172	-1.87111	2744.74	-3.38232	-2.07524	-5.60916e-05	-7.75402	
1173	-1.71441	2431.13	-3.41093	-1.61636	-0.000130009	-7.97988	
1174	-1.55084	2107.56	-3.42656	-1.15068	-0.000201138	-8.17485	
1175	-1.38108	1775.28	-3.42943	-0.679931	-0.000269225	-8.3381	
1176	-1.20584	1435.59	-3.41981	-0.205878	-0.000334079	-8.46896	
1177	-1.02586	1089.86	-3.39796	0.269676	-0.000395577	-8.56686	
1178	-0.841902	739.43	-3.36412	0.744905	-0.000453652	-8.63137	
1179	-0.654725	385.71	-3.31858	1.21796	-0.000508291	-8.66222	
1180	-0.465107	30.1058	-3.26155	1.68697	-0.000559528	-8.65922	
1181	-0.273825	-325.962	-3.19326	2.15006	-0.000607432	-8.62237	
1182	-0.0816489	-681.072	-3.11393	2.60535	-0.000652099	-8.55177	
1183	0.11066	-1033.8	-3.02376	3.05097	-0.000693634	-8.44768	
1184	0.302354	-1382.75	-2.92296	3.48508	-0.000732139	-8.31047	
1185	0.492705	-1726.52	-2.81178	3.90583	-0.000767706	-8.14066	
1186	0.681008	-2063.74	-2.69056	4.31147	-0.000800399	-7.93889	
1187	0.866578	-2393.08	-2.5597	4.70025	-0.000830256	-7.70595	
1188	1.04876	-2713.24	-2.41973	5.07054	-0.000857283	-7.44273	
1189	1.22691	-3022.94	-2.27128	5.42075	-0.000881467	-7.15024	
1190	1.40043	-3320.99	-2.11509	5.74939	-0.00090278	-6.82962	
1191	1.56872	-3606.2	-1.95201	6.0551	-0.000921193	-6.48211	
1192	1.73122	-3877.48	-1.78294	6.3366	-0.000936688	-6.10906	
1193	1.88738	-4133.76	-1.60879	6.59273	-0.000949265	-5.71191	
1194	2.03665	-4374.06	-1.43048	6.82248	-0.000958947	-5.29219	
1195	2.17851	-4597.45	-1.24884	7.02496	-0.000965781	-4.85154	
1196	2.31244	-4803.07	-1.06463	7.19939	-0.000969835	-4.39166	
1197	2.43792	-4990.12	-0.878509	7.34515	-0.000971189	-3.91432	
1198	2.55447	-5157.89	-0.691007	7.46173	-0.000969934	-3.42137	
1199	2.6616	-5305.72	-0.502556	7.54878	-0.000966166	-2.91471	
1200	2.75883	-5433.04	-0.313497	7.60603	-0.000959982	-2.39629	
1201	2.84571	-5539.36	-0.124108	7.63337	-0.000951481	-1.86813	
1202	2.92181	-5624.24	0.0653676	7.63078	-0.000940767	-1.33226	
1203	2.98673	-5687.34	0.254694	7.59837	-0.000927947	-0.790756	
1204	3.04012	-5728.4	0.443617	7.53633	-0.00091313	-0.245714	
1205	3.08163	-5747.22	0.631851	7.44496	-0.000896426	0.30075	
1206	3.11101	-5743.71	0.819056	7.32465	-0.000877941	0.846511	
1207	3.12802	-5717.83	1.00484	7.17589	-0.00085777	1.38944	
1208	3.1325	-5669.67	1.18875	6.99925	-0.000835993	1.92743	
1209	3.12435	-5599.35	1.37026	6.79538	-0.000812666	2.45836	
1210	3.10352	-5507.11	1.54879	6.56503	-0.000787818	2.98016	
1211	3.07006	-5393.28	1.7237	6.30901	-0.000761452	3.49076	
1212	3.02407	-5258.24	1.89425	6.02824	-0.000733538	3.98817	
1213	2.96572	-5102.51	2.05969	5.72372	-0.000704021	4.47042	
1214	2.89527	-4926.64	2.21918	5.39653	-0.000672821	4.93559	
1215	2.81305	-4731.29	2.37184	5.04785	-0.000639842	5.38185	
1216	2.71942	-4517.22	2.51678	4.67893	-0.000604978	5.80742	
1217	2.61485	-4285.23	2.65311	4.29114	-0.00056812	6.21062	
1218	2.49983	-4036.24	2.77996	3.88592	-0.000529166	6.58983	
1219	2.37492	-3771.19	2.89651	3.4648	-0.000488021	6.94356	
1220	2.2407	-3491.14	3.00205	3.0294	-0.000444607	7.27039	
1221	2.0978	-3197.19	3.09599	2.5814	-0.000398856	7.56902	
1222	1.94687	-2890.5	3.17791	2.12257	-0.00035071	7.83827	
1223	1.78858	-2572.28	3.24757	1.65475	-0.000300119	8.07706	
1224	1.62362	-2243.81	3.30491	1.17982	-0.000247035	8.28446	
1225	1.45269	-1906.37	3.35006	0.699723	-0.000191413	8.45963	
1226	1.27646	-1561.33	3.3833	0.216416	-0.000133217	8.60189	
1227	1.09565	-1210.03	3.40499	-0.268104	-7.24201e-05	8.71068	
1228	0.910936	-853.886	3.41553	-0.751838	-9.02082e-06	8.78555	
1229	0.723004	-494.289	3.4153	-1.23279	5.69504e-05	8.82623	
1230	0.532527	-132.659	3.40456	-1.70896	0.000125419	8.83255	
1231	0.340174	229.584	3.38343	-2.17842	0.000196255	8.80447	
1232	0.146603	591.024	3.35186	-2.63923	0.00026927	8.74212	
1233	-0.0475294	950.25	3.30961	-3.08952	0.000344207	8.64572	
1234	-0.24157	1305.87	3.25632	-3.5275	0.000420739	8.51564	
1235	-0.434865	1656.5	3.1915	-3.95142	0.000498467	8.3524	
1236	-0.626761	2000.78	3.11466	-4.35961	0.000576921	8.1566	
1237	-0.816596	2337.4	3.02529	-4.75049	0.000655561	7.92901	
1238	-1.00371	2665.05	2.92297	-5.12256	0.000733784	7.67049	
1239	-1.18743	2982.47	2.80737	-5.4744	0.000810934	7.38204	
1240	-1.36707	3288.43	2.67831	-5.80469	0.000886314	7.06476	
1241	-1.54197	3581.76	2.53572	-6.1122	0.000959208	6.71985	
1242	-1.71142	3861.32	2.37966	-6.39579	0.00102889	6.34866	
1243	-1.87475	4126.02	2.21036	-6.65443	0.00109467	5.95259	
1244	-2.03128	4374.83	2.02817	-6.88716	0.00115586	5.53318	
1245	-2.18032	4606.78	1.83358	-7.09312	0.00121184	5.09202	
1246	-2.32121	4820.93	1.62724	-7.27155	0.00126204	4.63083	
1247	-2.4533	5016.45	1.40994	-7.42177	0.00130593	4.15138	
1248	-2.57597	5192.53	1.18262	-7.54322	0.00134306	3.65553	
1249	-2.68863	5348.47	0.946373	-7.63541	0.00137304	3.1452	
1250	-2.79073	5483.62	0.702398	-7.69795	0.00139555	2.62236	
1251	-2.88178	5597.43	0.451999	-7.73056	0.00141033	2.08906	
1252	-2.96132	5689.4	0.196555	-7.73304	0.0014172	1.54737	
1253	-3.02897	5759.14	-0.0624996	-7.70531	0.00141607	0.999406	
1254	-3.08439	5806.34	-0.323698	-7.64741	0.0014069	0.447321	
1255	-3.12734	5830.8	-0.585549	-7.55945	0.00138976	-0.106725	
1256	-3.15762	5832.38	-0.846555	-7.44169	0.00136477	-0.660557	
1257	-3.17512	5811.06	-1.10522	-7.2945	0.00133209	-1.212	
1258	-3.17979	5766.91	-1.36005	-7.11836	0.00129196	-1.75888	
1259	-3.17164	5700.09	-1.60958	-6.91388	0.00124464	-2.29905	
1260	-3.15077	5610.86	-1.85238	-6.6818	0.00119042	-2.83038	
1261	-3.11733	5499.58	-2.08705	-6.42297	0.00112963	-3.35079	
1262	-3.07153	5366.7	-2.31225	-6.13838	0.00106261	-3.85823	
1263	-3.01364	5212.74	-2.52667	-5.82913	0.000989719	-4.3507	
1264	-2.94396	5038.34	-2.72905	-5.49645	0.000911354	-4.82628	
1265	-2.86286	4844.2	-2.91818	-5.14166	0.000827937	-5.2831	
1266	-2.7707	4631.11	-3.09287	-4.76622	0.000739922	-5.71937	
1267	-2.66792	4399.92	-3.25198	-4.37167	0.000647803	-6.1334	
1268	-2.55494	4151.56	-3.39446	-3.95961	0.000552117	-6.52356	
1269	-2.43223	3887.01	-3.51935	-3.53177	0.000453445	-6.88834	
1270	-2.30026	3607.33	-3.62585	-3.0899	0.00035241	-7.22632	
1271	-2.15953	3313.61	-3.71335	-2.63582	0.000249676	-7.53618	
1272	-2.01054	3006.99	-3.78148	-2.1714	0.000145934	-7.81674	
1273	-1.85383	2688.68	-3.83012	-1.69852	4.18886e-05	-8.06689	
1274	-1.68994	2359.9	-3.85944	-1.2191	-6.17532e-05	-8.28567	
1275	-1.51945	2021.91	-3.86985	-0.735058	-0.000164303	-8.47222	
1276	-1.34294	1676.02	-3.86196	-0.248299	-0.000265104	-8.62583	
1277	-1.16103	1323.55	-3.83654	0.239267	-0.000363537	-8.74589	
1278	-0.974368	965.844	-3.79445	0.725751	-0.000459028	-8.83192	
1279	-0.783632	604.277	-3.73659	1.20929	-0.000551043	-8.88359	
1280	-0.589527	240.236	-3.66382	1.68804	-0.000639084	-8.90068	
1281	-0.39279	-124.878	-3.57695	2.16019	-0.000722685	-8.88312	
1282	-0.194191	-489.654	-3.47671	2.62398	-0.000801401	-8.83095	
1283	0.00547126	-852.676	-3.36376	3.07766	-0.000874812	-8.74437	
1284	0.205371	-1212.53	-3.23867	3.51954	-0.000942522	-8.6237	
1285	0.404662	-1567.8	-3.10192	3.94794	-0.00100417	-8.4694	
1286	0.602486	-1917.09	-2.954	4.36125	-0.00105944	-8.28204	
1287	0.79798	-2259.01	-2.79532	4.75789	-0.00110808	-8.06235	
1288	0.990282	-2592.2	-2.62631	5.13631	-0.00114988	-7.81118	
1289	1.17855	-2915.33	-2.44744	5.49505	-0.00118474	-7.52949	
1290	1.36196	-3227.11	-2.25921	5.83265	-0.00121259	-7.21837	
1291	1.53972	-3526.28	-2.06221	6.14777	-0.00123349	-6.87904	
1292	1.71108	-3811.64	-1.85714	6.43909	-0.00124752	-6.51282	
1293	1.87535	-4082.05	-1.64484	6.70539	-0.00125486	-6.12114	
1294	2.03187	-4336.43	-1.42629	6.94554	-0.00125574	-5.70554	
1295	2.18005	-4573.76	-1.20264	7.15848	-0.00125042	-5.26764	
1296	2.31935	-4793.1	-0.975171	7.3433	-0.00123923	-4.80917	
1297	2.4493	-4993.6	-0.74531	7.49915	-0.00122251	-4.33193	
1298	2.56946	-5174.47	-0.514567	7.62535	-0.00120065	-3.83778	
1299	2.67947	-5335.01	-0.284504	7.72131	-0.00117404	-3.32867	
1300	2.77899	-5474.62	-0.0566848	7.78662	-0.00114311	-2.8066	
1301	2.86775	-5592.77	0.167381	7.82097	-0.00110829	-2.2736	
1302	2.94548	-5689.03	0.386287	7.82422	-0.00107004	-1.73178	
1303	3.01196	-5763.03	0.598774	7.79637	-0.00102881	-1.18325	
1304	3.06701	-5814.53	0.803776	7.73755	-0.000985033	-0.630147	
1305	3.11045	-5843.35	1.00044	7.64805	-0.000939156	-0.0746452	
1306	3.14214	-5849.39	1.18817	7.52828	-0.000891584	0.481092	
1307	3.16196	-5832.65	1.36659	7.37878	-0.000842695	1.0349	
1308	3.1698	-5793.2	1.53562	7.20024	-0.000792822	1.58461	
1309	3.16561	-5731.21	1.69538	6.99343	-0.000742253	2.12809	
1310	3.14934	-5646.91	1.84623	6.75924	-0.000691222	2.66322	
1311	3.12098	-5540.63	1.98867	6.49866	-0.000639914	3.18791	
1312	3.08057	-5412.76	2.12334	6.21276	-0.000588458	3.70012	
1313	3.02818	-5263.8	2.25092	5.90272	-0.000536938	4.19785	
1314	2.96394	-5094.29	2.37208	5.56976	-0.000485394	4.67915	
1315	2.88801	-4904.88	2.48736	5.21518	-0.000433831	5.14215	
1316	2.80062	-4696.29	2.59718	4.84036	-0.000382226	5.58503	
1317	2.70206	-4469.31	2.7017	4.44673	-0.000330542	6.00606	
1318	2.59267	-4224.8	2.80084	4.03577	-0.000278739	6.40359	
1319	2.47284	-3963.72	2.89427	3.60902	-0.000226787	6.77606	
1320	2.34304	-3687.06	2.98139	3.16809	-0.000174681	7.12201	
1321	2.20378	-3395.92	3.06141	2.71461	-0.000122446	7.44007	
1322	2.05563	-3091.42	3.13341	2.2503	-7.01422e-05	7.729	
1323	1.89921	-2774.78	3.19638	1.7769	-1.78675e-05	7.98766	
1324	1.73518	-2447.24	3.24933	1.2962	3.42519e-05	8.21503	
1325	1.56422	-2110.11	3.29132	0.810055	8.60695e-05	8.41022	
1326	1.38705	-1764.72	3.32155	0.320333	0.000137431	8.57247	
1327	1.20443	-1412.45	3.33934	-0.171048	0.000188186	8.70115	
1328	1.01712	-1054.71	3.34416	-0.662149	0.000238197	8.79574	
1329	0.825866	-692.904	3.33565	-1.15101	0.000287352	8.8559	
1330	0.631461	-328.482	3.31358	-1.63567	0.000335562	8.88138	
1331	0.434677	37.1168	3.27787	-2.11415	0.000382768	8.87211	
1332	0.23629	402.451	3.22856	-2.58452	0.00042894	8.82812	
1333	0.0370737	766.085	3.16586	-3.04485	0.000474069	8.74961	
1334	-0.162204	1126.6	3.09009	-3.49325	0.000518168	8.63689	
1335	-0.360779	1482.58	3.00174	-3.92789	0.000561259	8.49041	
1336	-0.557895	1832.64	2.90147	-4.34699	0.000603371	8.31077	
1337	-0.752804	2175.44	2.79002	-4.74887	0.000644528	8.09867	
1338	-0.944763	2509.64	2.66823	-5.13189	0.000684739	7.85494	
1339	-1.13304	2833.96	2.53699	-5.49453	0.000723998	7.58057	
1340	-1.31692	3147.15	2.39715	-5.83537	0.000762273	7.27662	
1341	-1.49568	3447.99	2.24947	-6.15308	0.000799507	6.94428	
1342	-1.66863	3735.33	2.0946	-6.44644	0.000835615	6.58487	
1343	-1.83509	4008.05	1.93303	-6.71434	0.000870482	6.19979	
1344	-1.99441	4265.09	1.76512	-6.95578	0.000903963	5.79055	
1345	-2.14593	4505.45	1.59109	-7.16987	0.000935878	5.35875	
1346	-2.28905	4728.2	1.41111	-7.35585	0.000966009	4.90607	
1347	-2.4232	4932.43	1.2253	-7.51303	0.000994101	4.4343	
1348	-2.54782	5117.36	1.03382	-7.64087	0.00101986	3.94529	
1349	-2.66241	5282.24	0.836911	-7.7389	0.00104296	3.44094	
1350	-2.76651	5426.41	0.634907	-7.80679	0.00106305	2.92323	
1351	-2.8597	5549.28	0.428253	-7.84428	0.0010798	2.39421	
1352	-2.94159	5650.37	0.217507	-7.85124	0.00109285	1.85594	
1353	-3.01186	5729.25	0.00332591	-7.82763	0.00110191	1.31054	
1354	-3.07023	5785.61	-0.213552	-7.77352	0.00110672	0.760155	
1355	-3.11647	5819.22	-0.432322	-7.68908	0.00110707	0.20695	
1356	-3.15038	5829.93	-0.652129	-7.5746	0.00110279	-0.3469	
1357	-3.17184	5817.72	-0.872079	-7.43046	0.00109378	-0.899216	
1358	-3.18076	5782.63	-1.09124	-7.25717	0.00107997	-1.44783	
1359	-3.17712	5724.81	-1.30865	-7.05535	0.00106131	-1.99057	
1360	-3.16092	5644.5	-1.52331	-6.82573	0.00103779	-2.52533	
1361	-3.13224	5542.03	-1.73419	-6.56917	0.00100942	-3.04999	
1362	-3.09121	5417.82	-1.94023	-6.28663	0.000976206	-3.5625	
1363	-3.03798	5272.39	-2.14033	-5.97919	0.000938192	-4.06085	
1364	-2.97279	5106.32	-2.33335	-5.64804	0.000895431	-4.54309	
1365	-2.89591	4920.28	-2.51817	-5.29449	0.000847996	-5.00733	
1366	-2.80765	4715.02	-2.69365	-4.91994	0.000795975	-5.45177	
1367	-2.70839	4491.36	-2.85867	-4.52589	0.000739476	-5.87467	
1368	-2.59854	4250.19	-3.01217	-4.11392	0.000678622	-6.27438	
1369	-2.47855	3992.45	-3.15314	-3.6857	0.000613553	-6.64933	
1370	-2.34893	3719.15	-3.2807	-3.24297	0.000544432	-6.99808	
1371	-2.21022	3431.37	-3.39407	-2.78751	0.000471446	-7.31926	
1372	-2.06298	3130.23	-3.4926	-2.32117	0.000394813	-7.61163	
1373	-1.90782	2816.88	-3.57578	-1.84582	0.000314786	-7.87403	
1374	-1.74537	2492.56	-3.64324	-1.36336	0.000231662	-8.10546	
1375	-1.57626	2158.52	-3.69474	-0.875728	0.000145785	-8.305	
1376	-1.40116	1816.05	-3.73015	-0.384834	5.75442e-05	-8.47189	
1377	-1.22077	1466.49	-3.74946	0.10739	-3.2619e-05	-8.60547	
1378	-1.03575	1111.19	-3.75272	0.599026	-0.000124216	-8.70522	
1379	-0.846826	751.558	-3.74009	1.08817	-0.00021671	-8.77075	
1380	-0.654695	388.992	-3.71176	1.57294	-0.000309525	-8.80181	
1381	-0.460076	24.9236	-3.668	2.05147	-0.000402047	-8.79829	
1382	-0.263689	-339.21	-3.60911	2.52195	-0.000493634	-8.76019	
1383	-0.066262	-701.967	-3.53542	2.98256	-0.000583631	-8.68769	
1384	0.131476	-1061.9	-3.44728	3.43156	-0.000671381	-8.58107	
1385	0.328789	-1417.59	-3.34507	3.86722	-0.000756242	-8.44076	
1386	0.524941	-1767.6	-3.22918	4.28787	-0.000837599	-8.26732	
1387	0.719189	-2110.55	-3.10001	4.69188	-0.000914883	-8.06145	
1388	0.91079	-2445.06	-2.95799	5.07767	-0.000987581	-7.82397	
1389	1.099	-2769.8	-2.80356	5.44372	-0.00105524	-7.55583	
1390	1.28307	-3083.49	-2.63717	5.78859	-0.00111747	-7.25809	
1391	1.46226	-3384.88	-2.45931	6.11088	-0.00117396	-6.93195	
1392	1.63584	-3672.79	-2.27049	6.4093	-0.00122444	-6.57868	
1393	1.80309	-3946.09	-2.07125	6.68262	-0.0012687	-6.19971	
1394	1.9633	-4203.71	-1.86218	6.92973	-0.00130658	-5.79652	
1395	2.11579	-4444.66	-1.64394	7.14961	-0.00133794	-5.37073	
1396	2.25992	-4668	-1.41728	7.34133	-0.0013627	-4.92399	
1397	2.39508	-4872.9	-1.18305	7.50412	-0.00138079	-4.4581	
1398	2.5207	-5058.55	-0.942254	7.6373	-0.00139215	-3.97487	
1399	2.63625	-5224.27	-0.696036	7.74032	-0.00139676	-3.47622	
1400	2.74126	-5369.42	-0.445692	7.81278	-0.00139461	-2.96411	
1401	2.83533	-5493.46	-0.192653	7.85441	-0.00138572	-2.44055	
1402	2.91808	-5595.91	0.0615452	7.86504	-0.00137011	-1.90761	
1403	2.98921	-5676.38	0.315307	7.84468	-0.00134786	-1.36738	
1404	3.04846	-5734.58	0.56703	7.79343	-0.00131905	-0.821988	
1405	3.09565	-5770.25	0.815166	7.71154	-0.00128382	-0.273579	
1406	3.13063	-5783.27	1.05826	7.59938	-0.00124233	0.275691	
1407	3.15329	-5773.57	1.29501	7.45741	-0.00119478	0.823659	
1408	3.16359	-5741.17	1.52424	7.28624	-0.00114142	1.36817	
1409	3.16152	-5686.19	1.74498	7.08656	-0.00108251	1.90708	
1410	3.14713	-5608.82	1.95638	6.85918	-0.00101836	2.43828	
1411	3.12048	-5509.35	2.15773	6.60498	-0.000949315	2.95966	
1412	3.08169	-5388.16	2.34842	6.32496	-0.000875754	3.46918	
1413	3.0309	-5245.72	2.52793	6.0202	-0.00079809	3.96483	
1414	2.9683	-5082.58	2.69579	5.69186	-0.000716779	4.44466	
1415	2.89411	-4899.39	2.85157	5.34118	-0.000632313	4.90678	
1416	2.80859	-4696.88	2.99487	4.96949	-0.000545221	5.34939	
1417	2.71203	-4475.85	3.12533	4.5782	-0.00045606	5.77073	
1418	2.60477	-4237.22	3.24261	4.16879	-0.000365409	6.16916	
1419	2.48719	-3981.94	3.34639	3.74283	-0.000273857	6.54311	
1420	2.35971	-3711.05	3.43637	3.30194	-0.000181994	6.89112	
1421	2.2228	-3425.66	3.51228	2.84784	-9.04057e-05	7.21184	
1422	2.07696	-3126.93	3.57384	2.38229	3.39007e-07	7.50401	
1423	1.92276	-2816.05	3.62077	1.90712	8.96877e-05	7.76649	
1424	1.76079	-2494.3	3.65279	1.42422	0.000177111	7.99828	
1425	1.5917	-2162.96	3.66962	0.935502	0.000262104	8.19848	
1426	1.41619	-1823.35	3.67099	0.442941	0.000344197	8.36631	
1427	1.23498	-1476.81	3.65668	-0.0514783	0.000422955	8.50113	
1428	1.04884	-1124.72	3.62652	-0.545756	0.000497985	8.60244	
1429	0.858555	-768.44	3.58045	-1.03789	0.000568943	8.66986	
1430	0.664943	-409.368	3.51857	-1.52588	0.000635532	8.70312	
1431	0.46883	-48.8901	3.44113	-2.00776	0.000697504	8.70213	
1432	0.27105	311.605	3.34859	-2.48159	0.000754659	8.66689	
1433	0.0724334	670.731	3.2416	-2.94548	0.000806839	8.59757	
1434	-0.126198	1027.11	3.12104	-3.39756	0.00085393	8.49444	
1435	-0.324036	1379.37	2.98796	-3.83607	0.000895862	8.35791	
1436	-0.520294	1726.15	2.84354	-4.25928	0.000932611	8.18853	
1437	-0.714208	2066.11	2.68911	-4.66554	0.00096421	7.98697	
1438	-0.90504	2397.95	2.52605	-5.05328	0.000990747	7.75403	
1439	-1.09208	2720.34	2.35576	-5.421	0.00101237	7.49063	
1440	-1.27463	3032.04	2.1796	-5.76729	0.0010293	7.19781	
1441	-1.45203	3331.82	1.99884	-6.09083	0.00104179	6.87671	
1442	-1.62365	3618.46	1.81461	-6.39036	0.00105014	6.52862	
1443	-1.78885	3890.84	1.62785	-6.66472	0.00105467	6.1549	
1444	-1.94705	4147.86	1.43931	-6.91284	0.0010557	5.75702	
1445	-2.09765	4388.47	1.24949	-7.13374	0.00105353	5.33657	
1446	-2.24009	4611.72	1.05872	-7.32653	0.00104842	4.8952	
1447	-2.37381	4816.69	0.867142	-7.49042	0.00104061	4.43467	
1448	-2.49829	5002.57	0.674758	-7.62471	0.00103026	3.95679	
1449	-2.61303	5168.62	0.481525	-7.72883	0.00101752	3.46346	
1450	-2.71753	5314.18	0.287398	-7.8023	0.00100248	2.95663	
1451	-2.81135	5438.68	0.0923967	-7.84477	0.0009852	2.43831	
1452	-2.89406	5541.65	-0.10335	-7.85602	0.000965743	1.91055	
1453	-2.96531	5622.71	-0.299573	-7.83595	0.000944149	1.37544	
1454	-3.02477	5681.57	-0.495852	-7.7846	0.000920465	0.835072	
1455	-3.07218	5718.04	-0.691627	-7.70214	0.000894748	0.291589	
1456	-3.10733	5732.01	-0.886214	-7.5889	0.000867067	-0.252877	
1457	-3.13008	5723.46	-1.07883	-7.44534	0.000837502	-0.796187	
1458	-3.14037	5692.47	-1.26863	-7.27205	0.000806148	-1.33621	
1459	-3.13818	5639.19	-1.45469	-7.06976	0.000773102	-1.87084	
1460	-3.12356	5563.87	-1.63609	-6.83936	0.000738467	-2.39797	
1461	-3.09663	5466.81	-1.81185	-6.58183	0.000702345	-2.91555	
1462	-3.05754	5348.41	-1.98101	-6.29829	0.000664838	-3.42156	
1463	-3.00651	5209.12	-2.1426	-5.98995	0.000626043	-3.91402	
1464	-2.94379	5049.49	-2.29573	-5.65814	0.000586052	-4.391	
1465	-2.86968	4870.11	-2.43956	-5.30426	0.000544954	-4.85064	
1466	-2.78449	4671.66	-2.57338	-4.9298	0.000502825	-5.29112	
1467	-2.68858	4454.88	-2.69664	-4.53631	0.00045973	-5.71073	
1468	-2.58234	4220.57	-2.80901	-4.12539	0.000415709	-6.1078	
1469	-2.46617	3969.61	-2.91032	-3.69872	0.000370778	-6.48077	
1470	-2.3405	3702.94	-3.00063	-3.258	0.000324917	-6.82815	
1471	-2.2058	3421.56	-3.08015	-2.80496	0.00027808	-7.14857	
1472	-2.06255	3126.55	-3.14922	-2.34137	0.00023019	-7.44074	
1473	-1.91126	2819.03	-3.20822	-1.86905	0.000181152	-7.7035	
1474	-1.75247	2500.2	-3.25752	-1.3898	0.000130864	-7.9358	
1475	-1.58676	2171.31	-3.29743	-0.90549	7.92307e-05	-8.13669	
1476	-1.41473	1833.66	-3.3281	-0.417973	2.61777e-05	-8.30536	
1477	-1.23701	1488.59	-3.34955	0.0708686	-2.83364e-05	-8.44115	
1478	-1.05429	1137.49	-3.36164	0.55914	-8.43105e-05	-8.54349	
1479	-0.867249	781.779	-3.36406	1.04494	-0.000141695	-8.61197	
1480	-0.676632	422.889	-3.35639	1.52636	-0.000200389	-8.64632	
1481	-0.483191	62.2799	-3.33812	2.00151	-0.000260241	-8.6464	
1482	-0.287701	-298.584	-3.3087	2.46849	-0.000321051	-8.61221	
1483	-0.0909538	-658.241	-3.26758	2.92545	-0.000382581	-8.54389	
1484	0.106247	-1015.24	-3.21425	3.37053	-0.000444558	-8.44171	
1485	0.303094	-1368.14	-3.14827	3.80196	-0.000506689	-8.30608	
1486	0.498777	-1715.54	-3.06929	4.21798	-0.000568667	-8.13756	
1487	0.692493	-2056.06	-2.97709	4.61693	-0.000630178	-7.93681	
1488	0.883446	-2388.35	-2.87159	4.99721	-0.000690912	-7.70464	
1489	1.07085	-2711.11	-2.75281	5.3573	-0.000750555	-7.44198	
1490	1.25396	-3023.09	-2.62094	5.6958	-0.000808795	-7.14986	
1491	1.43201	-3323.07	-2.4763	6.0114	-0.000865314	-6.82944	
1492	1.60431	-3609.89	-2.31934	6.30291	-0.000919783	-6.48199	
1493	1.77016	-3882.46	-2.15063	6.56926	-0.000971859	-6.10889	
1494	1.92893	-4139.71	-1.97083	6.80948	-0.00102119	-5.71161	
1495	2.07999	-4380.65	-1.78072	7.02274	-0.00106739	-5.29172	
1496	2.22276	-4604.33	-1.58115	7.20832	-0.0011101	-4.85086	
1497	2.35672	-4809.88	-1.37308	7.36563	-0.00114894	-4.39079	
1498	2.48135	-4996.47	-1.15748	7.49418	-0.00118355	-3.91332	
1499	2.5962	-5163.35	-0.935422	7.59359	-0.00121358	-3.42034	
