0	0	8.08665e-10	0	-3.1997e-13	0	8.46505e-27	
1	0	3.90436e-08	0	-1.54487e-11	0	3.27608e-13	
2	3.57031e-33	9.07042e-08	-5.6109e-27	-3.62025e-11	6.35502e-30	6.53924e-13	
3	1.38176e-19	7.70555e-07	3.35785e-25	-3.19998e-10	2.70043e-22	6.80675e-12	
4	2.75806e-19	1.56146e-06	5.40487e-19	-6.5323e-10	5.39023e-22	1.29327e-11	
5	1.6011e-17	7.62723e-06	2.60956e-17	-3.33052e-09	1.81714e-20	7.10599e-11	
6	3.1683e-17	1.43065e-05	1.11427e-16	-6.29877e-09	3.5732e-20	1.28907e-10	
7	6.28418e-16	5.07192e-05	2.96788e-15	-2.33182e-08	5.17297e-19	4.99039e-10	
8	1.22267e-15	8.96903e-05	7.962e-15	-4.16332e-08	9.96821e-19	8.67201e-10	
9	1.36507e-14	0.000255989	1.1241e-13	-1.24013e-07	8.87266e-18	2.66229e-09	
10	2.60248e-14	0.000430909	2.58249e-13	-2.11064e-07	1.67135e-17	4.44687e-09	
11	1.98775e-13	0.00104997	2.33938e-12	-5.36144e-07	1.0664e-16	1.15465e-08	
12	3.70741e-13	0.00169355	4.95097e-12	-8.7546e-07	1.96147e-16	1.86006e-08	
13	2.14751e-12	0.00365724	3.25229e-11	-1.96816e-06	9.77096e-16	4.2527e-08	
14	3.91581e-12	0.00568152	6.50983e-11	-3.09862e-06	1.75419e-15	6.62855e-08	
15	1.83251e-11	0.011156	3.34944e-10	-6.32422e-06	7.20181e-15	1.37123e-07	
16	3.26621e-11	0.0167631	6.41862e-10	-9.63881e-06	1.2621e-14	2.07419e-07	
17	1.28847e-10	0.0304834	2.72334e-09	-1.81897e-05	4.43206e-14	3.95827e-07	
18	2.24523e-10	0.0444644	5.03028e-09	-2.69297e-05	7.58453e-14	5.82673e-07	
19	7.69591e-10	0.0759098	1.82499e-08	-4.76338e-05	2.34034e-13	1.04054e-06	
20	1.31162e-09	0.107818	3.26308e-08	-6.87029e-05	3.91299e-13	1.49431e-06	
21	3.99561e-09	0.174602	1.03963e-07	-0.000115095	1.08268e-12	2.52448e-06	
22	6.66384e-09	0.242128	1.8048e-07	-0.000162131	1.7698e-12	3.54469e-06	
23	1.83578e-08	0.374939	5.15289e-07	-0.000259337	4.46051e-12	5.71298e-06	
24	2.99794e-08	0.508809	8.70541e-07	-0.000357577	7.13362e-12	7.85873e-06	
25	7.57175e-08	0.758195	2.2627e-06	-0.000549639	1.65825e-11	1.21642e-05	
26	1.21157e-07	1.00888	3.72704e-06	-0.000743196	2.5966e-11	1.64216e-05	
27	2.83654e-07	1.45405	8.93035e-06	-0.00110348	5.62335e-11	2.4542e-05	
28	4.45031e-07	1.90042	1.43644e-05	-0.00146565	8.62792e-11	3.25656e-05	
29	9.74578e-07	2.66006	3.20529e-05	-0.00211092	1.7552e-10	4.71959e-05	
30	1.50028e-06	3.41998	5.04157e-05	-0.00275806	2.64068e-10	6.16399e-05	
31	3.09621e-06	4.66481	0.000105643	-0.00386664	5.08084e-10	8.69376e-05	
32	4.67993e-06	5.90738	0.000162685	-0.00497604	7.50095e-10	0.000111892	
33	9.15915e-06	7.87386	0.00032235	-0.0068101	1.37286e-09	0.00015404	
34	1.36022e-05	9.83269	0.000486535	-0.0086418	1.99021e-09	0.000195581	
35	2.53797e-05	12.8369	0.000916906	-0.0115735	3.48182e-09	0.000263469	
36	3.7057e-05	15.8235	0.00135776	-0.0144957	4.95969e-09	0.000330318	
37	6.62184e-05	20.2741	0.00244571	-0.0190362	8.3283e-09	0.000436332	
38	9.51185e-05	24.6899	0.00355633	-0.0235535	1.1664e-08	0.000540625	
39	0.000163418	31.0981	0.00614879	-0.0303828	1.88663e-08	0.000701518	
40	0.000231072	37.4437	0.00878708	-0.0371649	2.59942e-08	0.000859643	
41	0.000382981	46.4283	0.0146356	-0.0471612	4.06242e-08	0.00109745	
42	0.000533378	55.308	0.0205709	-0.0570703	5.5094e-08	0.00133092	
43	0.000855347	67.5943	0.0331106	-0.0713338	8.34149e-08	0.00167383	
44	0.00117394	79.7133	0.0458033	-0.0854474	1.11407e-07	0.00201013	
45	0.00182623	96.1222	0.0714416	-0.105316	1.63792e-07	0.00249329	
46	0.00247132	112.275	0.0973302	-0.12494	2.15531e-07	0.0029666	
47	0.00373797	133.702	0.147465	-0.151992	3.08336e-07	0.00363264	
48	0.00498987	154.75	0.197975	-0.178662	3.99924e-07	0.00428434	
49	0.0073532	182.129	0.291987	-0.2147	5.57707e-07	0.00518365	
50	0.0096875	208.966	0.386499	-0.250162	7.13289e-07	0.0060625	
51	0.0139336	243.224	0.55595	-0.297173	9.71188e-07	0.007253	
52	0.0181248	276.729	0.725951	-0.343341	1.22525e-06	0.00841485	
53	0.0254859	318.723	1.02014	-0.403432	1.63112e-06	0.00996115	
54	0.0327464	359.694	1.3147	-0.462325	2.03055e-06	0.0114681	
55	0.0450817	410.141	1.8076	-0.537624	2.64634e-06	0.01344	
56	0.0572391	459.23	2.30016	-0.611262	3.25168e-06	0.0153588	
57	0.0772536	518.617	3.09849	-0.703793	4.15334e-06	0.0178291	
58	0.0969631	576.242	3.89476	-0.794072	5.0386e-06	0.0202289	
59	0.128454	644.747	5.14666	-0.905591	6.31385e-06	0.0232702	
60	0.159438	711.008	6.39299	-1.01413	7.56415e-06	0.0262193	
61	0.207555	788.402	8.29645	-1.14595	9.30736e-06	0.0299	
62	0.254851	862.995	10.1879	-1.27389	1.10138e-05	0.0334621	
63	0.32634	948.568	12.9976	-1.42667	1.33177e-05	0.0378421	
64	0.39654	1030.71	15.7843	-1.57452	1.5569e-05	0.0420715	
65	0.49995	1123.2	19.8159	-1.74808	1.85134e-05	0.0471971	
66	0.601384	1211.55	23.8067	-1.91547	2.13844e-05	0.0521339	
67	0.74719	1309.1	29.4357	-2.10859	2.50221e-05	0.058032	
68	0.89004	1401.76	34.9969	-2.29411	2.85602e-05	0.0636968	
69	1.09065	1501.9	42.6531	-2.50434	3.29013e-05	0.0703703	
70	1.28695	1596.36	50.2016	-2.7054	3.71109e-05	0.0767588	
71	1.55659	1696.05	60.3557	-2.92898	4.21078e-05	0.0841818	
72	1.82006	1789.24	70.3457	-3.14167	4.69353e-05	0.0912603	
73	2.17446	1884.9	83.4889	-3.37343	5.24695e-05	0.0993742	
74	2.52022	1973.26	96.3911	-3.59249	5.77904e-05	0.107076	
75	2.9762	2060.91	113.009	-3.82591	6.36629e-05	0.115787	
76	3.42029	2140.5	129.284	-4.04474	6.92727e-05	0.12401	
77	3.99509	2215.88	149.824	-4.27203	7.51998e-05	0.133191	
78	4.55388	2282.51	169.891	-4.48285	8.081e-05	0.141797	
79	5.26449	2341.28	194.729	-4.69514	8.64252e-05	0.151284	
80	5.95388	2390.72	218.929	-4.88913	9.16649e-05	0.160101	
81	6.81624	2428.65	248.331	-5.07677	9.65263e-05	0.169703	
82	7.65089	2456.81	276.896	-5.24443	0.00010095	0.178529	
83	8.67903	2470	310.988	-5.39733	0.000104552	0.188031	
84	9.67152	2473.16	344.004	-5.52879	0.000107649	0.196641	
85	10.8767	2458.27	382.74	-5.63684	0.000109437	0.205818	
86	12.0367	2433.29	420.123	-5.7223	0.000110651	0.213974	
87	13.4269	2387.72	463.262	-5.77587	0.000110037	0.222595	
88	14.7603	2332.24	504.735	-5.80609	0.000108774	0.23006	
89	16.3393	2254.34	551.83	-5.79647	0.00010515	0.237912	
90	17.8479	2166.98	596.909	-5.7632	0.000100801	0.244463	
91	19.6151	2056.17	647.297	-5.68313	9.35525e-05	0.251363	
92	21.2958	1936.62	695.288	-5.57963	8.54983e-05	0.256813	
93	23.2457	1793.53	748.093	-5.42369	7.40137e-05	0.262625	
94	25.0905	1642.67	798.095	-5.24517	6.16432e-05	0.266842	
95	27.2132	1469.15	852.244	-5.01026	4.53213e-05	0.271502	
96	29.2092	1289.09	903.164	-4.75422	2.80406e-05	0.274428	
97	31.4903	1088.2	957.399	-4.43982	6.29997e-06	0.277956	
98	33.62	882.271	1007.97	-4.1064	-1.64536e-05	0.279634	
99	36.0414	658.258	1060.89	-3.71483	-4.41637e-05	0.282156	
100	38.2836	430.905	1109.72	-3.30702	-7.29046e-05	0.282742	
101	40.8248	189.027	1159.8	-2.84353	-0.000107088	0.284499	
102	43.1559	-54.2863	1205.38	-2.3672	-0.000142261	0.28428	
103	45.7953	-307.902	1251.04	-1.83993	-0.000183354	0.285639	
104	48.191	-560.898	1291.81	-1.30383	-0.000225303	0.285039	
105	50.9078	-819.488	1331.48	-0.723679	-0.000273646	0.286486	
106	53.3453	-1075.3	1365.89	-0.139201	-0.000322586	0.286059	
107	56.1221	-1331.73	1398.01	0.48053	-0.000378385	0.288194	
108	58.5826	-1583.18	1424.59	1.09965	-0.000434364	0.288613	
109	61.4076	-1830.2	1447.74	1.74371	-0.000497655	0.292119	
110	63.8792	-2070.08	1465.12	2.38191	-0.000560517	0.29414	
111	66.7489	-2300.69	1478.04	3.03365	-0.000631123	0.299757	
112	69.2294	-2522.05	1485.04	3.67411	-0.00070048	0.304177	
113	72.151	-2729.73	1486.7	4.31618	-0.000777968	0.312644	
114	74.6506	-2926.22	1482.38	4.94152	-0.000853172	0.320241	
115	77.6436	-3105.2	1472.03	5.55656	-0.000936818	0.332246	
116	80.1862	-3271.28	1455.73	6.14954	-0.00101695	0.343714	
117	83.2836	-3416.82	1432.9	6.72091	-0.00110571	0.359826	
118	85.9083	-3548.04	1404.25	7.26519	-0.00118957	0.375698	
119	89.1568	-3656.55	1368.78	7.77767	-0.00128207	0.396305	
120	91.917	-3749.65	1327.74	8.2585	-0.00136819	0.416886	
121	95.3755	-3818.82	1279.8	8.69888	-0.00146274	0.442132	
122	98.3371	-3871.87	1226.64	9.10363	-0.00154943	0.467438	
123	102.074	-3900.7	1166.68	9.4612	-0.00164402	0.497175	
124	105.313	-3913.12	1101.96	9.77989	-0.00172936	0.526892	
125	109.403	-3901.88	1030.75	10.0468	-0.00182174	0.560649	
126	112.998	-3874.33	955.32	10.2724	-0.0019037	0.594115	
127	117.518	-3824.47	873.859	10.4437	-0.00199144	0.631092	
128	121.547	-3758.78	788.821	10.5721	-0.00206788	0.66731	
129	126.568	-3672.71	698.367	10.646	-0.00214848	0.706398	
130	131.102	-3571.69	605.055	10.6764	-0.00221725	0.744078	
131	136.686	-3452.65	507.082	10.6539	-0.00228824	0.783906	
132	141.78	-3319.81	407.038	10.5881	-0.00234725	0.821542	
133	147.971	-3171.59	303.224	10.4725	-0.00240631	0.860551	
134	153.662	-3010.99	198.177	10.3149	-0.0024536	0.896512	
135	160.483	-2837.72	90.3812	10.1121	-0.00249868	0.933046	
136	166.782	-2653.64	-17.7756	9.869	-0.00253249	0.965688	
137	174.23	-2459.55	-127.534	9.58622	-0.00256185	0.9981	
138	181.12	-2256.34	-236.763	9.26567	-0.00258067	1.02587	
139	189.163	-2045.59	-346.334	8.91136	-0.00259301	1.05263	
140	196.598	-1827.44	-454.484	8.52236	-0.0025956	1.07417	
141	205.174	-1603.96	-561.621	8.10561	-0.00259003	1.09393	
142	213.077	-1374.81	-666.465	7.65767	-0.00257546	1.10815	
143	222.096	-1142.18	-768.874	7.18776	-0.00255151	1.11987	
144	230.364	-905.606	-868.156	6.69048	-0.00251917	1.12598	
145	239.708	-667.078	-963.551	6.17654	-0.00247674	1.1289	
146	248.216	-426.278	-1055.04	5.63927	-0.00242637	1.12643	
147	257.742	-184.734	-1141.21	5.09003	-0.00236572	1.12013	
148	266.343	57.4224	-1222.77	4.52164	-0.00229741	1.10889	
149	275.89	299.381	-1297.66	3.94533	-0.00221909	1.09325	
150	284.423	540.293	-1367.32	3.35417	-0.00213329	1.07327	
151	293.814	780.252	-1429.11	2.75853	-0.00203819	1.04838	
152	302.106	1017.49	-1485.14	2.15242	-0.0019358	1.01984	
153	311.151	1253.11	-1532.31	1.54483	-0.0018251	0.985996	
154	319.022	1484.3	-1573.32	0.931231	-0.00170747	0.949158	
155	327.525	1713.23	-1604.73	0.318895	-0.00158276	0.906712	
156	334.788	1935.97	-1629.7	-0.294924	-0.00145173	0.861843	
157	342.549	2155.73	-1644.68	-0.90481	-0.00131498	0.811183	
158	349.012	2367.53	-1653.06	-1.51159	-0.00117292	0.758518	
159	355.828	2575.5	-1651.4	-2.11167	-0.00102657	0.699999	
160	361.298	2773.75	-1643.14	-2.70402	-0.000876256	0.639736	
161	366.97	2967.18	-1625.14	-3.28674	-0.000723173	0.573666	
162	371.253	3149.17	-1600.67	-3.85711	-0.000567762	0.505986	
163	375.588	3325.21	-1567.13	-4.41473	-0.000411156	0.432637	
164	378.494	3488.2	-1527.36	-4.95548	-0.000253988	0.357751	
165	381.309	3643.98	-1479.49	-5.48024	-9.72556e-05	0.277407	
166	382.66	3785.31	-1425.76	-5.9838	5.83426e-05	0.195624	
167	383.79	3918.11	-1365.12	-6.46814	0.000211831	0.108634	
168	383.429	4035.25	-1299.09	-6.92721	0.000362765	0.0204286	
169	382.734	4142.56	-1227.44	-7.36405	0.000509919	-0.0727154	
170	380.528	4233.29	-1150.97	-7.77192	0.000653531	-0.166652	
171	377.903	4312.97	-1070.16	-8.15487	0.000791774	-0.265259	
172	373.762	4375.41	-985.18	-8.50561	0.000925996	-0.363986	
173	369.142	4425.71	-897.012	-8.82918	0.00105345	-0.467124	
174	363.02	4458.42	-805.381	-9.11783	0.00117686	-0.569456	
175	356.389	4478.08	-711.514	-9.3775	0.00129241	-0.675939	
176	348.295	4480.07	-614.918	-9.60011	0.00140423	-0.780487	
177	339.689	4468.31	-516.785	-9.79236	0.00150748	-0.888902	
178	329.686	4439.05	-416.68	-9.94598	0.00160739	-0.994129	
179	319.192	4395.6	-315.479	-10.0681	0.00169852	-1.10289	
180	307.395	4335.01	-213.076	-10.1507	0.00178647	-1.2072	
181	295.149	4260.06	-109.808	-10.2009	0.0018659	-1.31463	
182	281.717	4168.51	-6.11605	-10.211	0.00194189	-1.41643	
183	267.891	4062.69	98.3287	-10.188	0.00200999	-1.52085	
184	253.018	3941.02	202.416	-10.125	0.00207378	-1.61864	
185	237.813	3805.44	307.15	-10.0281	0.00213054	-1.71842	
186	221.71	3654.92	410.74	-9.89178	0.00218149	-1.81084	
187	205.343	3491.17	514.76	-9.72094	0.00222626	-1.90449	
188	188.228	3313.58	616.848	-9.51185	0.00226326	-1.99028	
189	170.916	3123.76	718.948	-9.2678	0.00229468	-2.07649	
190	153.004	2921.42	818.325	-8.98715	0.00231619	-2.15452	
191	134.961	2708.19	917.043	-8.6716	0.00233223	-2.23213	
192	116.453	2483.97	1012.26	-8.32162	0.00233645	-2.30136	
193	97.8811	2250.52	1105.88	-7.9375	0.00233472	-2.36934	
194	78.9696	2007.87	1195.24	-7.52169	0.00231988	-2.42876	
195	60.0605	1757.97	1281.9	-7.0734	0.00229801	-2.4862	
196	40.9291	1500.86	1363.55	-6.59672	0.00226271	-2.53485	
197	21.8685	1238.79	1441.26	-6.09026	0.00221884	-2.58089	
198	2.70117	971.676	1513.31	-5.55929	0.00216236	-2.61779	
199	-16.3242	702.108	1580.19	-5.00233	0.00209565	-2.65165	
200	-35.3355	429.773	1640.81	-4.42523	0.00201819	-2.67589	
201	-54.1309	157.652	1695.16	-3.82699	0.00192914	-2.69681	
202	-72.7801	-114.912	1742.77	-3.21339	0.00183197	-2.70759	
203	-91.1384	-384.533	1783.2	-2.58435	0.00172254	-2.71492	
204	-109.204	-652.316	1816.53	-1.94508	0.00160796	-2.71161	
205	-126.906	-914.457	1842.07	-1.29668	0.00148147	-2.70485	
206	-144.155	-1172.59	1860.27	-0.643348	0.00135262	-2.6871	
207	-160.974	-1422.52	1870.35	0.0124315	0.00121339	-2.66594	
208	-177.175	-1666.44	1872.99	0.667811	0.00107397	-2.63369	
209	-192.89	-1899.8	1867.49	1.3189	0.000926785	-2.5981	
210	-207.823	-2125.36	1854.58	1.96434	0.000780669	-2.55165	
211	-222.231	-2338.29	1833.74	2.59893	0.000630194	-2.50189	
212	-235.709	-2541.85	1805.67	3.22283	0.000481143	-2.44184	
213	-248.638	-2731.05	1770.1	3.82972	0.000331419	-2.37848	
214	-260.517	-2909.49	1727.57	4.42116	0.000182803	-2.30567	
215	-271.841	-3072.25	1678.15	4.98999	3.69269e-05	-2.22954	
216	-282.024	-3223.05	1622.17	5.53894	-0.000108419	-2.14499	
217	-291.67	-3357.22	1560.05	6.06033	-0.000248381	-2.05711	
218	-300.114	-3478.41	1491.85	6.55779	-0.000388198	-1.96193	
219	-308.056	-3582.42	1418.41	7.02351	-0.000521072	-1.86346	
220	-314.765	-3672.57	1339.44	7.46163	-0.000653641	-1.75873	
221	-321.025	-3745.4	1256.24	7.86462	-0.000778859	-1.65086	
222	-326.037	-3803.64	1168.16	8.23677	-0.000902932	-1.53765	
223	-330.669	-3844.73	1076.96	8.57124	-0.00102022	-1.42159	
224	-334.048	-3870.71	981.576	8.87209	-0.00113495	-1.30094	
225	-337.131	-3880.01	884.254	9.13359	-0.00124411	-1.17784	
226	-338.957	-3873.92	783.512	9.35918	-0.00134903	-1.05078	
227	-340.581	-3851.84	682.042	9.54463	-0.00144983	-0.921788	
228	-340.944	-3814.34	577.948	9.69246	-0.00154483	-0.789438	
229	-341.205	-3761.71	474.305	9.80019	-0.00163709	-0.655699	
230	-340.201	-3693.94	368.858	9.86919	-0.00172245	-0.519266	
231	-339.2	-3611.99	264.94	9.89894	-0.0018062	-0.381988	
232	-336.934	-3515.51	160.043	9.88951	-0.00188252	-0.242827	
233	-334.77	-3405.85	57.5895	9.84234	-0.00195813	-0.103308	
234	-331.355	-3282.53	-45.0287	9.75622	-0.00202627	0.0370859	
235	-328.133	-3147.08	-144.498	9.63442	-0.0020945	0.177439	
236	-323.691	-2999.1	-243.343	9.47454	-0.00215541	0.317468	
237	-319.519	-2840.03	-338.552	9.28142	-0.00221726	0.457144	
238	-314.173	-2669.76	-432.389	9.05172	-0.00227176	0.595168	
239	-309.159	-2489.46	-522.297	8.79144	-0.00232822	0.732584	
240	-303.03	-2299.44	-610.13	8.49662	-0.00237683	0.866988	
241	-297.277	-2100.47	-693.882	8.17396	-0.00242848	1.00054	
242	-290.472	-1893.34	-774.905	7.81928	-0.00247125	1.12979	
243	-284.07	-1678.41	-851.758	7.43946	-0.002518	1.2579	
244	-276.679	-1456.95	-925.275	7.03053	-0.00255446	1.3806	
245	-269.703	-1228.89	-994.512	6.59911	-0.00259539	1.50177	
246	-261.789	-996.004	-1059.86	6.14185	-0.00262456	1.61662	
247	-254.293	-757.811	-1120.72	5.66465	-0.00265804	1.72947	
248	-245.9	-516.555	-1177.19	5.16519	-0.00267866	1.83531	
249	-237.919	-271.399	-1228.83	4.64832	-0.00270265	1.93856	
250	-229.077	-25.0122	-1275.64	4.11308	-0.00271336	2.0343	
251	-220.633	223.745	-1317.14	3.56303	-0.00272592	2.12681	
252	-211.368	471.824	-1353.43	2.99877	-0.00272557	2.21143	
253	-202.481	720.621	-1383.83	2.42246	-0.00272532	2.29215	
254	-192.823	966.762	-1408.73	1.83636	-0.00271321	2.36466	
255	-183.523	1211.85	-1427.11	1.24125	-0.00269972	2.43267	
256	-173.515	1452.27	-1439.8	0.640991	-0.00267584	2.49214	
257	-163.848	1689.76	-1445.39	0.0350858	-0.00264978	2.54661	
258	-153.551	1920.56	-1445.21	-0.57117	-0.00261487	2.5922	
259	-143.581	2146.5	-1437.48	-1.17937	-0.00257798	2.63244	
260	-133.071	2363.79	-1424	-1.78302	-0.00253355	2.66343	
261	-122.883	2574.24	-1402.75	-2.38461	-0.00248832	2.68887	
262	-112.246	2774.2	-1375.9	-2.97675	-0.0024365	2.70475	
263	-101.934	2965.37	-1341.29	-3.56261	-0.00238579	2.71502	
264	-91.259	3144.38	-1301.34	-4.13424	-0.00232906	2.71546	
265	-80.92	3312.72	-1253.9	-4.69522	-0.00227567	2.71042	
266	-70.293	3467.47	-1201.47	-5.23739	-0.00221658	2.69537	
267	-60.015	3609.79	-1142.06	-5.76453	-0.00216287	2.67506	
268	-49.5115	3737.35	-1078.12	-6.26857	-0.00210365	2.64473	
269	-39.3661	3850.92	-1007.83	-6.75325	-0.00205128	2.60946	
270	-29.0497	3948.83	-933.572	-7.21089	-0.00199357	2.56431	
271	-19.0878	4031.48	-853.718	-7.64496	-0.00194342	2.5146	
272	-9.00814	4097.82	-770.499	-8.0485	-0.00188801	2.4553	
273	0.740318	4147.93	-682.465	-8.42435	-0.0018402	2.39188	
274	10.5469	4181.39	-591.746	-8.76665	-0.00178705	2.31931	
275	20.0693	4198	-496.97	-9.07731	-0.00174109	2.24309	
276	29.5794	4197.87	-400.244	-9.3519	-0.00168945	2.15826	
277	38.8752	4180.66	-300.188	-9.59107	-0.00164448	2.07031	
278	48.077	4146.91	-198.958	-9.79221	-0.0015932	1.97437	
279	57.1519	4096.25	-95.1081	-9.95441	-0.00154825	1.87591	
280	66.0438	4029.47	9.1076	-10.0772	-0.00149623	1.77012	
281	74.9049	3946.41	115.216	-10.158	-0.00145052	1.66246	
282	83.4931	3847.88	220.861	-10.1986	-0.00139703	1.54819	
283	92.1455	3734.12	327.607	-10.1949	-0.00135017	1.43278	
284	100.44	3605.78	433.052	-10.1508	-0.00129515	1.31149	
285	108.885	3463.65	538.707	-10.0609	-0.00124732	1.18988	
286	116.898	3308.04	642.228	-9.93119	-0.00119142	1.06316	
287	125.132	3140.45	744.951	-9.75548	-0.0011433	0.937024	
288	132.87	2960.7	844.726	-9.54126	-0.00108773	0.806588	
289	140.885	2771.05	942.596	-9.28225	-0.00104037	0.677691	
290	148.348	2570.73	1036.74	-8.98664	-0.000986565	0.545373	
291	156.132	2362.81	1127.82	-8.64906	-0.000941132	0.415579	
292	163.31	2145.86	1214.44	-8.27746	-0.000890348	0.283324	
293	170.845	1923.7	1296.88	-7.8682	-0.000847767	0.154562	
294	177.722	1694.29	1374.18	-7.42808	-0.000800782	0.0243885	
295	184.987	1462.05	1446.28	-6.9559	-0.000761489	-0.101384	
296	191.537	1224.41	1512.67	-6.45656	-0.000718411	-0.227433	
297	198.504	986.211	1573.04	-5.93165	-0.000682214	-0.348274	
298	204.699	744.511	1627.2	-5.38371	-0.000642524	-0.468199	
299	211.332	504.352	1674.8	-4.81712	-0.000608672	-0.582234	
300	217.139	262.579	1715.79	-4.23196	-0.000571456	-0.694145	
301	223.396	24.2209	1749.97	-3.63502	-0.000538884	-0.799619	
302	228.779	-213.904	1777.25	-3.0242	-0.000503181	-0.901805	
303	234.608	-446.973	1797.76	-2.40804	-0.000470879	-0.997128	
304	239.524	-678.033	1811.2	-1.78278	-0.000436031	-1.08811	
305	244.863	-902.607	1818.17	-1.15789	-0.000403431	-1.17189	
306	249.262	-1123.49	1818.01	-0.528741	-0.000369338	-1.25044	
307	254.036	-1336.63	1811.86	0.0951764	-0.000336589	-1.32151	
308	257.854	-1544.48	1798.62	0.718563	-0.00030379	-1.38668	
309	261.981	-1743.46	1779.99	1.33267	-0.000271853	-1.44413	
310	265.141	-1935.68	1754.41	1.94152	-0.000241431	-1.49522	
311	268.527	-2117.95	1724.09	2.53769	-0.000211948	-1.53836	
312	270.941	-2292.07	1687.04	3.12401	-0.000185294	-1.57491	
313	273.487	-2455.24	1645.88	3.69472	-0.00016028	-1.6033	
314	275.055	-2608.97	1598.29	4.25112	-0.000138795	-1.62506	
315	276.664	-2750.76	1547.16	4.78921	-0.000120233	-1.63849	
316	277.284	-2881.95	1489.97	5.30871	-0.000105048	-1.64541	
317	277.863	-3000.26	1429.73	5.8073	-9.45053e-05	-1.6439	
318	277.44	-3106.92	1363.88	6.28328	-8.62917e-05	-1.63609	
319	276.908	-3199.85	1295.37	6.73575	-8.46347e-05	-1.61986	
320	275.357	-3280.24	1221.76	7.16187	-8.35366e-05	-1.59762	
321	273.65	-3346.14	1145.82	7.56191	-9.08143e-05	-1.56711	
322	270.91	-3398.83	1065.35	7.93224	-9.6489e-05	-1.53092	
323	267.988	-3436.41	982.856	8.27402	-0.000111984	-1.48679	
324	264.021	-3460.3	896.457	8.58317	-0.000123728	-1.43732	
325	259.871	-3468.69	808.318	8.86151	-0.000146139	-1.38042	
326	254.673	-3463.15	716.965	9.10478	-0.000163046	-1.31855	
327	249.311	-3441.91	624.206	9.31529	-0.00019074	-1.24991	
328	242.911	-3406.77	528.963	9.48887	-0.000211862	-1.17671	
329	236.384	-3355.96	432.735	9.6281	-0.000243139	-1.09755	
330	228.847	-3291.56	334.788	9.72914	-0.00026761	-1.01429	
331	221.234	-3211.73	236.402	9.79467	-0.000300944	-0.926013	
332	212.657	-3118.91	137.087	9.82135	-0.000328068	-0.834144	
333	204.069	-3011.12	38.022	9.81182	-0.00036229	-0.738276	
334	194.581	-2891.19	-61.1697	9.76339	-0.000391593	-0.639415	
335	185.153	-2756.99	-159.271	9.67849	-0.000426018	-0.537635	
336	174.91	-2611.73	-256.7	9.55525	-0.000457269	-0.433534	
337	164.801	-2453.12	-352.066	9.39573	-0.000491764	-0.327637	
338	153.976	-2284.74	-445.983	9.19904	-0.000524971	-0.220168	
339	143.362	-2104.16	-536.776	8.96674	-0.000559959	-0.112047	
340	132.142	-1915.27	-625.377	8.69901	-0.00059535	-0.00317155	
341	121.209	-1715.58	-709.771	8.39688	-0.000631736	0.105208	
342	109.783	-1509.17	-791.284	8.06161	-0.000669699	0.213471	
343	98.7213	-1293.57	-867.559	7.69373	-0.000708711	0.320104	
344	87.275	-1072.97	-940.334	7.2955	-0.00074972	0.425713	
345	76.2749	-844.995	-1006.97	6.86709	-0.000792672	0.528595	
346	64.9907	-613.812	-1069.56	6.4116	-0.000837169	0.629536	
347	54.239	-377.254	-1125.31	5.92899	-0.00088517	0.726711	
348	43.2927	-139.33	-1176.57	5.42301	-0.000933435	0.821045	
349	32.9734	101.827	-1220.52	4.8936	-0.000987092	0.910656	
350	22.5378	342.488	-1259.61	4.34489	-0.00103911	0.996572	
351	12.8336	584.147	-1291.15	3.777	-0.0010983	1.07691	
352	3.08194	823.452	-1317.58	3.1942	-0.00115366	1.15277	
353	-5.8233	1061.49	-1336.44	2.59693	-0.00121743	1.22232	
354	-14.7142	1295.34	-1350.03	1.9894	-0.00127525	1.28672	
355	-22.634	1525.68	-1356.2	1.37251	-0.00134186	1.34418	
356	-30.4828	1750.07	-1357.02	0.750157	-0.0014008	1.39595	
357	-37.229	1968.79	-1350.68	0.123817	-0.00146796	1.44029	
358	-43.8525	2179.85	-1339.02	-0.503061	-0.00152633	1.47851	
359	-49.2396	2383.25	-1320.52	-1.12839	-0.0015915	1.50895	
360	-54.4586	2577.38	-1296.8	-1.74932	-0.00164739	1.53301	
361	-58.3111	2762.04	-1266.59	-2.36309	-0.00170816	1.54903	
362	-61.9596	2935.95	-1231.37	-2.96759	-0.00175967	1.55855	
363	-64.1224	3098.8	-1190.02	-3.55937	-0.00181406	1.55989	
364	-66.0571	3249.59	-1143.96	-4.13714	-0.0018595	1.55478	
365	-66.4059	3388	-1092.15	-4.69682	-0.00190612	1.54143	
366	-66.5164	3513.19	-1036	-5.23799	-0.00194419	1.52184	
367	-64.9674	3624.98	-974.557	-5.75602	-0.00198228	1.49404	
368	-63.1837	3722.57	-909.231	-6.25134	-0.00201215	1.46034	
369	-59.7009	3806.04	-839.121	-6.71899	-0.00204144	1.41854	
370	-55.999	3874.56	-765.667	-7.16011	-0.00206275	1.37133	
371	-50.5978	3928.5	-688.031	-7.56967	-0.00208323	1.3162	
372	-45.0028	3966.97	-607.649	-7.94933	-0.00209597	1.25623	
373	-37.7508	3990.7	-523.765	-8.29433	-0.00210767	1.18864	
374	-30.3381	3998.66	-437.788	-8.60655	-0.00211193	1.11684	
375	-21.3528	3991.98	-349.038	-8.88186	-0.00211475	1.03782	
376	-12.2482	3969.46	-258.888	-9.12204	-0.00211056	0.955236	
377	-1.6939	3932.63	-166.706	-9.3239	-0.00210418	0.865979	
378	8.92751	3880.15	-73.8435	-9.48887	-0.00209133	0.773801	
379	20.8437	3813.86	20.3426	-9.61483	-0.00207529	0.675638	
380	32.7599	3732.38	114.47	-9.70274	-0.00205326	0.575175	
381	45.792	3637.74	209.271	-9.75159	-0.00202714	0.469565	
382	58.7375	3528.6	303.269	-9.76183	-0.00199525	0.362265	
383	72.6049	3407.09	397.351	-9.73344	-0.00195883	0.250788	
384	86.2775	3272.03	489.887	-9.66652	-0.00191645	0.138247	
385	100.67	3125.51	581.964	-9.56173	-0.00186995	0.0226064	
386	114.74	2966.59	671.766	-9.41912	-0.00181682	-0.093422	
387	129.326	2797.24	760.57	-9.23971	-0.00176098	-0.211403	
388	143.444	2616.85	846.391	-9.0238	-0.00169751	-0.329015	
389	157.879	2427.19	930.646	-8.77248	-0.00163362	-0.447401	
390	171.694	2228.01	1011.24	-8.48655	-0.00156104	-0.564565	
391	185.631	2020.83	1089.65	-8.16699	-0.00149083	-0.681334	
392	198.801	1805.81	1163.76	-7.81527	-0.00141122	-0.795933	
393	211.904	1584.2	1234.99	-7.43217	-0.0013367	-0.909012	
394	224.106	1356.5	1301.36	-7.01988	-0.00125271	-1.0189	
395	236.063	1123.77	1364.11	-6.57903	-0.00117594	-1.12623	
396	247.006	886.767	1421.51	-6.11238	-0.00109049	-1.22931	
397	257.538	646.391	1474.58	-5.62061	-0.0010134	-1.32889	
398	266.967	403.598	1521.85	-5.10681	-0.000929245	-1.42319	
399	275.832	159.184	1564.19	-4.57188	-0.000853504	-1.51318	
400	283.534	-85.7793	1600.38	-4.01902	-0.00077293	-1.59694	
401	290.536	-330.558	1631.16	-3.44943	-0.0006999	-1.6757	
402	296.338	-574.026	1655.55	-2.86626	-0.000624515	-1.7474	
403	301.323	-815.477	1674.23	-2.27102	-0.000555315	-1.81357	
404	305.092	-1053.78	1686.36	-1.66675	-0.000486068	-1.87203	
405	307.944	-1288.24	1692.7	-1.0551	-0.00042167	-1.92457	
406	309.581	-1517.77	1692.41	-0.439125	-0.00035901	-1.96893	
407	310.222	-1741.64	1686.44	0.179657	-0.000300357	-2.00712	
408	309.661	-1958.85	1673.85	0.797985	-0.000244466	-2.03687	
409	308.042	-2168.63	1655.8	1.41475	-0.000192534	-2.06034	
410	305.246	-2370.1	1631.25	2.02625	-0.000143552	-2.07532	
411	301.346	-2562.44	1601.52	2.63206	-9.93376e-05	-2.08399	
412	296.301	-2744.91	1565.5	3.2278	-5.74907e-05	-2.08431	
413	290.126	-2916.6	1524.62	3.81387	-2.19223e-05	-2.07839	
414	282.846	-3077	1477.73	4.3852	1.24517e-05	-2.06442	
415	274.428	-3225.07	1426.28	4.94293	3.86545e-05	-2.04435	
416	264.951	-3360.6	1369.21	5.4814	6.51687e-05	-2.01665	
417	254.351	-3482.37	1307.89	6.00232	8.1613e-05	-1.98307	
418	242.748	-3590.51	1241.39	6.49968	9.9913e-05	-1.94234	
419	230.055	-3683.63	1170.98	6.97545	0.000106574	-1.89604	
420	216.428	-3762.27	1095.93	7.42372	0.000116374	-1.84307	
421	201.768	-3824.85	1017.35	7.84627	0.000113518	-1.78495	
422	186.256	-3872.33	934.764	8.23776	0.000114556	-1.72063	
423	169.79	-3902.96	849.156	8.59945	0.000102548	-1.65168	
424	152.572	-3918.14	760.205	8.92702	9.44759e-05	-1.57697	
425	134.496	-3915.99	668.893	9.22088	7.35263e-05	-1.49827	
426	115.791	-3898.31	574.964	9.47812	5.57816e-05	-1.41422	
427	96.3359	-3863.15	479.476	9.69815	2.57154e-05	-1.32693	
428	76.4003	-3812.7	382.131	9.87968	-2.54292e-06	-1.23472	
429	55.8306	-3744.92	284.153	10.0211	-4.23979e-05	-1.14005	
430	34.9504	-3662.37	185.098	10.1228	-8.22309e-05	-1.04095	
431	13.5605	-3563.01	86.4094	10.1823	-0.000132976	-0.9402	
432	-7.95282	-3449.66	-12.5729	10.2015	-0.000185464	-0.83562	
433	-29.8445	-3320.32	-110.18	10.1773	-0.000248373	-0.730139	
434	-51.6618	-3178.03	-207.308	10.1129	-0.000314307	-0.62156	
435	-73.7174	-3020.87	-302.101	10.005	-0.000390436	-0.512752	
436	-95.4989	-2852	-395.669	9.85768	-0.000469981	-0.40171	
437	-117.366	-2669.65	-486.041	9.66764	-0.000559751	-0.291003	
438	-138.767	-2477.01	-574.478	9.43964	-0.000652189	-0.179031	
439	-160.084	-2272.51	-658.985	9.17075	-0.000755055	-0.067844	
440	-180.757	-2059.26	-740.893	8.8659	-0.000858687	0.0435765	
441	-201.159	-1835.97	-818.272	8.52294	-0.000973004	0.153862	
442	-220.757	-1605.58	-892.439	8.14656	-0.00108526	0.263349	
443	-239.877	-1367.1	-961.602	7.73568	-0.00120838	0.371417	
444	-258.058	-1123.26	-1027	7.29444	-0.00132613	0.477717	
445	-275.536	-873.341	-1087.02	6.82301	-0.00145472	0.582338	
446	-291.961	-619.883	-1142.78	6.32475	-0.00157467	0.684335	
447	-307.448	-362.392	-1192.87	5.80115	-0.00170515	0.784382	
448	-321.786	-103.233	-1238.29	5.25465	-0.00182432	0.88109	
449	-334.952	157.952	-1277.8	4.68804	-0.00195335	0.97553	
450	-346.885	418.874	-1312.29	4.10283	-0.00206936	1.06607	
451	-357.422	679.897	-1340.7	3.50292	-0.00219421	1.15396	
452	-366.655	938.684	-1363.82	2.889	-0.00230549	1.23752	
453	-374.29	1195.76	-1380.71	2.26581	-0.00242422	1.318	
454	-380.555	1448.6	-1392.15	1.63344	-0.00252993	1.39382	
455	-385.059	1698.04	-1397.27	0.99705	-0.0026414	1.46607	
456	-388.132	1941.25	-1396.85	0.356479	-0.00274118	1.53337	
457	-389.322	2179.51	-1390.07	-0.283099	-0.00284489	1.59662	
458	-389.032	2409.56	-1377.77	-0.921798	-0.00293854	1.65464	
459	-386.786	2633.22	-1359.14	-1.55482	-0.0030343	1.70815	
460	-383.027	2846.78	-1335.1	-2.1819	-0.0031214	1.75611	
461	-377.286	3052.6	-1304.83	-2.79897	-0.00320899	1.79915	
462	-370.023	3246.55	-1269.37	-3.40513	-0.00328863	1.83629	
463	-360.794	3431.48	-1227.84	-3.99725	-0.00336755	1.86818	
464	-350.071	3602.96	-1181.44	-4.57368	-0.00343825	1.89376	
465	-337.433	3764.2	-1129.24	-5.13234	-0.0035075	1.91389	
466	-323.367	3910.58	-1072.56	-5.67077	-0.00356728	1.92728	
467	-307.468	4045.61	-1010.45	-6.18798	-0.0036254	1.93509	
468	-290.249	4164.62	-944.338	-6.68073	-0.00367199	1.93578	
469	-271.302	4271.26	-873.27	-7.14907	-0.0037171	1.93084	
470	-251.184	4360.95	-798.751	-7.58913	-0.00374828	1.91849	
471	-229.467	4437.39	-719.846	-8.00186	-0.00377836	1.90052	
472	-206.76	4496.24	-638.1	-8.38294	-0.00379225	1.87498	
473	-182.605	4541.1	-552.629	-8.73408	-0.00380538	1.84387	
474	-157.667	4568	-464.977	-9.05071	-0.00380066	1.8052	
475	-131.457	4580.39	-374.328	-9.33515	-0.00379529	1.76105	
476	-104.688	4574.7	-282.197	-9.58274	-0.00377134	1.70955	
477	-76.8534	4554.22	-187.837	-9.79629	-0.00374653	1.65269	
478	-48.69	4515.78	-92.7229	-9.97119	-0.0037034	1.58885	
479	-19.6991	4462.53	3.84565	-10.1106	-0.00365892	1.51984	
480	9.3882	4391.69	100.423	-10.2102	-0.00359728	1.44438	
481	39.0326	4306.29	197.7	-10.2733	-0.0035337	1.36404	
482	68.5428	4203.9	294.231	-10.2958	-0.00345471	1.27791	
483	98.3125	4087.49	390.748	-10.2813	-0.00337335	1.18727	
484	127.72	3954.91	485.763	-10.2261	-0.00327856	1.09162	
485	157.071	3809.12	580.098	-10.1336	-0.00318133	0.991978	
486	185.835	3648.23	672.186	-10.001	-0.00307261	0.888156	
487	214.219	3475.19	762.967	-9.83109	-0.0029619	0.781014	
488	241.795	3288.36	850.777	-9.62231	-0.00284131	0.670572	
489	268.673	3090.69	936.68	-9.37671	-0.00271977	0.557614	
490	294.527	2880.75	1018.92	-9.09401	-0.00258949	0.442271	
491	319.388	2661.56	1098.66	-8.77551	-0.00245985	0.32533	
492	343.015	2431.8	1174.1	-8.42227	-0.00232211	0.206948	
493	365.384	2194.6	1246.45	-8.03486	-0.00218697	0.0879561	
494	386.324	1948.72	1313.9	-7.61567	-0.00204395	-0.0315095	
495	405.781	1697.4	1377.68	-7.16469	-0.00190564	-0.150574	
496	423.632	1439.44	1436.04	-6.68542	-0.00175943	-0.269126	
497	439.82	1178.19	1490.18	-6.17757	-0.00161998	-0.386293	
498	454.251	912.418	1538.44	-5.6454	-0.00147259	-0.50195	
499	466.883	645.626	1581.99	-5.08872	-0.00133375	-0.615315	
500	477.635	376.485	1619.31	-4.51209	-0.00118719	-0.726175	
501	486.495	108.632	1651.5	-3.9158	-0.00105054	-0.83394	
502	493.389	-159.409	1677.19	-3.30426	-0.000906923	-0.938234	
503	498.334	-423.869	1697.48	-2.67854	-0.00077409	-1.03875	
504	501.265	-686.405	1711.09	-2.04248	-0.000635698	-1.13489	
505	502.218	-943.151	1719.18	-1.39816	-0.000508522	-1.22669	
506	501.151	-1195.95	1720.51	-0.748538	-0.000377838	-1.3133	
507	498.099	-1440.88	1716.34	-0.0967559	-0.000258476	-1.39511	
508	493.06	-1679.96	1705.44	0.555258	-0.000138081	-1.47103	
509	486.052	-1909.29	1689.2	1.2034	-2.89871e-05	-1.54178	
510	477.123	-2130.99	1666.33	1.84673	7.86444e-05	-1.60611	
511	466.262	-2341.26	1638.41	2.48044	0.000174887	-1.66494	
512	453.578	-2542.28	1604.05	3.10439	0.000267627	-1.71696	
513	439.023	-2730.43	1565.01	3.7134	0.000348581	-1.76323	
514	422.765	-2907.86	1519.82	4.30788	0.000424858	-1.80244	
515	404.731	-3071.19	1470.35	4.8826	0.000488541	-1.83568	
516	385.133	-3222.53	1415.1	5.43823	0.000547431	-1.86176	
517	363.888	-3358.79	1356.03	5.96983	0.000592553	-1.88168	
518	341.236	-3481.95	1291.62	6.47807	0.000633726	-1.89446	
519	317.109	-3589.25	1223.86	6.95855	0.000659782	-1.90098	
520	291.745	-3682.57	1151.28	7.41175	0.000683317	-1.90043	
521	265.117	-3759.48	1075.86	7.83397	0.000690509	-1.89361	
522	237.443	-3821.72	996.199	8.22539	0.000696654	-1.87986	
523	208.751	-3867.23	914.259	8.58315	0.000685666	-1.85995	
524	179.226	-3897.62	828.72	8.90709	0.000674648	-1.83328	
525	148.958	-3911.15	741.506	9.19519	0.000646367	-1.80067	
526	118.089	-3909.35	651.385	9.44698	0.000618315	-1.76152	
527	86.7715	-3890.78	560.254	9.66128	0.000573606	-1.71679	
528	55.1059	-3856.94	466.941	9.83739	0.000528636	-1.6658	
529	23.2954	-3806.6	373.335	9.97493	0.000468248	-1.60969	
530	-8.59771	-3741.29	278.29	10.073	0.00040667	-1.54764	
531	-40.3326	-3659.97	183.704	10.132	0.000331302	-1.48105	
532	-71.8801	-3564.21	88.4313	10.1509	0.000253871	-1.40893	
533	-102.974	-3453.14	-5.62401	10.1308	0.000164369	-1.33293	
534	-133.617	-3328.4	-99.6214	10.0706	7.24748e-05	-1.25187	
535	-163.527	-3189.21	-191.659	9.97195	-2.99328e-05	-1.16765	
536	-192.737	-3037.35	-282.911	9.83388	-0.000134208	-1.07893	
537	-220.954	-2872.11	-371.501	9.65841	-0.000247744	-0.987808	
538	-248.247	-2695.4	-458.604	9.4448	-0.000361736	-0.892808	
539	-274.311	-2506.54	-542.393	9.19528	-0.000484044	-0.796183	
540	-299.254	-2307.63	-624.028	8.90945	-0.000604758	-0.69635	
541	-322.761	-2097.98	-701.749	8.58965	-0.000733053	-0.595684	
542	-344.978	-1879.86	-776.694	8.23593	-0.000857485	-0.492513	
543	-365.586	-1652.58	-847.169	7.85055	-0.00098883	-0.389288	
544	-384.759	-1418.59	-914.294	7.43416	-0.00111427	-0.284293	
545	-402.186	-1177.18	-976.431	6.98881	-0.00124591	-0.179994	
546	-418.055	-930.948	-1034.7	6.51586	-0.00137018	-0.0746875	
547	-432.079	-679.171	-1087.5	6.01708	-0.00149983	0.0292247	
548	-444.441	-424.596	-1135.98	5.49454	-0.00162131	0.133345	
549	-454.899	-166.466	-1178.53	4.94974	-0.00174733	0.235447	
550	-463.609	92.3729	-1216.4	4.38541	-0.00186495	0.336917	
551	-470.39	352.684	-1247.92	3.80285	-0.00198633	0.435838	
552	-475.359	611.58	-1274.48	3.2053	-0.00209938	0.533245	
553	-478.407	869.816	-1294.34	2.59399	-0.00221558	0.627679	
554	-479.601	1124.52	-1309.06	1.97249	-0.00232351	0.719687	
555	-478.909	1376.43	-1316.84	1.34206	-0.00243422	0.808409	
556	-476.352	1622.76	-1319.38	0.706401	-0.00253643	0.893788	
557	-471.962	1864.19	-1314.86	0.0669223	-0.00264127	0.975673	
558	-465.731	2098.09	-1305.12	-0.572728	-0.00273693	1.05333	
559	-457.732	2325.05	-1288.34	-1.21094	-0.0028353	1.12738	
560	-447.954	2542.68	-1266.45	-1.84428	-0.00292332	1.19639	
561	-436.482	2751.47	-1237.71	-2.47089	-0.0030142	1.26175	
562	-423.327	2949.28	-1204.06	-3.08767	-0.00309326	1.3214	
563	-408.561	3136.48	-1163.89	-3.69254	-0.00317532	1.37737	
564	-392.238	3311.26	-1119.11	-4.28281	-0.00324402	1.42715	
565	-374.394	3473.85	-1068.26	-4.85619	-0.00331568	1.47324	
566	-355.145	3622.77	-1013.19	-5.41042	-0.00337269	1.51283	
567	-334.475	3758.14	-952.595	-5.94311	-0.00343242	1.54873	
568	-312.568	3878.78	-888.23	-6.45239	-0.00347666	1.57799	
569	-289.354	3984.75	-818.957	-6.93583	-0.00352316	1.60356	
570	-265.083	4075.16	-746.434	-7.39198	-0.00355395	1.62252	
571	-239.636	4150.02	-669.646	-7.81838	-0.00358634	1.63777	
572	-213.318	4208.7	-590.189	-8.21402	-0.0036034	1.64654	
573	-185.976	4251.25	-507.117	-8.57646	-0.00362136	1.65161	
574	-157.956	4277.21	-422.009	-8.90514	-0.00362478	1.6504	
575	-129.081	4286.76	-333.935	-9.19764	-0.00362851	1.64552	
576	-99.7309	4279.55	-244.504	-9.4539	-0.00361863	1.63456	
577	-69.7147	4255.95	-152.749	-9.67155	-0.0036088	1.62003	
578	-39.4358	4215.67	-60.3529	-9.85103	-0.00358609	1.5996	
579	-8.69413	4159.31	33.7164	-9.99007	-0.00356363	1.57579	
580	22.083	4086.61	127.688	-10.0896	-0.00352864	1.54622	
581	53.1102	3998.45	222.664	-10.1476	-0.00349464	1.51355	
582	83.9318	3894.53	316.79	-10.1654	-0.00344796	1.47525	
583	114.785	3776.06	411.225	-10.1412	-0.0034035	1.43422	
584	145.182	3642.67	504.059	-10.0769	-0.00334588	1.38771	
585	175.391	3495.87	596.475	-9.9708	-0.00329203	1.33893	
586	204.888	3335.25	686.553	-9.8253	-0.00322444	1.28488	
587	233.98	3162.58	775.466	-9.63921	-0.00316222	1.22906	
588	262.111	2977.4	861.332	-9.41501	-0.00308597	1.16829	
589	289.623	2781.72	945.281	-9.15215	-0.00301646	1.10633	
590	315.939	2575.03	1025.51	-8.85313	-0.00293317	1.03983	
591	341.428	2359.54	1103.1	-8.5181	-0.00285759	0.972728	
592	365.51	2134.7	1176.35	-8.14945	-0.00276911	0.901644	
593	388.565	1902.85	1246.28	-7.7481	-0.00268885	0.830571	
594	410.029	1663.46	1311.31	-7.31619	-0.00259713	0.75617	
595	430.281	1418.93	1372.42	-6.8554	-0.00251381	0.682395	
596	448.785	1168.76	1428.14	-6.36758	-0.00242072	0.606024	
597	465.909	915.359	1479.45	-5.85512	-0.00233609	0.530897	
598	481.159	658.286	1524.95	-5.31958	-0.00224335	0.453943	
599	494.885	399.912	1565.66	-4.76388	-0.0021593	0.378847	
