0	0	0	0.0225785	-2.70583e-05	-6.15112e-05	0	
1	-9.57998e-19	-0.000199966	0.362752	-0.000761761	-0.000973219	-1.48567e-06	
2	0.00358471	-0.0101955	1.94614	-0.00840751	-0.00532235	-5.6859e-05	
3	0.0902772	-0.220895	2.93713	-0.0480892	-0.0113859	-0.000845746	
4	0.716823	-2.26354	-10.3512	-0.15691	-0.000268341	-0.00577741	
5	1.85312	-12.1669	-49.3292	-0.299679	0.0348671	-0.0195434	
6	-1.5863	-37.61	-71.3889	-0.31374	0.0283029	-0.0334554	
7	-16.4912	-71.3108	-8.73287	-0.11601	-0.0722828	-0.0257458	
8	-29.9604	-85.0669	84.8791	0.0794692	-0.154498	-0.00269643	
9	-13.6778	-63.8059	82.1147	0.0750159	-0.149786	0.00415712	
10	25.4718	-35.3424	38.3694	0.031822	-0.231039	0.00167213	
11	48.2569	-34.3778	77.854	0.0569556	-0.350026	0.00837116	
12	55.1919	-50.5916	103.534	-0.0336109	-0.214307	0.000222864	
13	77.4822	-50.9742	66.0902	-0.165994	-0.0916377	-0.0144496	
14	102.673	-36.0002	121.333	-0.120858	-0.305761	0.0103152	
15	106.753	-31.9274	188.545	-0.0868115	-0.347544	0.03177	
16	118.762	-45.8909	111.094	-0.107557	-0.127117	-0.0122302	
17	153.384	-55.6969	88.3705	0.0552151	-0.257467	-0.0431984	
18	169.749	-40.0136	166.481	0.093351	-0.402393	-0.00600351	
19	167.562	-17.6716	160.184	-0.189719	-0.195756	-0.0010632	
20	182.691	-18.5183	227.048	-0.259642	-0.282268	-0.0294181	
21	207.478	-24.6848	392.35	-0.105031	-0.508881	-0.0033859	
22	236.923	-21.371	372.688	-0.139257	-0.371435	0.0165841	
23	272.614	-31.5438	311.453	-0.179328	-0.383967	-0.00977491	
24	289.31	-41.8672	380.751	-0.169923	-0.522965	-0.0373328	
25	298.878	-26.7556	402.225	-0.276255	-0.424704	-0.0415497	
26	328.847	-17.0226	416.273	-0.278835	-0.479106	0.00752411	
27	364.131	-35.5569	472.404	-0.162747	-0.558427	0.0091558	
28	385.48	-51.3769	482.201	-0.0697104	-0.463859	-0.0790166	
29	399.033	-29.9928	544.304	0.0436642	-0.55765	-0.065275	
30	428.607	15.901	605.511	0.00784629	-0.604601	0.00788562	
31	465.265	31.7924	580.88	-0.165049	-0.543422	-0.0476769	
32	477.1	19.8268	615.968	-0.228904	-0.650815	-0.110881	
33	490.691	39.6842	638.845	-0.302286	-0.620872	-0.0485778	
34	530.045	57.2719	630.808	-0.36597	-0.577038	-0.0027631	
35	552.352	23.2265	739.805	-0.287707	-0.703588	-0.0945035	
36	547.896	14.8843	781.051	-0.268548	-0.658368	-0.1514	
37	569.277	51.7462	728.386	-0.255	-0.665074	-0.0595874	
38	615.272	54.7766	758.417	-0.207414	-0.777248	-0.0608583	
39	624.005	46.3703	774.303	-0.298698	-0.725567	-0.174341	
40	612.398	67.967	822.565	-0.331797	-0.761881	-0.136472	
41	643.843	71.728	924.609	-0.297961	-0.782665	-0.0797109	
42	680.733	57.8836	933.033	-0.350466	-0.733116	-0.161404	
43	677.19	75.1901	944.86	-0.371995	-0.887748	-0.176864	
44	680.123	91.4546	952.948	-0.391818	-0.899435	-0.135335	
45	708.138	74.5158	913.246	-0.336568	-0.804807	-0.178604	
46	721.501	80.2525	927.11	-0.249238	-0.912386	-0.214007	
47	719.252	106.314	931.883	-0.380472	-0.878192	-0.19983	
48	727.966	97.9611	952.633	-0.429378	-0.827298	-0.204144	
49	736.703	96.7862	1009.75	-0.286883	-0.968299	-0.23236	
50	733.204	128.17	1004.38	-0.260965	-0.965025	-0.265828	
51	737.696	144.009	1006.14	-0.272384	-0.910737	-0.271847	
52	744.99	146.004	997.492	-0.338394	-0.963724	-0.248023	
53	742.784	149.619	965.251	-0.555904	-1.00912	-0.272873	
54	740.293	148.89	998.938	-0.673988	-1.01734	-0.328807	
55	729.965	147.755	1002.7	-0.573718	-0.974489	-0.312804	
56	720.977	133.437	985.689	-0.431998	-1.01873	-0.293725	
57	727.184	116.461	1002.9	-0.422271	-1.0857	-0.35856	
58	720.634	128.095	967.083	-0.423163	-1.02641	-0.3847	
59	699.023	144.736	946.168	-0.348739	-1.0705	-0.349454	
60	693.249	145.773	960.207	-0.430503	-1.14132	-0.393988	
61	687.432	152.867	939.963	-0.533796	-1.08666	-0.429698	
62	667.602	158.056	932.27	-0.448381	-1.09065	-0.384543	
63	661.767	146.223	928.764	-0.446463	-1.11056	-0.421083	
64	647.809	145.714	932.321	-0.515184	-1.1407	-0.473979	
65	609.771	160.254	907.598	-0.478819	-1.20088	-0.437696	
66	602.984	152.39	790.384	-0.469303	-1.17149	-0.454591	
67	613.406	138.273	735.263	-0.469206	-1.1658	-0.516673	
68	574.907	156.862	765.426	-0.462689	-1.17683	-0.509966	
69	525.144	168.502	755.535	-0.493411	-1.15568	-0.483514	
70	523.687	140.624	761.387	-0.453371	-1.20559	-0.516919	
71	519.759	132.086	757.103	-0.437756	-1.23075	-0.56968	
72	480.693	164.564	684.918	-0.510105	-1.24329	-0.553003	
73	457.516	165.927	627.637	-0.531727	-1.27936	-0.532071	
74	439.511	125.65	610.767	-0.558398	-1.24519	-0.577947	
75	405.713	120.268	606.053	-0.631369	-1.25119	-0.582404	
76	393.06	135.648	565.167	-0.631763	-1.28832	-0.566944	
77	377.534	98.7142	510.824	-0.518856	-1.28211	-0.62545	
78	334.338	66.509	510.8	-0.385597	-1.31431	-0.630857	
79	309.715	103.012	485.369	-0.332698	-1.33272	-0.577489	
80	304.195	124.209	420.252	-0.326685	-1.3271	-0.631315	
81	280.691	97.0647	382.858	-0.403932	-1.33435	-0.696913	
82	246.725	99.8207	359.977	-0.572807	-1.33347	-0.631289	
83	222.996	115.143	367.671	-0.584616	-1.37018	-0.59114	
84	209.704	83.4215	347.512	-0.451055	-1.38673	-0.677537	
85	188.238	61.9767	271.55	-0.428657	-1.37	-0.712033	
86	153.771	88.7427	243.445	-0.477	-1.3963	-0.639318	
87	140.931	86.2862	212.922	-0.47919	-1.42436	-0.638629	
88	141.973	42.0182	143.808	-0.488136	-1.45374	-0.717286	
89	108.11	37.5604	129.77	-0.499595	-1.44118	-0.709654	
90	72.6692	63.0595	155.272	-0.424237	-1.38837	-0.656276	
91	75.5712	50.6048	163.712	-0.369989	-1.44361	-0.687545	
92	67.1316	23.8623	143.131	-0.471031	-1.5137	-0.720423	
93	38.0862	27.8296	117.979	-0.526838	-1.50342	-0.685417	
94	33.2181	31.3851	95.2726	-0.445996	-1.51932	-0.684483	
95	31.8092	9.00505	30.213	-0.454582	-1.5396	-0.72005	
96	8.46642	-4.24416	-13.5963	-0.532045	-1.51956	-0.703949	
97	-5.02515	-0.201244	31.8632	-0.482436	-1.50997	-0.682546	
98	0.0659416	-9.78041	61.5638	-0.370531	-1.56807	-0.717386	
99	-3.70155	-23.9447	16.2187	-0.316572	-1.6338	-0.7284	
100	-19.4095	-19.336	-26.1035	-0.285263	-1.60651	-0.684811	
101	-16.8085	-2.77121	-26.5655	-0.302054	-1.60907	-0.697402	
102	1.57074	7.58646	-20.4504	-0.433629	-1.66609	-0.744283	
103	-8.42214	-1.82733	-12.2277	-0.539	-1.63455	-0.703816	
104	-25.4305	-17.9748	15.8647	-0.527879	-1.60568	-0.663528	
105	-2.69579	-26.7213	23.4826	-0.525652	-1.66226	-0.712798	
106	10.5609	-40.3597	1.58568	-0.483046	-1.71493	-0.737781	
107	-16.5581	-50.3527	-7.29472	-0.364	-1.70643	-0.705895	
108	-12.4701	-42.3198	0.94134	-0.356647	-1.69365	-0.696308	
109	28.2715	-34.1307	17.706	-0.429019	-1.77906	-0.709183	
110	29.6309	-39.0536	13.3582	-0.47638	-1.84477	-0.70997	
111	18.1817	-53.7404	19.9704	-0.490953	-1.80316	-0.697391	
112	54.2714	-58.7788	107.526	-0.393637	-1.83043	-0.693529	
113	91.5846	-40.8466	162.675	-0.352819	-1.897	-0.692229	
114	96.845	-37.424	120.236	-0.491638	-1.86031	-0.685854	
115	109.182	-56.9923	111.888	-0.532812	-1.80786	-0.714911	
116	134.605	-47.751	150.762	-0.462354	-1.8343	-0.732837	
117	141.943	-32.2579	167.372	-0.47454	-1.88592	-0.689052	
118	139.954	-59.4411	178.899	-0.455787	-1.85384	-0.70097	
119	155.954	-66.6897	222.617	-0.35696	-1.85706	-0.754911	
120	179.789	-19.6058	274.522	-0.353846	-2.03495	-0.710658	
121	201.882	-2.00487	271.696	-0.451406	-2.12693	-0.670911	
122	233.363	-28.8806	269.028	-0.503953	-2.06465	-0.714918	
123	273.391	-26.5596	332.207	-0.528415	-2.09577	-0.720814	
124	305.446	-3.01612	381.945	-0.618899	-2.12177	-0.68968	
125	325.758	-11.2635	407.606	-0.683969	-2.03552	-0.698729	
126	350.256	-33.1	469.081	-0.623679	-2.02021	-0.728573	
127	372.886	-30.2195	506.78	-0.536612	-2.10075	-0.743058	
128	384.873	-18.6031	479.665	-0.480014	-2.12371	-0.740887	
129	402.363	-23.2152	467.843	-0.431895	-2.06887	-0.741307	
130	425.34	-15.6649	518.952	-0.487262	-2.09218	-0.764362	
131	436.5	18.979	595.47	-0.638339	-2.21866	-0.772893	
132	443.65	28.0353	665.869	-0.642848	-2.26696	-0.735806	
133	480.783	3.9682	711.813	-0.511135	-2.25297	-0.742075	
134	529.243	13.5581	717.59	-0.535049	-2.3239	-0.787374	
135	540.145	51.7979	726.448	-0.629255	-2.38946	-0.76193	
136	549.834	50.6283	732.885	-0.607335	-2.35524	-0.745099	
137	598.777	31.8863	710.395	-0.645417	-2.32061	-0.80531	
138	634.395	53.9721	731.887	-0.743513	-2.32897	-0.831525	
139	628.3	74.0988	780.307	-0.694705	-2.32324	-0.798127	
140	636.248	50.2687	821.435	-0.589033	-2.30519	-0.806291	
141	661.732	45.6063	897.307	-0.619959	-2.33039	-0.864829	
142	658.158	89.0571	950.138	-0.680779	-2.39338	-0.875516	
143	663.181	110.346	924.06	-0.702338	-2.4327	-0.839374	
144	692.616	85.4202	892.869	-0.824756	-2.44911	-0.839605	
145	692.707	73.7767	930.534	-0.896753	-2.47448	-0.899191	
146	687.673	90.0548	974.632	-0.769193	-2.50803	-0.917228	
147	712.087	89.1032	977.149	-0.676909	-2.54193	-0.858282	
148	732.905	76.2629	986.582	-0.699748	-2.54453	-0.904626	
149	736.826	97.6367	1001.95	-0.664178	-2.56365	-0.985854	
150	741.486	136.202	981.387	-0.622981	-2.64215	-0.927888	
151	749.291	136.582	951.569	-0.697903	-2.60706	-0.912725	
152	749.746	123.54	992.534	-0.779191	-2.49498	-0.995409	
153	744.168	146.796	1030.03	-0.837008	-2.5666	-1.01634	
154	741.473	159.083	984.717	-0.898763	-2.65754	-0.974993	
155	743.905	134.187	977.011	-0.886631	-2.59315	-0.995111	
156	736.663	133.326	1017.88	-0.803081	-2.60345	-1.07162	
157	718.162	157.415	984.987	-0.769032	-2.68302	-1.06055	
158	710.36	151.446	926.045	-0.871247	-2.64401	-1.00533	
159	703.297	127.756	961.009	-0.945757	-2.62161	-1.06753	
160	684.301	139.66	984.688	-0.881791	-2.72771	-1.15701	
161	666.3	162.011	925.996	-0.811461	-2.76036	-1.09205	
162	656.571	137.871	935.644	-0.73285	-2.70603	-1.04905	
163	655.491	123.586	964.034	-0.689074	-2.80443	-1.17163	
164	650.25	167.489	885.838	-0.822009	-2.88287	-1.18839	
165	631.965	185.517	836.786	-0.968823	-2.75047	-1.09146	
166	615.472	151.539	864.51	-0.971865	-2.73785	-1.14385	
167	606.648	140.093	814.844	-0.944884	-2.82923	-1.23203	
168	582.151	148.202	734.52	-0.873549	-2.74837	-1.1979	
169	538.604	131.936	758.17	-0.734163	-2.73101	-1.18544	
170	512.886	125.686	756.43	-0.729331	-2.85089	-1.24292	
171	511.131	157.102	673.041	-0.828815	-2.87041	-1.26648	
172	493.569	169.501	656.937	-0.852728	-2.8485	-1.24027	
173	457.026	143.302	678.484	-0.909428	-2.85328	-1.24162	
174	432.889	136.803	655.189	-0.997042	-2.83714	-1.2887	
175	411.681	145.679	629.843	-0.948753	-2.83751	-1.27937	
176	380.466	117.731	590.483	-0.886635	-2.88562	-1.26051	
177	355.038	88.6512	501.089	-0.885054	-2.97255	-1.31714	
178	335.01	109.121	428.688	-0.825918	-3.00073	-1.33341	
179	316.674	124.985	447.283	-0.779866	-2.9566	-1.30069	
180	300.601	95.778	465.577	-0.81806	-2.96226	-1.31768	
181	281.656	82.5736	406.453	-0.839171	-2.97137	-1.34391	
182	266.063	106.416	370.759	-0.807555	-2.94261	-1.34115	
183	247.295	108.154	352.828	-0.828197	-2.93711	-1.35119	
184	208.445	81.9511	300.077	-0.890133	-2.9479	-1.36413	
185	170.082	74.6925	290.076	-0.849611	-3.00068	-1.36995	
186	153.573	83.35	275.195	-0.831521	-3.04459	-1.38307	
187	143.762	71.857	189.932	-0.947404	-3.01291	-1.36752	
188	128.347	45.2181	154.148	-0.955538	-3.02143	-1.3572	
189	108.337	36.5023	191.24	-0.799228	-3.08064	-1.38964	
190	88.509	40.8801	174.576	-0.695674	-3.07308	-1.39096	
191	70.9642	34.8077	119.665	-0.694373	-3.03421	-1.39493	
192	50.2769	38.6407	121.313	-0.73027	-3.08128	-1.43152	
193	35.0242	56.0034	103.155	-0.850977	-3.1684	-1.39816	
194	32.7214	37.801	45.5467	-0.957361	-3.16002	-1.35669	
195	26.5185	0.51522	59.6498	-0.880163	-3.13439	-1.40079	
196	12.7355	5.66876	71.4852	-0.823173	-3.17088	-1.42315	
197	8.45541	19.8735	17.8195	-0.863695	-3.1681	-1.3865	
198	8.36762	-5.85645	0.4798	-0.784088	-3.18181	-1.39542	
199	-3.97681	-29.4276	10.852	-0.696556	-3.25258	-1.42601	
200	-11.948	-18.2283	-34.2796	-0.784593	-3.22306	-1.40013	
201	-3.09408	-8.56247	-66.1906	-0.851266	-3.13661	-1.40111	
202	-6.78933	-16.4071	2.33348	-0.773285	-3.16916	-1.43688	
203	-27.6737	-17.0522	62.2075	-0.757577	-3.26615	-1.41118	
204	-30.0276	-18.2856	40.9818	-0.805162	-3.29464	-1.39466	
205	-14.0521	-35.3858	12.2901	-0.796031	-3.32427	-1.41317	
206	-7.2704	-41.8663	-13.0376	-0.840152	-3.39271	-1.39631	
207	-0.926281	-30.0755	-37.3987	-0.881919	-3.35551	-1.3924	
208	18.8279	-30.6645	-13.269	-0.819872	-3.30349	-1.4091	
209	27.1596	-47.7201	38.4857	-0.793042	-3.36687	-1.40702	
210	19.4466	-57.7518	55.4915	-0.781324	-3.37926	-1.39737	
211	32.3421	-54.6238	58.4135	-0.682548	-3.38917	-1.40979	
212	55.6324	-38.0684	70.6979	-0.662223	-3.49958	-1.43619	
213	62.0892	-14.9288	69.9952	-0.821864	-3.49751	-1.39768	
214	86.7352	-22.0916	94.4382	-0.959363	-3.42532	-1.36766	
215	124.075	-52.9177	149.15	-0.949347	-3.48025	-1.41485	
216	127.977	-50.3732	161.724	-0.918497	-3.53629	-1.40423	
217	128.635	-37.3571	162.674	-0.910772	-3.50897	-1.36521	
218	155.855	-62.361	208.145	-0.825446	-3.5126	-1.42128	
219	180.367	-75.6905	237.091	-0.724427	-3.56558	-1.46262	
220	194.871	-43.6174	231.527	-0.766004	-3.56531	-1.39124	
221	217.098	-19.2299	259.806	-0.86496	-3.54047	-1.36594	
222	235.597	-27.8186	329.654	-0.836103	-3.6237	-1.44972	
223	244.042	-33.1574	372.907	-0.800118	-3.7104	-1.45525	
224	268.092	-19.6948	383.568	-0.886573	-3.70955	-1.38068	
225	312.279	-13.8783	418.829	-0.926729	-3.76228	-1.38536	
226	354.478	-11.9563	440.974	-0.921535	-3.79268	-1.43272	
227	375.559	4.49387	426.331	-0.996338	-3.70656	-1.42364	
228	386.111	-0.867426	457.839	-0.983254	-3.70636	-1.41271	
229	413.521	-31.4232	517.02	-0.859475	-3.78626	-1.45646	
230	437.156	-19.8558	540.416	-0.881405	-3.74984	-1.4768	
231	440.341	26.2399	593.505	-0.978121	-3.70622	-1.44748	
232	463.111	31.1822	673.343	-0.945546	-3.82865	-1.44475	
233	501.121	8.07974	689.217	-0.897397	-3.93633	-1.47038	
234	512.515	21.7577	668.895	-0.970687	-3.87547	-1.47171	
235	523.554	47.0302	681.708	-1.07046	-3.88783	-1.45662	
236	562.795	34.285	728.3	-1.09585	-4.02247	-1.4784	
237	591.697	21.2738	769.247	-1.1202	-3.99933	-1.49809	
238	602.4	36.2833	811.002	-1.08517	-3.91186	-1.47406	
239	629.879	44.5677	851.182	-0.902173	-3.96396	-1.51552	
240	652.712	44.3061	842.702	-0.822165	-3.98238	-1.57284	
241	649.99	62.2976	839.83	-0.957465	-3.92323	-1.53429	
242	654.019	91.2074	882.921	-1.04801	-3.97194	-1.53595	
243	668.569	105.85	909.996	-1.04851	-4.07833	-1.58313	
244	682.639	101.707	910.098	-1.16236	-4.09826	-1.56529	
245	694.066	97.8829	931.861	-1.23564	-4.10434	-1.53634	
246	704.419	102.977	970.358	-1.10365	-4.1632	-1.57479	
247	723.416	102.097	967.273	-1.08068	-4.18537	-1.64289	
248	730.741	98.2517	947.814	-1.20473	-4.16741	-1.61442	
249	737.298	109.077	960.48	-1.19913	-4.17028	-1.57545	
250	765.2	117.25	977.641	-1.1416	-4.16315	-1.6586	
251	762.105	108.322	1001.82	-1.13475	-4.14141	-1.70722	
252	730.421	109.573	1038.6	-1.08509	-4.13919	-1.66899	
253	733.845	129.361	1040.99	-1.06036	-4.15325	-1.67896	
254	742.569	140.023	1007.6	-1.16343	-4.18732	-1.71735	
255	723.599	138.261	979.277	-1.25687	-4.25185	-1.71209	
256	716.733	145.467	975.716	-1.23988	-4.31527	-1.71312	
257	709.754	150.882	993.787	-1.202	-4.31222	-1.75048	
258	691.467	136.007	995.289	-1.19127	-4.28441	-1.75653	
259	702.813	127.953	969.761	-1.16639	-4.35031	-1.75149	
260	711.682	148.415	950.876	-1.10866	-4.41415	-1.80451	
261	686.444	173.23	923.624	-1.10514	-4.37267	-1.81621	
262	676.465	175.798	880.228	-1.18767	-4.36164	-1.77438	
263	684.167	160.841	858.97	-1.24683	-4.35427	-1.82523	
264	666.113	159.331	866.257	-1.31894	-4.28105	-1.89368	
265	627.621	169.877	892.348	-1.41829	-4.31516	-1.85932	
266	597.704	151.742	898.022	-1.35948	-4.39758	-1.83302	
267	581.801	123.713	843.521	-1.21099	-4.37092	-1.89759	
268	558.451	132.544	786.627	-1.18243	-4.38411	-1.93352	
269	528.608	147.589	742.994	-1.22276	-4.4494	-1.89435	
270	517.617	132.489	699.856	-1.2316	-4.44753	-1.90488	
271	504.808	120.079	715.206	-1.22622	-4.48729	-1.9527	
272	476.958	134.786	726.557	-1.19722	-4.56245	-1.96067	
273	459.244	144.968	671.073	-1.11295	-4.51286	-1.94908	
274	443.679	135.775	631.364	-1.11358	-4.44918	-1.94676	
275	420.962	138.879	619.065	-1.24119	-4.52827	-1.98161	
276	398.656	152.029	555.837	-1.29567	-4.58815	-2.00242	
277	374.308	135.391	465.056	-1.28451	-4.51236	-1.98748	
278	354.645	107.5	441.668	-1.30971	-4.47821	-2.01593	
279	331.642	112.143	453.132	-1.30614	-4.53068	-2.0494	
280	291.499	117.432	436.435	-1.22501	-4.52801	-2.03206	
281	259.695	92.6655	405.548	-1.15154	-4.50545	-2.02756	
282	247.572	82.1923	376.336	-1.19811	-4.55652	-2.0415	
283	229.579	98.7478	354.588	-1.26937	-4.63359	-2.03692	
284	199.582	95.0016	321.243	-1.25163	-4.6602	-2.05837	
285	172.003	67.1251	285.547	-1.25067	-4.6299	-2.09726	
286	152.923	57.6901	276.564	-1.27186	-4.61355	-2.0729	
287	138.825	64.0659	264.158	-1.22248	-4.65205	-2.02082	
288	126.025	45.9713	205.751	-1.18129	-4.70326	-2.06041	
289	110.238	23.2332	150.404	-1.16705	-4.73524	-2.1431	
290	97.0401	41.3204	136.619	-1.11175	-4.7253	-2.10628	
291	91.2239	62.1478	102.094	-1.07546	-4.66939	-2.04144	
292	73.7812	41.5013	72.8269	-1.12649	-4.65188	-2.09318	
293	48.3248	28.3645	89.4984	-1.21733	-4.70717	-2.13721	
294	32.5138	44.5109	93.4689	-1.22536	-4.73963	-2.0957	
295	17.919	33.8029	67.2904	-1.18576	-4.71787	-2.07846	
296	2.05385	7.16306	34.991	-1.21996	-4.71441	-2.12475	
297	-8.15539	14.6924	24.1918	-1.25797	-4.78061	-2.11796	
298	-6.61712	19.6065	15.1197	-1.27316	-4.86636	-2.08226	
299	-9.1365	-15.9283	-18.1003	-1.29349	-4.86778	-2.11551	
300	-19.9111	-46.1557	-10.4821	-1.19761	-4.83443	-2.09989	
301	-9.96226	-30.7975	16.6923	-1.05048	-4.86605	-2.0748	
302	-2.97052	-11.9581	-4.58839	-1.07082	-4.88464	-2.12734	
303	-16.4609	-30.403	-2.30262	-1.14841	-4.84339	-2.12182	
304	-13.613	-37.0192	22.3081	-1.14096	-4.85989	-2.09919	
305	-0.318296	-11.2662	8.5121	-1.18096	-4.96426	-2.11116	
306	-4.69217	-21.5819	-6.4841	-1.25816	-4.99655	-2.09951	
307	-10.0217	-63.1438	2.40957	-1.2125	-4.91182	-2.11489	
308	14.44	-52.2715	23.0971	-1.13034	-4.91136	-2.1259	
309	37.7677	-11.8926	16.2666	-1.1569	-5.00817	-2.08606	
310	25.293	-33.0552	14.9223	-1.15409	-4.99753	-2.06783	
311	29.6396	-73.3582	50.5006	-1.10388	-4.97234	-2.11546	
312	60.3056	-44.1501	54.8442	-1.1595	-5.06565	-2.1579	
313	58.1738	-5.62762	63.8274	-1.20397	-5.09925	-2.10598	
314	54.404	-30.4602	119.051	-1.21568	-5.07199	-2.05021	
315	98.4845	-56.3976	174.128	-1.25974	-5.14	-2.09289	
316	139.399	-38.1593	180.462	-1.23661	-5.19239	-2.14149	
317	145.582	-33.867	152.205	-1.23089	-5.14035	-2.09926	
318	162.286	-58.4611	183.975	-1.28822	-5.12837	-2.07334	
319	184.725	-54.1713	228.521	-1.29416	-5.20028	-2.1347	
320	186.283	-34.9031	233.994	-1.25072	-5.206	-2.10569	
321	214.385	-51.2414	275.159	-1.20143	-5.17424	-2.05506	
322	260.693	-63.2325	323.188	-1.15869	-5.26342	-2.15914	
323	264.306	-34.7174	353.472	-1.11312	-5.31617	-2.17229	
324	267.743	-14.5223	389.099	-1.11846	-5.22482	-2.05494	
325	314.524	-17.3826	412.646	-1.21806	-5.23565	-2.10695	
326	349.842	1.15311	435.606	-1.35715	-5.35439	-2.20572	
327	345.565	21.6376	471.173	-1.45359	-5.38872	-2.09446	
328	356.242	-9.52142	510.358	-1.39388	-5.41139	-2.02981	
329	400.479	-38.8317	520.472	-1.24582	-5.4584	-2.18982	
330	433.404	-2.19956	509.095	-1.21158	-5.41639	-2.22628	
331	458.812	27.4291	549.049	-1.26028	-5.38435	-2.07891	
332	498.237	10.2656	616.838	-1.28498	-5.47846	-2.104	
333	514.557	23.7416	650.042	-1.35506	-5.5245	-2.24059	
334	506.956	49.6101	698.527	-1.4489	-5.44738	-2.18975	
335	530.48	23.4904	771.515	-1.41013	-5.45339	-2.11026	
336	570.123	16.9923	773.95	-1.39328	-5.53299	-2.20422	
337	578.798	54.1586	734.313	-1.52221	-5.53313	-2.23593	
338	585.85	47.2465	780.331	-1.46059	-5.58903	-2.15583	
339	619.46	18.0287	834.962	-1.26095	-5.68274	-2.2055	
340	640.43	34.5181	806.544	-1.34648	-5.6114	-2.26366	
341	645.415	67.8514	844.093	-1.47213	-5.58385	-2.20883	
342	676.025	78.7883	929.838	-1.33813	-5.6902	-2.23607	
343	694.722	78.9782	924.56	-1.29359	-5.64623	-2.29334	
344	674.835	94.9984	930.362	-1.43163	-5.57791	-2.25241	
345	683.408	115.332	964.885	-1.44553	-5.72094	-2.25519	
346	714.912	112.712	934.066	-1.43348	-5.81039	-2.33183	
347	712.565	106.71	912.427	-1.58208	-5.73829	-2.3285	
348	712.629	122.104	959.64	-1.67399	-5.78611	-2.262	
349	751.836	130.392	998.338	-1.60214	-5.88259	-2.29497	
350	770.007	106.127	978.657	-1.53104	-5.81165	-2.37205	
351	741.194	93.4455	963.264	-1.50041	-5.749	-2.36262	
352	737.711	118.651	989.768	-1.44717	-5.76611	-2.36539	
353	758.298	134.759	1006.31	-1.46131	-5.7439	-2.41843	
354	739.539	130.482	1012.65	-1.60489	-5.78088	-2.40795	
355	712.697	133.181	1054.16	-1.64882	-5.90216	-2.3934	
356	717.104	136.861	1065.51	-1.55478	-5.93092	-2.46996	
357	715.593	135.134	1002.53	-1.53397	-5.8662	-2.46586	
358	699.188	137.808	958.434	-1.53088	-5.87255	-2.3753	
359	702.23	144.674	935.323	-1.5186	-5.9734	-2.44736	
360	704.287	149.796	901.479	-1.5715	-6.03608	-2.54306	
361	678.24	154.193	899.462	-1.58663	-6.02247	-2.4909	
362	662.679	158.265	917.336	-1.52372	-6.01052	-2.48389	
363	675.783	161.199	927.072	-1.48004	-5.99214	-2.56278	
364	673.412	167.131	899.069	-1.551	-5.94083	-2.58147	
365	636.545	172.738	856.277	-1.68012	-5.91127	-2.5281	
366	611.394	175.013	848.677	-1.71427	-5.93808	-2.54659	
367	599.422	169.08	823.974	-1.71442	-6.01029	-2.62875	
368	551.659	142.759	772.911	-1.75379	-6.03947	-2.60944	
369	510.607	117.487	740.154	-1.71155	-6.00241	-2.5705	
370	521.473	120.141	723.015	-1.6208	-6.05822	-2.6258	
371	513.887	129.514	721.862	-1.58287	-6.16993	-2.65748	
372	462.73	125.455	716.949	-1.51268	-6.14608	-2.62373	
373	444.548	119.937	688.252	-1.43165	-6.08771	-2.63894	
374	458.905	127.945	645.044	-1.4781	-6.13943	-2.70401	
375	436.016	145.118	591.702	-1.60072	-6.18394	-2.70676	
376	393.494	144.363	553.142	-1.67692	-6.12334	-2.65693	
377	378.841	123.001	535.241	-1.68111	-6.07428	-2.67354	
378	359.448	117.284	496.028	-1.62696	-6.12251	-2.75777	
379	305.996	126.231	423.769	-1.58049	-6.14983	-2.74143	
380	271.916	112.814	372.527	-1.57786	-6.12372	-2.67934	
381	273.54	93.1426	378.649	-1.57709	-6.18374	-2.75263	
382	252.248	99.9488	375.13	-1.58371	-6.28621	-2.77691	
383	223.311	103.803	333.422	-1.6203	-6.26306	-2.71239	
384	213.545	89.3528	318.426	-1.66163	-6.1899	-2.75895	
385	182.181	83.8779	321.411	-1.63242	-6.22636	-2.79057	
386	151.913	72.8031	294.437	-1.56255	-6.27581	-2.74366	
387	153.043	48.8172	228.399	-1.63395	-6.23603	-2.74988	
388	139.008	45.1757	174.832	-1.74944	-6.25376	-2.79458	
389	103.889	45.2105	175.888	-1.65667	-6.35688	-2.81348	
390	85.8091	24.5285	149.213	-1.50426	-6.34339	-2.78028	
391	78.8918	10.5922	111.502	-1.44424	-6.22858	-2.77984	
392	55.9651	18.9754	142.311	-1.36397	-6.24355	-2.8291	
393	31.9323	37.9723	127.734	-1.37933	-6.36526	-2.79352	
394	30.3652	45.6829	37.686	-1.54618	-6.39865	-2.76391	
395	22.803	36.4627	8.67285	-1.59051	-6.40853	-2.82107	
396	6.24474	35.8347	41.5932	-1.56716	-6.45868	-2.82198	
397	10.3201	34.0474	40.9538	-1.68738	-6.39756	-2.77787	
398	7.40172	5.5156	8.84186	-1.73074	-6.3443	-2.78741	
399	-11.8071	-20.3891	3.9256	-1.58337	-6.47742	-2.82138	
400	-11.7632	-19.6695	-0.939554	-1.49994	-6.54346	-2.80996	
401	-1.30657	-16.9764	-41.3019	-1.53034	-6.43375	-2.79098	
402	-4.42283	-25.4801	-53.8861	-1.55476	-6.40532	-2.81932	
403	-8.89709	-26.6844	-15.2312	-1.5666	-6.46821	-2.82014	
404	-4.89329	-27.5034	29.0827	-1.54927	-6.4615	-2.81248	
405	-18.8053	-44.9014	56.6265	-1.53065	-6.4614	-2.84625	
406	-44.7978	-48.0375	61.685	-1.55315	-6.5701	-2.79689	
407	-24.5526	-34.3046	41.421	-1.56116	-6.67017	-2.72598	
408	24.3755	-44.0812	6.45088	-1.54931	-6.64166	-2.80998	
409	30.3517	-50.7485	-5.46598	-1.52639	-6.59267	-2.86725	
410	20.2456	-32.1238	4.77476	-1.5111	-6.65724	-2.77264	
411	48.8369	-45.1066	29.271	-1.50005	-6.72183	-2.76266	
412	71.9472	-72.0136	67.7314	-1.42933	-6.66266	-2.85294	
413	59.0472	-37.3196	67.7295	-1.4437	-6.61958	-2.82247	
414	77.9079	8.27785	87.8141	-1.58213	-6.69004	-2.7571	
415	131.73	-8.17813	154.455	-1.63612	-6.73839	-2.80919	
416	139.675	-41.5336	165.23	-1.66365	-6.71126	-2.84216	
417	122.375	-44.305	166.206	-1.73237	-6.7172	-2.80082	
418	144.262	-39.4015	189.584	-1.75046	-6.7807	-2.78428	
419	175.005	-53.0185	210.134	-1.70951	-6.80349	-2.8061	
420	183.014	-66.11	263.156	-1.59752	-6.77947	-2.81639	
421	208.009	-58.4949	310.402	-1.50277	-6.8217	-2.79279	
422	250.91	-53.7814	328.787	-1.50012	-6.90519	-2.80385	
423	259.914	-50.2055	341.657	-1.51978	-6.92416	-2.83534	
424	263.18	-18.9612	377.053	-1.54227	-6.92658	-2.82959	
425	305.624	2.29983	427.795	-1.57733	-6.96154	-2.82219	
426	346.062	-15.5083	446.922	-1.66021	-6.99292	-2.7976	
427	364.894	-14.714	470.615	-1.74204	-7.01731	-2.78955	
428	396.981	11.6453	502.913	-1.68984	-7.01458	-2.84072	
429	434.287	4.89621	495.213	-1.61884	-6.98186	-2.87629	
430	437.925	-10.5317	486.058	-1.68187	-6.97262	-2.86026	
431	438.52	11.9841	538.532	-1.73948	-6.98414	-2.83444	
432	475.993	32.923	624.449	-1.71356	-7.02073	-2.85209	
433	501.795	22.4492	677.514	-1.70985	-7.09873	-2.87188	
434	501.778	17.6296	707.611	-1.72246	-7.1358	-2.86127	
435	527.524	32.9064	739.336	-1.71839	-7.09744	-2.88148	
436	561.255	42.3035	761.554	-1.77422	-7.10892	-2.89728	
437	567.321	41.6479	773.567	-1.89486	-7.22426	-2.88101	
438	585.105	40.1886	798.16	-1.93286	-7.29027	-2.89142	
439	627.063	38.7494	838.366	-1.8087	-7.26382	-2.89385	
440	646.361	33.7976	860.265	-1.64544	-7.26042	-2.89367	
441	651.028	33.4613	843.584	-1.62675	-7.24431	-2.96111	
442	674.452	64.1805	838.263	-1.70698	-7.21263	-2.99228	
443	693.09	104.306	893.694	-1.71611	-7.26239	-2.94839	
444	691.169	108.233	934.187	-1.76974	-7.32856	-2.94743	
445	702.353	105.891	934.208	-1.90468	-7.33816	-2.98489	
446	725.187	120.729	955.695	-1.93482	-7.32054	-3.00929	
447	722.908	111.904	982.602	-1.91389	-7.315	-2.99778	
448	718.119	96.6795	995.579	-1.9221	-7.33621	-3.00026	
449	730.478	118.977	969.348	-1.93769	-7.35935	-3.048	
450	730.999	131.578	943.358	-1.94106	-7.40612	-3.04075	
451	726.263	105.625	976.448	-1.90098	-7.46483	-3.03058	
452	730.853	99.4552	993.116	-1.8747	-7.45661	-3.0957	
453	731.841	127.967	1012.21	-1.8589	-7.44501	-3.10507	
454	733.056	143.036	1053.29	-1.85117	-7.5165	-3.0609	
455	742.994	134.815	1038.2	-1.91343	-7.56909	-3.10807	
456	746.733	136.857	1000.4	-1.97144	-7.51692	-3.16926	
457	733.98	150.25	975.277	-1.96876	-7.4746	-3.12832	
458	724.626	146.43	963.167	-1.97091	-7.51139	-3.12315	
459	717.721	136.491	952.373	-2.00156	-7.50001	-3.21029	
460	688.592	140.121	935.525	-1.95809	-7.46474	-3.21739	
461	666.298	144.531	933.045	-1.86022	-7.56957	-3.16822	
462	667.543	150.856	915.673	-1.85923	-7.68141	-3.2048	
463	654.792	166.626	889.677	-1.88417	-7.61584	-3.25747	
464	635.913	174.412	870.287	-1.92789	-7.5386	-3.25434	
465	629.311	164.094	858.867	-2.04982	-7.60382	-3.23619	
466	616.278	156.084	864.922	-2.10738	-7.67733	-3.25402	
467	590.03	162.877	844.006	-2.10061	-7.67544	-3.29838	
468	561.521	158.782	807.463	-2.04519	-7.66204	-3.30607	
469	542.191	132.372	775.497	-1.95044	-7.63112	-3.30369	
470	529.469	115.66	725.009	-1.9528	-7.6253	-3.3205	
471	511.572	127.682	685.172	-1.97304	-7.7011	-3.33495	
472	478.698	146.147	659.859	-1.95109	-7.73902	-3.35988	
473	441.437	143.921	638.386	-1.95352	-7.73313	-3.36239	
474	428.404	127.051	627.157	-1.95086	-7.77818	-3.34943	
475	433.117	121.382	607.567	-1.96139	-7.79276	-3.38749	
476	417.511	129.507	581.115	-1.98895	-7.74882	-3.41017	
477	377.929	131.668	556.105	-1.99515	-7.72015	-3.3853	
478	348.623	122.768	516.13	-1.99062	-7.71769	-3.40173	
479	325.045	111.924	446.323	-2.00214	-7.72676	-3.4366	
480	282.641	100.945	390.587	-2.02799	-7.72448	-3.44846	
481	244.229	93.4697	381.759	-1.99761	-7.75562	-3.44274	
482	225.925	90.8978	369.742	-1.89395	-7.85219	-3.42282	
483	218.773	88.2258	343.058	-1.83692	-7.94129	-3.45133	
484	209.454	93.4323	313.555	-1.89946	-7.97218	-3.46797	
485	189.129	100.678	267.179	-1.98281	-7.90911	-3.42633	
486	178.729	86.8295	233.725	-2.0413	-7.82469	-3.46101	
487	172.066	63.476	245.072	-2.0906	-7.83845	-3.49539	
488	140.757	52.4279	249.187	-2.0798	-7.87524	-3.45014	
489	98.6252	42.2275	196.291	-2.02543	-7.89295	-3.5012	
490	72.4965	26.4255	136.017	-1.90887	-7.91511	-3.56102	
491	73.9147	19.8442	98.2107	-1.77847	-7.89255	-3.48085	
492	72.567	25.6504	65.971	-1.81624	-7.88459	-3.46183	
493	40.0269	34.9045	61.7775	-1.93401	-7.93611	-3.52072	
494	20.1506	33.2155	94.1823	-1.95949	-7.98069	-3.48701	
495	21.1365	16.3158	107.942	-1.94009	-8.02175	-3.45954	
496	-2.7291	11.3014	71.6013	-1.925	-8.06989	-3.51362	
497	-23.4241	21.3539	34.1647	-1.91045	-8.08624	-3.53716	
498	-2.55362	10.0065	19.1962	-1.90197	-8.06387	-3.49139	
499	19.7385	-13.2904	-17.7249	-1.93042	-8.05492	-3.45808	
500	10.1117	-11.7663	-61.8137	-2.00084	-8.09774	-3.51285	
501	-2.47825	-6.09174	-38.855	-1.98251	-8.09988	-3.57517	
502	-3.47701	-21.4872	5.45448	-1.8736	-8.01767	-3.52431	
503	-11.8043	-28.0874	-0.414526	-1.87236	-8.00449	-3.4568	
504	-16.3092	-20.8706	-6.22208	-1.95088	-8.09639	-3.50306	
505	-19.2331	-32.0624	17.9181	-1.92603	-8.15802	-3.54535	
506	-32.2411	-39.0201	27.9012	-1.86834	-8.18522	-3.49202	
507	-21.1252	-23.9071	2.06254	-1.96004	-8.22659	-3.47631	
508	10.4421	-36.8593	12.0534	-2.04493	-8.2287	-3.53078	
509	25.778	-66.9258	59.9665	-1.9488	-8.22533	-3.52064	
510	34.4923	-56.5019	58.8302	-1.89633	-8.30325	-3.45345	
511	47.8407	-42.188	42.6719	-1.92288	-8.3396	-3.48164	
512	58.3109	-54.7302	45.4801	-1.83522	-8.26997	-3.54636	
513	72.1047	-47.0432	54.6739	-1.77463	-8.26279	-3.49561	
514	92.3067	-29.5614	74.8336	-1.89917	-8.29349	-3.47343	
515	113.226	-38.5525	126.074	-2.00116	-8.27699	-3.56172	
516	126.567	-35.6177	209.315	-1.95212	-8.33961	-3.55375	
517	122.188	-18.8251	223.384	-1.96511	-8.42602	-3.44832	
518	132.026	-37.9808	182.826	-2.05178	-8.39686	-3.47326	
519	177.576	-52.6039	187.646	-2.04347	-8.3817	-3.54785	
520	211.283	-24.4411	213.739	-2.02265	-8.44441	-3.48023	
521	220.133	-26.7293	262.41	-2.03186	-8.4602	-3.47152	
522	228.917	-66.039	338.932	-1.98666	-8.47149	-3.56563	
523	247.571	-58.6409	377.964	-1.9263	-8.57125	-3.52356	
524	285.594	-21.1665	369.391	-1.92621	-8.61059	-3.45895	
525	321.29	-15.7651	396.41	-1.93487	-8.53342	-3.52626	
526	344.676	-17.8191	467.452	-1.94476	-8.52702	-3.58279	
527	374.772	-1.28632	478.51	-2.06969	-8.58556	-3.51522	
528	394.662	0.555681	475.269	-2.16777	-8.57759	-3.46604	
529	397.216	-14.3288	527.329	-2.09728	-8.58141	-3.57579	
530	411.363	-6.58913	548.131	-2.05946	-8.66006	-3.62572	
531	444.827	9.49979	565.095	-2.05985	-8.69457	-3.497	
532	480.874	6.69901	634.116	-1.98889	-8.67097	-3.48173	
533	503.834	13.9741	672.136	-1.98013	-8.72078	-3.59695	
534	516.799	33.3834	656.839	-2.04713	-8.78143	-3.60288	
535	536.155	44.4056	670.398	-2.09103	-8.72876	-3.58154	
536	558.53	56.6677	746.214	-2.16036	-8.70327	-3.57909	
537	576.63	53.8427	803.15	-2.27127	-8.80092	-3.5541	
538	600.144	36.2661	823.227	-2.28046	-8.88491	-3.61039	
539	623.07	44.2817	850.507	-2.17148	-8.87934	-3.64561	
540	636.441	58.5838	835.725	-2.11914	-8.84275	-3.60391	
541	657.597	52.8236	808.871	-2.12866	-8.8295	-3.62624	
542	680.887	61.6276	850.242	-2.14039	-8.84295	-3.65565	
543	679.92	79.829	904.822	-2.19139	-8.87536	-3.65064	
544	676.493	74.8806	938.08	-2.19323	-8.91207	-3.68164	
545	697.08	83.1071	978.219	-2.12092	-8.94935	-3.69763	
546	712.983	115.348	992.237	-2.13321	-8.99795	-3.67182	
547	708.392	115.94	962.734	-2.23628	-8.98499	-3.68212	
548	717.284	104.05	950.287	-2.30623	-8.93637	-3.74145	
549	742.769	127.168	982.01	-2.33053	-9.03087	-3.74926	
550	750.711	136.002	994.454	-2.3349	-9.1448	-3.70085	
551	743.185	106.451	961.909	-2.30329	-9.07646	-3.7251	
552	744.464	100.417	966.584	-2.23412	-8.99521	-3.80271	
553	751.55	127.908	1008.22	-2.17003	-9.00312	-3.82906	
554	739.798	147.001	1004.82	-2.20616	-9.03088	-3.80029	
555	722.207	152.743	1001.34	-2.32262	-9.08439	-3.79523	
556	722.936	151.521	1023.74	-2.36636	-9.13374	-3.83947	
557	715.534	142.059	998.755	-2.36523	-9.16371	-3.84243	
558	702.573	138.227	962.173	-2.41428	-9.16888	-3.85104	
559	708.201	143.69	978.984	-2.40441	-9.16526	-3.88838	
560	710.455	144.891	983.271	-2.29045	-9.19857	-3.86096	
561	694.819	140.511	921.451	-2.24463	-9.18442	-3.86897	
562	665.858	136.669	882.004	-2.31381	-9.17145	-3.93364	
563	641.449	142.564	898.424	-2.3112	-9.24709	-3.94684	
564	639.325	162.566	878.861	-2.23623	-9.23106	-3.95436	
565	632.533	171.398	853.364	-2.2945	-9.18383	-3.96736	
566	611.813	155.509	867.671	-2.40454	-9.28999	-3.95247	
567	601.151	150.655	843.604	-2.38344	-9.33308	-3.98516	
568	576.679	168.73	790.097	-2.36004	-9.23429	-4.03723	
569	536.44	164.505	753.105	-2.44105	-9.21595	-3.99903	
570	528.283	134.257	708.838	-2.46841	-9.26996	-3.97502	
571	522.664	129.899	684.585	-2.3989	-9.28117	-4.04597	
572	476.355	139.897	697.733	-2.37724	-9.30334	-4.0808	
573	432.467	121.039	686.878	-2.30325	-9.3742	-4.05622	
574	419.165	112.316	632.445	-2.15185	-9.37864	-4.06529	
575	409.396	137.725	574.32	-2.23422	-9.31023	-4.0959	
576	386.514	145.718	549.567	-2.43078	-9.37745	-4.08334	
577	369.324	130.673	537.247	-2.46014	-9.52824	-4.05113	
578	368.504	121.156	503.268	-2.46277	-9.47853	-4.09875	
579	347.428	111.03	477.311	-2.43055	-9.34813	-4.17931	
580	299.576	94.4126	443.725	-2.29378	-9.37036	-4.12528	
581	273.874	79.8205	369.948	-2.25464	-9.38095	-4.08366	
582	259.397	82.2741	328.014	-2.33305	-9.33874	-4.1969	
583	220.306	97.7645	346.106	-2.32115	-9.417	-4.20131	
584	188.981	99.2891	317.705	-2.26699	-9.47627	-4.12329	
585	174.1	85.919	251.769	-2.33794	-9.4276	-4.16187	
586	151.497	72.7158	275.438	-2.37162	-9.47249	-4.17924	
587	131.703	63.2199	296.051	-2.29893	-9.58154	-4.16056	
588	119.314	62.1499	210.34	-2.33834	-9.59806	-4.16309	
589	111.256	64.8816	148.425	-2.42285	-9.57353	-4.15368	
590	99.6766	53.7235	133.403	-2.39459	-9.56347	-4.1643	
591	83.0978	27.7525	89.974	-2.34087	-9.53384	-4.2037	
592	74.6179	9.00635	82.4381	-2.28245	-9.49993	-4.25556	
593	51.2241	16.3862	121.94	-2.2123	-9.53401	-4.2364	
594	21.9633	32.8635	105.843	-2.21536	-9.61031	-4.15848	
595	24.3018	22.8881	44.7472	-2.26879	-9.62464	-4.17149	
596	17.8421	6.50801	18.0184	-2.30048	-9.61357	-4.23588	
597	-9.85619	19.4438	17.1201	-2.3276	-9.63606	-4.22299	
598	-3.08304	22.3023	14.7876	-2.38634	-9.63166	-4.17203	
599	15.409	-11.1417	11.9856	-2.4164	-9.64706	-4.17988	
