0	0	0	0	0	0	0	
1	0	0	0	0	0	0	
2	0	2.94655e-11	0	-1.16588e-14	4.17503e-32	-3.00423e-15	
3	-1.31832e-22	6.33359e-10	3.55518e-28	-2.62007e-13	1.82126e-25	-6.74461e-14	
4	-1.6897e-20	6.86165e-09	1.02253e-19	-2.97097e-12	3.62161e-23	-7.64309e-13	
5	-8.98447e-19	5.01348e-08	7.60035e-18	-2.27366e-11	1.60499e-21	-5.84774e-12	
6	-2.54188e-17	2.78817e-07	2.29244e-16	-1.32486e-10	3.63766e-20	-3.40788e-11	
7	-4.5106e-16	1.26238e-06	4.07232e-15	-6.28497e-10	5.36775e-19	-1.61744e-10	
8	-5.62655e-15	4.85812e-06	5.00126e-14	-2.53347e-09	5.79753e-18	-6.52537e-10	
9	-5.32741e-14	1.63751e-05	4.64388e-13	-8.93997e-09	4.91177e-17	-2.30535e-09	
10	-4.03781e-13	4.94196e-05	3.45141e-12	-2.82261e-08	3.41673e-16	-7.2897e-09	
11	-2.54534e-12	0.000135802	2.13556e-11	-8.10765e-08	2.01562e-15	-2.09773e-08	
12	-1.37312e-11	0.000344278	1.13213e-10	-2.14653e-07	1.03296e-14	-5.56577e-08	
13	-6.47977e-11	0.000813715	5.25546e-10	-5.29322e-07	4.68485e-14	-1.37586e-07	
14	-2.72143e-10	0.00180844	2.17304e-09	-1.22614e-06	1.90831e-13	-3.19589e-07	
15	-1.03147e-09	0.00380591	8.11344e-09	-2.6869e-06	7.06524e-13	-7.02478e-07	
16	-3.56841e-09	0.00762929	2.76611e-08	-5.60281e-06	2.40112e-12	-1.46976e-06	
17	-1.1375e-08	0.0146394	8.69125e-08	-1.11726e-05	7.55255e-12	-2.94161e-06	
18	-3.36767e-08	0.0270022	2.53644e-07	-2.13962e-05	2.21414e-11	-5.65572e-06	
19	-9.3226e-08	0.0480472	6.92101e-07	-3.94931e-05	6.08631e-11	-1.0484e-05	
20	-2.42709e-07	0.0827323	1.77574e-06	-7.04804e-05	1.57684e-10	-1.8796e-05	
21	-5.9724e-07	0.138225	4.30518e-06	-0.000121945	3.86787e-10	-3.26803e-05	
22	-1.39515e-06	0.224604	9.9052e-06	-0.000205039	9.01835e-10	-5.52369e-05	
23	-3.10572e-06	0.355683	2.17086e-05	-0.000335738	2.00575e-09	-9.09509e-05	
24	-6.61067e-06	0.549931	4.54718e-05	-0.000536363	4.26852e-09	-0.000146159	
25	-1.34952e-05	0.831478	9.13029e-05	-0.000837381	8.71651e-09	-0.000229617	
26	-2.64929e-05	1.23114	0.000176202	-0.00127947	1.71224e-08	-0.000353168	
27	-5.01362e-05	1.78746	0.000327612	-0.00191578	3.24293e-08	-0.000532513	
28	-9.16636e-05	2.54759	0.000588132	-0.00281439	5.9342e-08	-0.000788076	
29	-0.00016223	3.56805	0.00102144	-0.00406071	1.05116e-07	-0.00114594	
30	-0.000278451	4.91525	0.00171935	-0.00575991	1.8056e-07	-0.00163881	
31	-0.000464274	6.66555	0.00280964	-0.008039	3.01252e-07	-0.00230704	
32	-0.00075315	8.90493	0.00446423	-0.0110485	4.88942e-07	-0.00319956	
33	-0.0011904	11.7282	0.00690683	-0.0149634	7.73083e-07	-0.00437477	
34	-0.00183567	15.2373	0.0104192	-0.0199834	1.19241e-06	-0.00590121	
35	-0.0027652	19.5394	0.0153448	-0.0263317	1.79643e-06	-0.00785812	
36	-0.00407383	24.7441	0.0220894	-0.0342531	2.64677e-06	-0.0103356	
37	-0.0058763	30.9598	0.0311162	-0.0440099	3.81812e-06	-0.0134346	
38	-0.0083078	38.2896	0.0429375	-0.0558771	5.3988e-06	-0.0172662	
39	-0.0115234	46.8272	0.0580993	-0.0701353	7.49078e-06	-0.0219508	
40	-0.0156961	56.6517	0.0771614	-0.0870622	1.02091e-05	-0.0276166	
41	-0.021014	67.8226	0.100673	-0.106923	1.36805e-05	-0.0343977	
42	-0.0276755	80.3751	0.129142	-0.129961	1.80417e-05	-0.0424316	
43	-0.0358835	94.3152	0.163004	-0.156381	2.3437e-05	-0.0518563	
44	-0.0458384	109.616	0.202588	-0.186344	3.00146e-05	-0.0628069	
45	-0.0577303	126.213	0.248077	-0.21995	3.79234e-05	-0.0754124	
46	-0.07173	144.005	0.299477	-0.257228	4.73079e-05	-0.089791	
47	-0.0879797	162.848	0.356585	-0.298126	5.83035e-05	-0.106047	
48	-0.106584	182.56	0.418955	-0.342501	7.10305e-05	-0.124266	
49	-0.127602	202.92	0.485883	-0.390117	8.55875e-05	-0.144512	
50	-0.151037	223.672	0.556389	-0.440636	0.000102045	-0.166824	
51	-0.176831	244.531	0.629214	-0.49362	0.000120437	-0.19121	
52	-0.204859	265.183	0.702833	-0.548537	0.000140755	-0.217649	
53	-0.234928	285.299	0.775473	-0.604763	0.00016294	-0.246085	
54	-0.266772	304.539	0.845152	-0.661597	0.000186878	-0.276431	
55	-0.300056	322.56	0.90973	-0.718271	0.00021239	-0.308562	
56	-0.334381	339.022	0.966969	-0.773966	0.000239231	-0.34232	
57	-0.369289	353.603	1.01461	-0.827834	0.000267089	-0.377515	
58	-0.404275	366	1.05045	-0.879014	0.000295578	-0.413923	
59	-0.438796	375.937	1.07242	-0.926656	0.000324244	-0.451294	
60	-0.472286	383.171	1.07873	-0.969937	0.000352571	-0.489353	
61	-0.504169	387.497	1.06787	-1.00809	0.000379985	-0.5278	
62	-0.533878	388.75	1.03877	-1.0404	0.000405867	-0.566319	
63	-0.56087	386.804	0.990881	-1.06625	0.000429568	-0.60458	
64	-0.584641	381.572	0.924174	-1.0851	0.000450431	-0.642242	
65	-0.604741	373.006	0.839249	-1.09652	0.000467807	-0.678957	
66	-0.620789	361.093	0.737314	-1.10019	0.000481085	-0.714374	
67	-0.632483	345.847	0.620167	-1.09587	0.000489711	-0.748145	
68	-0.639606	327.312	0.490135	-1.08344	0.000493213	-0.779925	
69	-0.642033	305.547	0.349968	-1.06285	0.00049122	-0.809374	
70	-0.639722	280.631	0.202703	-1.03416	0.000483474	-0.836164	
71	-0.632718	252.652	0.0514969	-0.997472	0.000469835	-0.859978	
72	-0.621135	221.707	-0.100548	-0.952949	0.000450285	-0.880512	
73	-0.605146	187.897	-0.250556	-0.9008	0.000424917	-0.897478	
74	-0.584967	151.328	-0.396024	-0.841262	0.000393921	-0.910605	
75	-0.56084	112.11	-0.534937	-0.77459	0.000357574	-0.919638	
76	-0.533019	70.3591	-0.66583	-0.701048	0.000316214	-0.924343	
77	-0.501753	26.198	-0.787799	-0.620908	0.000270228	-0.924504	
78	-0.467277	-20.2402	-0.900455	-0.53444	0.000220034	-0.919923	
79	-0.429808	-68.8084	-1.00385	-0.44192	0.000166075	-0.910424	
80	-0.389535	-119.343	-1.09834	-0.343628	0.000108806	-0.89585	
81	-0.346629	-171.658	-1.18447	-0.239856	4.86976e-05	-0.876065	
82	-0.30124	-225.547	-1.26286	-0.130915	-1.37694e-05	-0.850953	
83	-0.25351	-280.777	-1.33404	-0.0171441	-7.81004e-05	-0.820421	
84	-0.203579	-337.088	-1.39839	0.101083	-0.000143786	-0.784398	
85	-0.151597	-394.195	-1.45604	0.223345	-0.000210302	-0.742839	
86	-0.0977299	-451.786	-1.50687	0.349171	-0.000277108	-0.695722	
87	-0.0421727	-509.528	-1.55048	0.47803	-0.000343651	-0.643059	
88	0.0148449	-567.067	-1.58621	0.609333	-0.000409364	-0.584888	
89	0.0730526	-624.032	-1.61315	0.742426	-0.000473672	-0.521285	
90	0.132136	-680.043	-1.63026	0.876597	-0.000535988	-0.45236	
91	0.191734	-734.713	-1.63636	1.01108	-0.000595716	-0.378262	
92	0.251445	-787.65	-1.63029	1.14506	-0.00065225	-0.299179	
93	0.310827	-838.47	-1.61095	1.27768	-0.00070498	-0.215342	
94	0.369409	-886.794	-1.57742	1.40807	-0.000753288	-0.127016	
95	0.426704	-932.257	-1.52906	1.53534	-0.000796567	-0.0345081	
96	0.482218	-974.51	-1.46561	1.65859	-0.000834231	0.0618413	
97	0.535474	-1013.22	-1.38726	1.77695	-0.000865737	0.161659	
98	0.586022	-1048.08	-1.29472	1.88956	-0.000890611	0.264545	
99	0.633459	-1078.81	-1.18919	1.99561	-0.000908477	0.370073	
100	0.677442	-1105.15	-1.07238	2.09434	-0.000919085	0.477798	
101	0.717693	-1126.84	-0.946404	2.18502	-0.000922332	0.587255	
102	0.75401	-1143.69	-0.813645	2.26702	-0.000918274	0.697968	
103	0.786256	-1155.5	-0.676588	2.33973	-0.000907124	0.809446	
104	0.814356	-1162.1	-0.537646	2.40264	-0.000889239	0.921189	
105	0.83828	-1163.33	-0.398973	2.45526	-0.00086509	1.03268	
106	0.858029	-1159.06	-0.262322	2.49719	-0.000835224	1.14341	
107	0.873612	-1149.18	-0.12895	2.52807	-0.00080022	1.25285	
108	0.885032	-1133.58	0.000407873	2.54758	-0.000760644	1.36046	
109	0.892275	-1112.19	0.125496	2.55544	-0.000717022	1.46569	
110	0.895298	-1084.93	0.24643	2.55143	-0.000669811	1.568	
111	0.894033	-1051.77	0.363545	2.53532	-0.000619396	1.66683	
112	0.888384	-1012.69	0.477237	2.50695	-0.000566101	1.76163	
113	0.878246	-967.688	0.587808	2.46618	-0.000510207	1.85185	
114	0.86351	-916.8	0.695354	2.41289	-0.000451982	1.93694	
115	0.844081	-860.093	0.799711	2.34701	-0.000391718	2.01635	
116	0.81989	-797.67	0.900456	2.26852	-0.000329748	2.08954	
117	0.790905	-729.669	0.996961	2.17744	-0.000266477	2.15601	
118	0.757139	-656.27	1.08849	2.07385	-0.000202378	2.21524	
119	0.718656	-577.689	1.17431	1.95791	-0.000137997	2.26675	
120	0.675568	-494.186	1.25379	1.82985	-7.39306e-05	2.31008	
121	0.628035	-406.054	1.32647	1.68997	-1.08027e-05	2.34479	
122	0.576262	-313.627	1.39215	1.53868	5.07669e-05	2.3705	
123	0.520489	-217.268	1.45088	1.37645	0.000110198	2.38684	
124	0.460987	-117.37	1.50293	1.20385	0.000166983	2.39348	
125	0.398049	-14.3536	1.54877	1.02154	0.00022072	2.39015	
126	0.331982	91.3412	1.589	0.83026	0.000271129	2.3766	
127	0.263103	199.256	1.62427	0.630799	0.00031807	2.35266	
128	0.191733	308.918	1.65516	0.42403	0.000361536	2.31818	
129	0.118189	419.843	1.68215	0.21087	0.000401638	2.27308	
130	0.0427881	531.541	1.70546	-0.0077198	0.000438571	2.2173	
131	-0.0341585	643.515	1.7251	-0.230746	0.00047258	2.15085	
132	-0.112341	755.262	1.74074	-0.457191	0.000503906	2.07378	
133	-0.19145	866.281	1.75185	-0.686026	0.000532751	1.98618	
134	-0.271176	976.067	1.75772	-0.916212	0.000559241	1.8882	
135	-0.351208	1084.11	1.75762	-1.14671	0.000583415	1.78001	
136	-0.43123	1189.92	1.75094	-1.37649	0.00060522	1.66187	
137	-0.510928	1292.97	1.73735	-1.60451	0.000624545	1.53403	
138	-0.589981	1392.76	1.71688	-1.82975	0.000641245	1.39684	
139	-0.668074	1488.8	1.68994	-2.05119	0.000655195	1.25066	
140	-0.744887	1580.57	1.65728	-2.26781	0.000666319	1.09592	
141	-0.820102	1667.58	1.61985	-2.47859	0.000674626	0.933088	
142	-0.893398	1749.34	1.57858	-2.68253	0.000680223	0.762692	
143	-0.964447	1825.35	1.53422	-2.87861	0.000683304	0.585293	
144	-1.03292	1895.14	1.48717	-3.06583	0.000684138	0.401504	
145	-1.09846	1958.27	1.4374	-3.24318	0.000683032	0.211978	
146	-1.16072	2014.28	1.38446	-3.40966	0.000680305	0.0174087	
147	-1.21935	2062.78	1.32764	-3.56431	0.00067626	-0.181472	
148	-1.27397	2103.37	1.2661	-3.70617	0.000671165	-0.383898	
149	-1.32423	2135.71	1.19913	-3.83432	0.000665251	-0.589071	
150	-1.36978	2159.49	1.12623	-3.94789	0.000658718	-0.796164	
151	-1.41031	2174.44	1.04723	-4.04606	0.000651744	-1.00433	
152	-1.44552	2180.32	0.962273	-4.12806	0.000644497	-1.21268	
153	-1.47516	2176.94	0.87168	-4.1932	0.000637145	-1.42035	
154	-1.49903	2164.17	0.775845	-4.24089	0.000629842	-1.62643	
155	-1.51696	2141.9	0.675073	-4.27059	0.000622722	-1.83001	
156	-1.52884	2110.09	0.569499	-4.28189	0.000615873	-2.03017	
157	-1.53458	2068.71	0.459078	-4.27445	0.000609311	-2.22602	
158	-1.53413	2017.8	0.343667	-4.24804	0.000602962	-2.41664	
159	-1.52745	1957.44	0.223148	-4.20253	0.000596656	-2.60114	
160	-1.51453	1887.73	0.0975761	-4.13788	0.000590132	-2.77864	
161	-1.49536	1808.83	-0.0327286	-4.05412	0.000583064	-2.94828	
162	-1.46996	1720.93	-0.167155	-3.95141	0.000575092	-3.10921	
163	-1.43835	1624.24	-0.304874	-3.82995	0.000565857	-3.2606	
164	-1.40053	1519.04	-0.444979	-3.69003	0.000555034	-3.40166	
165	-1.35656	1405.62	-0.586665	-3.53201	0.000542338	-3.53161	
166	-1.30649	1284.32	-0.729371	-3.35634	0.00052753	-3.64973	
167	-1.25039	1155.51	-0.87286	-3.1635	0.000510393	-3.7553	
168	-1.18834	1019.6	-1.01718	-2.95407	0.000490711	-3.84767	
169	-1.12046	877.044	-1.16253	-2.72868	0.000468249	-3.92622	
170	-1.04689	728.327	-1.30905	-2.48805	0.000442742	-3.99038	
171	-0.967814	573.977	-1.45659	-2.23296	0.000413911	-4.03963	
172	-0.883443	414.555	-1.60454	-1.96425	0.000381486	-4.07351	
173	-0.794038	250.662	-1.75176	-1.68286	0.000345248	-4.09162	
174	-0.699906	82.9301	-1.89661	-1.38979	0.000305069	-4.0936	
175	-0.601402	-87.9785	-2.03714	-1.0861	0.000260934	-4.07919	
176	-0.498926	-261.373	-2.17129	-0.772953	0.000212944	-4.04816	
177	-0.392918	-436.539	-2.29721	-0.451549	0.000161305	-4.00039	
178	-0.283846	-612.744	-2.41341	-0.123174	0.000106279	-3.93579	
179	-0.172203	-789.236	-2.51888	0.210831	4.81443e-05	-3.85437	
180	-0.0584912	-965.257	-2.61308	0.549068	-1.28524e-05	-3.7562	
181	0.0567806	-1140.04	-2.6958	0.89009	-7.65186e-05	-3.64143	
182	0.173105	-1312.81	-2.76697	1.23241	-0.000142721	-3.51028	
183	0.28998	-1482.81	-2.82645	1.57453	-0.000211361	-3.36305	
184	0.406904	-1649.27	-2.87387	1.9149	-0.000282336	-3.20008	
185	0.523384	-1811.44	-2.90853	2.25198	-0.000355492	-3.02182	
186	0.638926	-1968.58	-2.92948	2.58426	-0.000430573	-2.82878	
187	0.753037	-2119.97	-2.9356	2.91021	-0.000507194	-2.62151	
188	0.865226	-2264.9	-2.92578	3.22833	-0.00058483	-2.40066	
189	0.974999	-2402.69	-2.89913	3.53716	-0.000662828	-2.16692	
190	1.08186	-2532.66	-2.8551	3.83527	-0.000740439	-1.92106	
191	1.18533	-2654.19	-2.79356	4.12128	-0.000816857	-1.6639	
192	1.28491	-2766.66	-2.7148	4.39385	-0.000891272	-1.39633	
193	1.38013	-2869.47	-2.61944	4.65168	-0.000962905	-1.11927	
194	1.4705	-2962.07	-2.50831	4.89352	-0.00103104	-0.833724	
195	1.55555	-3043.93	-2.38238	5.11818	-0.00109504	-0.540727	
196	1.63484	-3114.55	-2.24261	5.32452	-0.00115434	-0.241366	
197	1.7079	-3173.49	-2.08989	5.51145	-0.00120848	0.0632316	
198	1.77432	-3220.32	-1.92507	5.67793	-0.00125701	0.371899	
199	1.83367	-3254.67	-1.74892	5.82301	-0.00129958	0.683437	
200	1.88558	-3276.22	-1.56216	5.94578	-0.00133585	0.996617	
201	1.92967	-3284.69	-1.36553	6.04542	-0.00136554	1.31019	
202	1.96564	-3279.86	-1.15977	6.12118	-0.00138839	1.62287	
203	1.9932	-3261.58	-0.945663	6.1724	-0.00140423	1.93339	
204	2.01214	-3229.73	-0.72404	6.19852	-0.00141289	2.24045	
205	2.02226	-3184.27	-0.495767	6.19908	-0.00141426	2.54276	
206	2.02343	-3125.22	-0.261767	6.17373	-0.00140826	2.83903	
207	2.01557	-3052.66	-0.0230253	6.12222	-0.00139481	3.12798	
208	1.99865	-2966.71	0.219398	6.04443	-0.00137384	3.40833	
209	1.97264	-2867.59	0.464354	5.94036	-0.00134528	3.67886	
210	1.93761	-2755.56	0.710601	5.81014	-0.00130907	3.93834	
211	1.89361	-2630.92	0.956807	5.65401	-0.00126517	4.18557	
212	1.84077	-2494.07	1.20157	5.47236	-0.00121361	4.41943	
213	1.77922	-2345.41	1.44343	5.26567	-0.00115448	4.63878	
214	1.70913	-2185.43	1.68092	5.03456	-0.00108797	4.84258	
215	1.63074	-2014.67	1.91255	4.77976	-0.00101438	5.02981	
216	1.54426	-1833.69	2.13692	4.50209	-0.000934082	5.1995	
217	1.44997	-1643.12	2.35264	4.20249	-0.000847551	5.35077	
218	1.34818	-1443.62	2.55844	3.88199	-0.00075531	5.48278	
219	1.23922	-1235.9	2.75316	3.54172	-0.000657927	5.59476	
220	1.12345	-1020.71	2.93573	3.18288	-0.000556002	5.68602	
221	1.00127	-798.848	3.10523	2.80677	-0.000450166	5.75595	
222	0.873126	-571.134	3.26082	2.41474	-0.000341072	5.80401	
223	0.739486	-338.439	3.40177	2.00826	-0.000229405	5.82975	
224	0.600867	-101.669	3.52745	1.58884	-0.000115876	5.8328	
225	0.457819	138.233	3.63724	1.15808	-1.22402e-06	5.81289	
226	0.310928	380.294	3.73056	0.717646	0.000113793	5.76983	
227	0.160813	623.505	3.80684	0.26929	0.000228406	5.70355	
228	0.00811723	866.833	3.86553	-0.185171	0.000341845	5.61404	
229	-0.146488	1109.22	3.9061	-0.643846	0.000453353	5.50144	
230	-0.302316	1349.58	3.92808	-1.10478	0.000562191	5.36596	
231	-0.45866	1586.83	3.93114	-1.56594	0.000667654	5.20792	
232	-0.614806	1819.85	3.91508	-2.02525	0.000769078	5.02775	
233	-0.770028	2047.54	3.87987	-2.48059	0.000865852	4.82598	
234	-0.923594	2268.8	3.82566	-2.92977	0.00095742	4.60327	
235	-1.07476	2482.53	3.75278	-3.37061	0.00104329	4.36036	
236	-1.22279	2687.65	3.66163	-3.80088	0.00112302	4.09809	
237	-1.36693	2883.12	3.55266	-4.21838	0.00119623	3.81741	
238	-1.50641	3067.92	3.42628	-4.62091	0.00126259	3.51937	
239	-1.64048	3241.07	3.28281	-5.00631	0.0013218	3.20511	
240	-1.76835	3401.67	3.12248	-5.37249	0.00137357	2.87586	
241	-1.88927	3548.85	2.94541	-5.71741	0.00141767	2.53291	
242	-2.00245	3681.81	2.75171	-6.03914	0.00145384	2.17765	
243	-2.10715	3799.84	2.54148	-6.33585	0.00148188	1.81153	
244	-2.20263	3902.29	2.31501	-6.60586	0.00150158	1.43607	
245	-2.28821	3988.63	2.07276	-6.84763	0.00151277	1.05282	
246	-2.36324	4058.39	1.81551	-7.05976	0.00151533	0.663386	
247	-2.42711	4111.2	1.54433	-7.24106	0.00150916	0.269409	
248	-2.47933	4146.79	1.26062	-7.39052	0.00149426	-0.127453	
249	-2.51946	4164.99	0.966114	-7.5073	0.00147066	-0.525525	
250	-2.54715	4165.74	0.662775	-7.59081	0.00143851	-0.923129	
251	-2.56217	4149.04	0.352821	-7.64062	0.00139801	-1.31859	
252	-2.56437	4115.02	0.0386602	-7.65653	0.00134945	-1.71026	
253	-2.55373	4063.87	-0.277128	-7.63857	0.00129323	-2.09649	
254	-2.53034	3995.87	-0.591809	-7.58692	0.00122978	-2.47568	
255	-2.4944	3911.4	-0.902509	-7.502	0.00115963	-2.84627	
256	-2.44621	3810.87	-1.20623	-7.38437	0.00108336	-3.20672	
257	-2.38619	3694.78	-1.4999	-7.23478	0.00100162	-3.55557	
258	-2.31486	3563.68	-1.78043	-7.05413	0.000915153	-3.8914	
259	-2.23282	3418.15	-2.04478	-6.84344	0.000824766	-4.21286	
260	-2.14076	3258.83	-2.29015	-6.60387	0.000731358	-4.51866	
261	-2.03941	3086.4	-2.51402	-6.33665	0.0006359	-4.80757	
262	-1.92956	2901.57	-2.7144	-6.04312	0.00053942	-5.07844	
263	-1.81201	2705.05	-2.8899	-5.72466	0.000442966	-5.33021	
264	-1.68758	2497.62	-3.03987	-5.38273	0.000347565	-5.56186	
265	-1.55706	2280.06	-3.16444	-5.0188	0.000254181	-5.77249	
266	-1.42121	2053.19	-3.26449	-4.63442	0.000163668	-5.96124	
267	-1.28074	1817.83	-3.34161	-4.23113	7.67523e-05	-6.12738	
268	-1.13631	1574.85	-3.39789	-3.81051	-5.99146e-06	-6.27021	
269	-0.988532	1325.15	-3.43577	-3.37416	-8.41284e-05	-6.38917	
270	-0.837936	1069.66	-3.45776	-2.92373	-0.000157348	-6.48374	
271	-0.685022	809.319	-3.46626	-2.46087	-0.000225434	-6.55352	
272	-0.530245	545.13	-3.46338	-1.98729	-0.000288239	-6.5982	
273	-0.374038	278.106	-3.45079	-1.50473	-0.000345658	-6.61754	
274	-0.216825	9.2937	-3.4297	-1.01498	-0.00039761	-6.61143	
275	-0.0590388	-260.236	-3.40084	-0.51989	-0.000444041	-6.57981	
276	0.098867	-529.393	-3.3646	-0.0213501	-0.000484931	-6.52277	
277	0.256408	-797.071	-3.32108	0.478694	-0.000520307	-6.44045	
278	0.413061	-1062.16	-3.27022	0.97825	-0.000550264	-6.33312	
279	0.568267	-1323.55	-3.2119	1.47528	-0.000574984	-6.20114	
280	0.72143	-1580.15	-3.146	1.96773	-0.000594741	-6.04497	
281	0.871926	-1830.86	-3.07244	2.4535	-0.000609903	-5.86518	
282	1.01911	-2074.64	-2.99116	2.93051	-0.000620924	-5.66242	
283	1.16233	-2310.47	-2.90218	3.39669	-0.000628323	-5.43745	
284	1.30094	-2537.36	-2.80551	3.85	-0.000632665	-5.19114	
285	1.43431	-2754.39	-2.70122	4.28844	-0.000634532	-4.92441	
286	1.56182	-2960.69	-2.58945	4.7101	-0.000634505	-4.6383	
287	1.68293	-3155.42	-2.47041	5.11314	-0.000633148	-4.33393	
288	1.7971	-3337.83	-2.3445	5.49584	-0.000630994	-4.01247	
289	1.90388	-3507.21	-2.21231	5.85657	-0.000628546	-3.67519	
290	2.00288	-3662.93	-2.07461	6.19384	-0.000626279	-3.32339	
291	2.09378	-3804.4	-1.93242	6.5063	-0.000624645	-2.95845	
292	2.1763	-3931.1	-1.78689	6.79272	-0.000624079	-2.58177	
293	2.25026	-4042.56	-1.63924	7.05202	-0.000625004	-2.19481	
294	2.31552	-4138.4	-1.49068	7.28324	-0.000627823	-1.79906	
295	2.37199	-4218.24	-1.34223	7.48556	-0.000632909	-1.39602	
296	2.41962	-4281.8	-1.19461	7.65829	-0.000640589	-0.987246	
297	2.45838	-4328.83	-1.04817	7.80085	-0.000651112	-0.574293	
298	2.48825	-4359.14	-0.902752	7.91278	-0.000664623	-0.158741	
299	2.50922	-4372.61	-0.757729	7.99369	-0.000681132	0.257819	
300	2.52123	-4369.14	-0.612018	8.04334	-0.000700494	0.673785	
301	2.52424	-4348.71	-0.464194	8.06154	-0.000722391	1.08755	
302	2.51815	-4311.37	-0.312652	8.0482	-0.000746337	1.49751	
303	2.50287	-4257.2	-0.155804	8.00334	-0.000771692	1.90205	
304	2.47829	-4186.38	0.00771419	7.92705	-0.000797695	2.2996	
305	2.44429	-4099.12	0.178853	7.81952	-0.000823508	2.68858	
306	2.40081	-3995.75	0.358014	7.68105	-0.000848261	3.06745	
307	2.3478	-3876.62	0.544984	7.51206	-0.000871112	3.43471	
308	2.28531	-3742.19	0.738951	7.31306	-0.000891281	3.7889	
309	2.21343	-3592.97	0.938608	7.08471	-0.000908091	4.1286	
310	2.13238	-3429.56	1.1423	6.82779	-0.000920976	4.45246	
311	2.04243	-3252.61	1.34821	6.54323	-0.000929484	4.7592	
312	1.94395	-3062.85	1.55455	6.23208	-0.00093326	5.04759	
313	1.83739	-2861.04	1.75968	5.89556	-0.000932021	5.3165	
314	1.72323	-2648.02	1.9622	5.53499	-0.000925526	5.56488	
315	1.602	-2424.66	2.16099	5.15184	-0.000913553	5.79173	
316	1.47426	-2191.87	2.35512	4.74769	-0.000895876	5.99618	
317	1.34058	-1950.59	2.54384	4.32424	-0.000872257	6.17743	
318	1.20152	-1701.79	2.72642	3.88324	-0.00084245	6.33478	
319	1.05764	-1446.45	2.9021	3.42654	-0.000806206	6.46763	
320	0.909495	-1185.57	3.07004	2.95606	-0.00076329	6.57547	
321	0.757626	-920.166	3.22923	2.47371	-0.0007135	6.65789	
322	0.602578	-651.246	3.37857	1.98147	-0.000656686	6.71458	
323	0.444892	-379.837	3.5168	1.48131	-0.000592777	6.74533	
324	0.285113	-106.967	3.64256	0.975206	-0.000521801	6.75002	
325	0.123796	166.333	3.75443	0.465129	-0.000443914	6.72863	
326	-0.0384933	439.029	3.85092	-0.0469641	-0.000359421	6.68125	
327	-0.201172	710.087	3.93056	-0.559128	-0.000268798	6.60804	
328	-0.36364	978.472	3.9919	-1.06943	-0.000172692	6.50927	
329	-0.525279	1243.15	4.03367	-1.57597	-7.19163e-05	6.38532	
330	-0.685454	1503.11	4.0548	-2.07683	3.25756e-05	6.23665	
331	-0.843514	1757.31	4.05455	-2.57014	0.000139739	6.06381	
332	-0.998797	2004.76	4.0326	-3.05402	0.000248492	5.86747	
333	-1.15064	2244.48	3.98907	-3.52662	0.000357778	5.64839	
334	-1.29837	2475.5	3.92448	-3.9861	0.000466625	5.4074	
335	-1.44134	2696.88	3.83967	-4.43066	0.000574176	5.14545	
336	-1.57891	2907.73	3.73568	-4.8585	0.000679716	4.86356	
337	-1.71046	3107.18	3.61352	-5.26788	0.000782654	4.56285	
338	-1.83541	3294.44	3.47408	-5.65712	0.000882497	4.24449	
339	-1.95318	3468.75	3.31797	-6.02458	0.000978803	3.90974	
340	-2.06325	3629.4	3.14558	-6.36872	0.00107114	3.55993	
341	-2.16515	3775.77	2.95707	-6.68808	0.00115902	3.19643	
342	-2.25841	3907.28	2.75256	-6.98129	0.00124192	2.82067	
343	-2.34263	4023.43	2.53228	-7.24714	0.00131922	2.43413	
344	-2.41746	4123.79	2.29671	-7.48451	0.00139027	2.03833	
345	-2.48259	4207.99	2.0467	-7.69243	0.00145437	1.63482	
346	-2.53777	4275.73	1.78346	-7.87007	0.00151082	1.22517	
347	-2.58278	4326.78	1.50854	-8.01674	0.00155895	0.810993	
348	-2.61748	4360.97	1.22363	-8.1319	0.00159814	0.393895	
349	-2.64174	4378.2	0.930467	-8.21515	0.00162783	-0.0245	
350	-2.6555	4378.42	0.630722	-8.26623	0.00164752	-0.442565	
351	-2.65872	4361.64	0.325939	-8.28501	0.00165679	-0.858676	
352	-2.65139	4327.93	0.0175867	-8.27148	0.00165527	-1.27122	
353	-2.63354	4277.43	-0.292833	-8.22576	0.00164269	-1.67859	
354	-2.60522	4210.31	-0.603649	-8.14807	0.00161886	-2.0792	
355	-2.5665	4126.84	-0.912904	-8.03874	0.00158372	-2.4715	
356	-2.51749	4027.3	-1.21831	-7.89819	0.00153735	-2.85396	
357	-2.45833	3912.08	-1.51729	-7.72696	0.00148004	-3.22508	
358	-2.38918	3781.58	-1.80715	-7.52567	0.00141225	-3.58342	
359	-2.31029	3636.31	-2.08528	-7.29503	0.00133467	-3.92756	
360	-2.22191	3476.81	-2.34941	-7.03588	0.00124814	-4.25615	
361	-2.12439	3303.69	-2.59777	-6.74913	0.00115365	-4.5679	
362	-2.0181	3117.62	-2.82917	-6.43581	0.00105227	-4.86159	
363	-1.90348	2919.34	-3.04301	-6.09708	0.000945079	-5.13606	
364	-1.78103	2709.63	-3.23903	-5.73419	0.00083314	-5.39023	
365	-1.65126	2489.33	-3.41719	-5.34851	0.000717442	-5.62312	
366	-1.51476	2259.33	-3.57736	-4.94153	0.000598911	-5.8338	
367	-1.37213	2020.55	-3.71915	-4.51482	0.000478423	-6.02148	
368	-1.224	1773.95	-3.8419	-4.07008	0.000356832	-6.18541	
369	-1.07105	1520.54	-3.94466	-3.60909	0.000235006	-6.32499	
370	-0.913941	1261.33	-4.0264	-3.1337	0.000113845	-6.43966	
371	-0.753377	997.357	-4.08627	-2.64584	-5.71973e-06	-6.52901	
372	-0.590051	729.664	-4.12379	-2.14748	-0.000122751	-6.59271	
373	-0.424655	459.312	-4.13901	-1.64065	-0.000236345	-6.63052	
374	-0.25787	187.358	-4.1326	-1.1274	-0.00034568	-6.64231	
375	-0.0903641	-85.1371	-4.10573	-0.609783	-0.000450058	-6.62806	
376	0.0772157	-357.119	-4.0599	-0.0898735	-0.000548916	-6.58784	
377	0.244237	-627.538	-3.99672	0.43027	-0.000641823	-6.52183	
378	0.410082	-895.356	-3.91764	0.948603	-0.000728449	-6.43028	
379	0.574141	-1159.54	-3.82381	1.46311	-0.000808516	-6.31359	
380	0.735808	-1419.09	-3.71604	1.97181	-0.000881758	-6.1722	
381	0.894479	-1672.98	-3.59481	2.47275	-0.000947884	-6.00669	
382	1.04955	-1920.26	-3.46051	2.96403	-0.00100658	-5.8177	
383	1.20041	-2159.95	-3.31353	3.44379	-0.00105751	-5.60598	
384	1.34646	-2391.11	-3.15452	3.91022	-0.00110038	-5.37238	
385	1.48711	-2612.85	-2.98447	4.36154	-0.00113497	-5.1178	
386	1.62178	-2824.29	-2.80472	4.79604	-0.00116118	-4.84326	
387	1.74994	-3024.57	-2.61693	5.21205	-0.00117911	-4.54984	
388	1.87104	-3212.9	-2.42288	5.60793	-0.00118899	-4.2387	
389	1.98461	-3388.52	-2.22434	5.98215	-0.00119126	-3.91109	
390	2.0902	-3550.73	-2.02289	6.33319	-0.00118649	-3.56828	
391	2.18738	-3698.86	-1.8198	6.65964	-0.00117535	-3.21166	
392	2.2758	-3832.32	-1.61605	6.96016	-0.00115854	-2.84263	
393	2.3551	-3950.57	-1.41227	7.2335	-0.00113681	-2.46266	
394	2.42501	-4053.16	-1.20889	7.47852	-0.00111086	-2.07326	
395	2.48527	-4139.68	-1.00615	7.6942	-0.00108133	-1.67596	
396	2.53568	-4209.79	-0.804218	7.87962	-0.00104882	-1.27234	
397	2.57607	-4263.25	-0.603246	8.03403	-0.00101388	-0.864008	
398	2.60634	-4299.85	-0.403368	8.15678	-0.000977002	-0.452564	
399	2.62642	-4319.49	-0.204728	8.24738	-0.000938616	-0.0396352	
400	2.63627	-4322.1	-0.00749021	8.30549	-0.000899106	0.37315	
401	2.6359	-4307.71	0.188144	8.33092	-0.000858798	0.784167	
402	2.62535	-4276.38	0.381903	8.32359	-0.000817962	1.1918	
403	2.60469	-4228.28	0.573403	8.2836	-0.00077681	1.59445	
404	2.57403	-4163.59	0.762116	8.21115	-0.000735511	1.99052	
405	2.53348	-4082.58	0.947358	8.1066	-0.000694213	2.37848	
406	2.4832	-3985.58	1.12831	7.9704	-0.000653062	2.75679	
407	2.42337	-3872.95	1.30409	7.80314	-0.000612232	3.12396	
408	2.3542	-3745.14	1.4738	7.6055	-0.000571938	3.47856	
409	2.27596	-3602.64	1.6367	7.37828	-0.000532436	3.81919	
410	2.18893	-3445.99	1.79219	7.12237	-0.000494013	4.1445	
411	2.09344	-3275.8	1.93994	6.83876	-0.000456955	4.45321	
412	1.98984	-3092.71	2.07985	6.52852	-0.000421519	4.74411	
413	1.87854	-2897.44	2.21204	6.19283	-0.000387899	5.01604	
414	1.75996	-2690.75	2.33672	5.83297	-0.000356202	5.26794	
415	1.63456	-2473.45	2.45415	5.45029	-0.000326446	5.49881	
416	1.50284	-2246.39	2.56455	5.04624	-0.000298563	5.70773	
417	1.36532	-2010.49	2.66802	4.62237	-0.000272413	5.8939	
418	1.22255	-1766.67	2.76456	4.1803	-0.000247804	6.05657	
419	1.0751	-1515.93	2.85409	3.72175	-0.000224499	6.19511	
420	0.923547	-1259.26	2.9365	3.24851	-0.000202225	6.30899	
421	0.768511	-997.702	3.01172	2.76244	-0.00018067	6.39776	
422	0.610602	-732.308	3.07976	2.2655	-0.000159471	6.46109	
423	0.450438	-464.143	3.14071	1.75965	-0.000138216	6.49873	
424	0.288638	-194.281	3.19474	1.24695	-0.000116435	6.51056	
425	0.125818	76.202	3.24203	0.729452	-9.36174e-05	6.49654	
426	-0.0374106	346.232	3.28269	0.209257	-6.92271e-05	6.45674	
427	-0.200442	614.745	3.31666	-0.31154	-4.27306e-05	6.39135	
428	-0.362676	880.685	3.34366	-0.830846	-1.36279e-05	6.30062	
429	-0.523521	1143.01	3.36313	-1.34659	1.85173e-05	6.18495	
430	-0.682387	1400.71	3.37428	-1.85672	5.4051e-05	6.0448	
431	-0.838692	1652.77	3.37612	-2.35923	9.3209e-05	5.88074	
432	-0.991856	1898.22	3.36754	-2.85217	0.000136104	5.69342	
433	-1.1413	2136.11	3.34743	-3.33362	0.000182725	5.4836	
434	-1.28647	2365.51	3.31475	-3.80175	0.000232937	5.25211	
435	-1.42678	2585.53	3.26864	-4.25475	0.000286498	4.99988	
436	-1.56169	2795.3	3.20847	-4.6909	0.000343072	4.7279	
437	-1.69065	2994.01	3.13383	-5.10855	0.00040225	4.43726	
438	-1.81315	3180.87	3.04459	-5.50611	0.000463573	4.12911	
439	-1.92867	3355.12	2.94082	-5.88204	0.000526545	3.80468	
440	-2.03676	3516.07	2.82277	-6.23489	0.000590654	3.46525	
441	-2.13696	3663.07	2.6908	-6.56329	0.000655376	3.11217	
442	-2.22886	3795.52	2.54536	-6.86594	0.000720191	2.74685	
443	-2.31209	3912.89	2.38695	-7.14163	0.000784578	2.37073	
444	-2.38631	4014.69	2.21605	-7.38925	0.000848027	1.98532	
445	-2.45122	4100.51	2.03317	-7.60778	0.000910034	1.59214	
446	-2.50656	4170.01	1.83881	-7.79631	0.0009701	1.19275	
447	-2.55209	4222.91	1.6335	-7.95407	0.00102772	0.788758	
448	-2.58765	4259	1.41779	-8.08038	0.0010824	0.381753	
449	-2.61306	4278.14	1.19227	-8.17472	0.0011336	-0.0266423	
450	-2.62823	4280.28	0.957623	-8.2367	0.00118077	-0.434806	
451	-2.63308	4265.42	0.714601	-8.26607	0.00122334	-0.841117	
452	-2.62758	4233.64	0.464073	-8.26271	0.00126071	-1.24397	
453	-2.61174	4185.07	0.207027	-8.22667	0.00129227	-1.64176	
454	-2.58561	4119.93	-0.0554113	-8.15811	0.00131743	-2.03292	
455	-2.54927	4038.49	-0.321978	-8.05735	0.00133566	-2.4159	
456	-2.50287	3941.09	-0.59127	-7.92485	0.00134646	-2.78919	
457	-2.44657	3828.11	-0.861768	-7.76117	0.00134945	-3.15133	
458	-2.38058	3700	-1.13186	-7.56702	0.00134433	-3.50087	
459	-2.30515	3557.28	-1.39989	-7.34321	0.00133088	-3.83644	
460	-2.22057	3400.49	-1.66419	-7.09066	0.00130897	-4.15673	
461	-2.12714	3230.26	-1.92313	-6.81041	0.00127856	-4.46045	
462	-2.02523	3047.24	-2.17515	-6.50356	0.00123966	-4.74642	
463	-1.91521	2852.14	-2.41875	-6.17134	0.00119237	-5.0135	
464	-1.79751	2645.73	-2.6525	-5.81504	0.00113683	-5.26064	
465	-1.67259	2428.8	-2.875	-5.43604	0.00107331	-5.48684	
466	-1.54091	2202.22	-3.08488	-5.03582	0.00100215	-5.69122	
467	-1.40301	1966.86	-3.28079	-4.61591	0.000923783	-5.87296	
468	-1.25942	1723.66	-3.4614	-4.17792	0.000838758	-6.03134	
469	-1.11073	1473.59	-3.62548	-3.72356	0.000747688	-6.16573	
470	-0.95752	1217.63	-3.77196	-3.25457	0.000651245	-6.27558	
471	-0.800424	956.823	-3.89997	-2.77278	0.000550123	-6.36047	
472	-0.640077	692.203	-4.00896	-2.28008	0.000445009	-6.42005	
473	-0.477131	424.834	-4.09869	-1.77842	0.000336558	-6.45409	
474	-0.312247	155.791	-4.1692	-1.26977	0.000225384	-6.46245	
475	-0.146091	-113.846	-4.22078	-0.756179	0.000112053	-6.44511	
476	0.0206694	-382.998	-4.25381	-0.239693	-2.89926e-06	-6.40212	
477	0.187371	-650.587	-4.26866	0.277608	-0.000118943	-6.33367	
478	0.35335	-915.549	-4.26554	0.79364	-0.000235527	-6.24004	
479	0.517952	-1176.83	-4.24445	1.30633	-0.000352055	-6.12159	
480	0.680525	-1433.4	-4.20513	1.8136	-0.000467858	-5.97881	
481	0.840423	-1684.25	-4.1471	2.31344	-0.000582189	-5.81226	
482	0.99701	-1928.39	-4.06977	2.80385	-0.000694228	-5.62261	
483	1.14966	-2164.87	-3.97258	3.28288	-0.00080309	-5.4106	
484	1.29776	-2392.76	-3.85514	3.74866	-0.000907854	-5.17708	
485	1.4407	-2611.19	-3.71736	4.19935	-0.00100759	-4.92298	
486	1.57792	-2819.28	-3.55953	4.63322	-0.00110138	-4.6493	
487	1.70885	-3016.23	-3.38238	5.04859	-0.00118837	-4.35712	
488	1.83297	-3201.27	-3.18702	5.44385	-0.00126774	-4.04759	
489	1.94976	-3373.66	-2.97493	5.8175	-0.00133878	-3.72194	
490	2.05875	-3532.73	-2.74783	6.16811	-0.00140084	-3.38145	
491	2.1595	-3677.84	-2.5076	6.49431	-0.0014534	-3.02747	
492	2.25159	-3808.39	-2.25618	6.79486	-0.00149603	-2.6614	
493	2.33466	-3923.88	-1.99552	7.06858	-0.00152841	-2.28469	
494	2.40835	-4023.82	-1.72753	7.3144	-0.00155036	-1.89883	
495	2.47237	-4107.8	-1.45405	7.53135	-0.00156183	-1.50534	
496	2.52646	-4175.48	-1.17684	7.71856	-0.0015629	-1.10579	
497	2.5704	-4226.58	-0.897617	7.87525	-0.00155376	-0.70176	
498	2.60403	-4260.88	-0.617999	8.0008	-0.00153476	-0.294855	
499	2.62721	-4278.24	-0.339557	8.09466	-0.00150635	0.11331	
500	2.63986	-4278.6	-0.0637835	8.15644	-0.00146904	0.521115	
501	2.64194	-4261.95	0.207911	8.18587	-0.00142346	0.926941	
502	2.63345	-4228.37	0.474221	8.1828	-0.00137028	1.32918	
503	2.61445	-4177.98	0.733959	8.14723	-0.00131021	1.72623	
504	2.58503	-4111.01	0.986078	8.07931	-0.00124399	2.11652	
505	2.54532	-4027.74	1.22968	7.97931	-0.00117238	2.4985	
506	2.49551	-3928.49	1.46401	7.84765	-0.00109613	2.87066	
507	2.43583	-3813.69	1.68846	7.68487	-0.001016	3.23152	
508	2.36652	-3683.78	1.90256	7.49166	-0.000932727	3.57966	
509	2.2879	-3539.3	2.10589	7.26883	-0.000847004	3.9137	
510	2.20028	-3380.81	2.29809	7.01729	-0.000759498	4.23231	
511	2.10404	-3208.94	2.47879	6.73809	-0.000670834	4.53423	
512	1.99956	-3024.36	2.64755	6.43237	-0.000581603	4.81827	
513	1.88727	-2827.8	2.80389	6.10135	-0.000492367	5.08331	
514	1.7676	-2620.03	2.94725	5.74638	-0.000403673	5.32829	
515	1.64104	-2401.85	3.07701	5.36885	-0.000316059	5.55223	
516	1.50808	-2174.11	3.19259	4.97026	-0.00023006	5.75425	
517	1.36926	-1937.71	3.29345	4.55217	-0.000146204	5.93355	
518	1.22511	-1693.56	3.37923	4.11619	-6.50027e-05	6.0894	
519	1.07622	-1442.63	3.44975	3.66403	1.30634e-05	6.22118	
520	0.923174	-1185.89	3.50509	3.19743	8.75666e-05	6.32837	
521	0.766583	-924.379	3.54555	2.71822	0.000158148	6.41053	
522	0.60707	-659.115	3.57167	2.22824	0.00022453	6.46732	
523	0.445269	-391.16	3.58411	1.72942	0.000286521	6.49852	
524	0.281823	-121.58	3.58365	1.2237	0.000344016	6.50399	
525	0.117382	148.546	3.57101	0.713094	0.000396985	6.4837	
526	-0.0474022	418.14	3.5469	0.199613	0.000445466	6.43773	
527	-0.211875	686.122	3.51189	-0.314696	0.000489549	6.36625	
528	-0.375386	951.422	3.46645	-0.827776	0.000529376	6.26954	
529	-0.537289	1212.98	3.41095	-1.33757	0.000565129	6.14797	
530	-0.696948	1469.76	3.3457	-1.84202	0.000597029	6.00203	
531	-0.853739	1720.74	3.27099	-2.3391	0.000625334	5.83229	
532	-1.00706	1964.93	3.18709	-2.82682	0.00065033	5.63941	
533	-1.15632	2201.36	3.09431	-3.30321	0.000672324	5.42416	
534	-1.30095	2429.11	2.99299	-3.76638	0.000691628	5.18739	
535	-1.44041	2647.29	2.88345	-4.21447	0.000708547	4.93003	
536	-1.57417	2855.03	2.76601	-4.64571	0.000723359	4.65309	
537	-1.70174	3051.54	2.64092	-5.05841	0.000736311	4.35767	
538	-1.82262	3236.04	2.50837	-5.45094	0.000747608	4.04493	
539	-1.93635	3407.81	2.36852	-5.82179	0.000757419	3.71609	
540	-2.04249	3566.17	2.2215	-6.16951	0.000765881	3.37246	
541	-2.14062	3710.51	2.06745	-6.49276	0.000773111	3.01538	
542	-2.23034	3840.25	1.9066	-6.79029	0.000779213	2.64626	
543	-2.3113	3954.88	1.7393	-7.06096	0.000784289	2.26656	
544	-2.38315	4053.93	1.56606	-7.30372	0.000788445	1.87775	
545	-2.44563	4137	1.38754	-7.51763	0.000791791	1.48139	
546	-2.49846	4203.76	1.20455	-7.70185	0.00079444	1.07902	
547	-2.54146	4253.92	1.01803	-7.85566	0.000796514	0.672241	
548	-2.57445	4287.28	0.828966	-7.97843	0.000798133	0.262654	
549	-2.59733	4303.69	0.638335	-8.06966	0.000799421	-0.148121	
550	-2.61	4303.08	0.447062	-8.12897	0.000800501	-0.55846	
551	-2.61245	4285.44	0.25595	-8.15609	0.000801486	-0.966739	
552	-2.60468	4250.84	0.0656426	-8.15089	0.000802475	-1.37134	
553	-2.58672	4199.41	-0.123412	-8.11336	0.000803538	-1.77067	
554	-2.55866	4131.36	-0.310977	-8.04362	0.000804702	-2.16315	
555	-2.52062	4046.96	-0.497029	-7.94193	0.000805935	-2.54721	
556	-2.47274	3946.55	-0.681742	-7.80868	0.000807132	-2.92136	
557	-2.41521	3830.53	-0.865449	-7.64439	0.000808103	-3.28409	
558	-2.34825	3699.38	-1.04857	-7.44973	0.000808567	-3.63399	
559	-2.27212	3553.62	-1.23155	-7.22549	0.000808156	-3.96968	
560	-2.18711	3393.83	-1.41471	-6.97256	0.000806422	-4.28982	
561	-2.09353	3220.65	-1.5982	-6.69198	0.000802857	-4.59315	
562	-1.99173	3034.75	-1.78185	-6.38489	0.000796914	-4.87848	
563	-1.8821	2836.88	-1.96515	-6.05253	0.000788035	-5.14468	
564	-1.76506	2627.82	-2.14722	-5.69626	0.000775682	-5.39069	
565	-1.64104	2408.37	-2.32682	-5.31749	0.000759361	-5.61555	
566	-1.51053	2179.4	-2.50248	-4.91773	0.000738644	-5.81837	
567	-1.37403	1941.8	-2.67257	-4.49858	0.000713191	-5.99834	
568	-1.23208	1696.5	-2.83548	-4.06168	0.00068275	-6.15474	
569	-1.08522	1444.45	-2.98972	-3.60875	0.000647159	-6.28696	
570	-0.934039	1186.64	-3.134	-3.14156	0.000606345	-6.39446	
571	-0.779125	924.079	-3.26729	-2.66193	0.000560306	-6.47682	
572	-0.621083	657.798	-3.38879	-2.17173	0.000509105	-6.5337	
573	-0.460529	388.842	-3.49788	-1.67286	0.000452863	-6.56488	
574	-0.298086	118.275	-3.59404	-1.16729	0.000391747	-6.5702	
575	-0.134381	-152.833	-3.67677	-0.65697	0.000325973	-6.54966	
576	0.0299492	-423.408	-3.74555	-0.143921	0.000255808	-6.50332	
577	0.194266	-692.375	-3.79978	0.369842	0.000181564	-6.43135	
578	0.357925	-958.665	-3.83884	0.882286	0.000103606	-6.33403	
579	0.520281	-1221.22	-3.86211	1.39138	2.23461e-05	-6.21175	
580	0.680689	-1478.99	-3.86908	1.89509	-6.17666e-05	-6.06496	
581	0.838508	-1730.96	-3.85936	2.39141	-0.000148252	-5.89425	
582	0.993108	-1976.12	-3.83273	2.87836	-0.00023661	-5.70029	
583	1.14387	-2213.51	-3.78914	3.35397	-0.000326332	-5.48384	
584	1.29019	-2442.2	-3.72868	3.81634	-0.0004169	-5.24575	
585	1.43149	-2661.26	-3.65149	4.26362	-0.000507789	-4.98695	
586	1.5672	-2869.86	-3.55777	4.69402	-0.000598457	-4.70847	
587	1.6968	-3067.17	-3.44764	5.10582	-0.00068834	-4.4114	
588	1.81975	-3252.42	-3.32123	5.49739	-0.000776837	-4.0969	
589	1.93558	-3424.88	-3.17862	5.86717	-0.000863314	-3.76622	
590	2.04383	-3583.9	-3.01993	6.21372	-0.000947101	-3.42066	
591	2.14404	-3728.83	-2.84535	6.53567	-0.0010275	-3.06156	
592	2.23583	-3859.13	-2.65524	6.83178	-0.00110382	-2.69035	
593	2.3188	-3974.28	-2.45014	7.1009	-0.00117535	-2.30848	
594	2.39263	-4073.82	-2.23083	7.34198	-0.00124142	-1.91745	
595	2.45701	-4157.36	-1.99828	7.55411	-0.00130139	-1.5188	
596	2.51168	-4224.58	-1.75371	7.73645	-0.00135467	-1.1141	
597	2.5564	-4275.19	-1.49848	7.88831	-0.00140073	-0.704931	
598	2.59099	-4308.99	-1.23412	8.0091	-0.00143908	-0.292908	
599	2.61531	-4325.84	-0.962269	8.09833	-0.0014693	0.120348	
