0	0	0.00471729	0	-1.86652e-06	0	5.15478e-20	
1	0	0.00471729	0	-1.86652e-06	0	5.15478e-20	
2	4.53704e-28	0.0278715	-3.1605e-25	-1.28534e-05	2.1285e-23	4.84762e-19	
3	4.53704e-28	0.0637292	-3.1605e-25	-2.70415e-05	-9.89909e-24	3.07372e-07	
4	2.03706e-19	0.157772	1.44672e-10	-7.49559e-05	3.17621e-22	6.13762e-07	
5	3.87014e-18	0.405097	1.44672e-10	-0.000186691	-5.02221e-17	3.04163e-06	
6	9.25156e-18	0.758203	5.0196e-09	-0.000372988	-1.00282e-16	5.45978e-06	
7	4.86994e-13	1.65768	5.15399e-09	-0.000837851	-2.85482e-15	1.56009e-05	
8	9.72434e-13	2.71646	6.68208e-08	-0.00143767	-5.60023e-15	2.56922e-05	
9	2.07408e-11	5.07143	7.09928e-08	-0.00282137	-5.94348e-14	5.60309e-05	
10	4.04428e-11	7.63558	5.37195e-07	-0.00441727	-1.13079e-13	8.61904e-05	
11	3.37319e-10	12.6707	5.93573e-07	-0.00775009	-7.16801e-13	0.000159718	
12	6.33117e-10	17.9488	3.10755e-06	-0.0113812	-1.31823e-12	0.000232735	
13	3.28999e-09	27.3218	3.58329e-06	-0.0183074	-5.99384e-12	0.000386668	
14	5.93635e-09	36.9403	1.42007e-05	-0.0256127	-1.06503e-11	0.000539364	
15	2.28447e-08	52.703	1.71114e-05	-0.0385115	-3.82266e-11	0.000828523	
16	3.968e-08	68.6649	5.43347e-05	-0.0518445	-6.56807e-11	0.00111503	
17	1.23511e-07	93.173	6.83403e-05	-0.0739015	-1.97203e-10	0.00161446	
18	2.06948e-07	117.767	0.000181074	-0.0963944	-3.28095e-10	0.00210872	
19	5.49191e-07	153.544	0.000236837	-0.131604	-8.56228e-10	0.0029151	
20	8.89678e-07	189.208	0.00054044	-0.167164	-1.38162e-09	0.00371216	
21	2.08346e-06	238.771	0.000730609	-0.220248	-3.21925e-09	0.00494378	
22	3.27058e-06	287.918	0.00147366	-0.273474	-5.04658e-09	0.00615961	
23	6.92276e-06	353.58	0.00204309	-0.349714	-1.07067e-08	0.00795461	
24	1.05528e-05	418.404	0.00372328	-0.42572	-1.63326e-08	0.00972418	
25	2.05446e-05	502.059	0.00524825	-0.530698	-3.20207e-08	0.0122369	
26	3.04707e-05	584.327	0.00880219	-0.634858	-4.76065e-08	0.0147106	
27	5.52811e-05	687.248	0.012507	-0.774122	-8.72419e-08	0.0181064	
28	7.99148e-05	788.096	0.0196031	-0.911733	-1.26598e-07	0.0214443	
29	0.000136481	910.749	0.027859	-1.0904	-2.18819e-07	0.0258925	
30	0.00019261	1030.51	0.0413194	-1.26629	-3.10341e-07	0.0302578	
31	0.000312125	1172.4	0.0583436	-1.48859	-5.09608e-07	0.0359233	
32	0.00043064	1310.45	0.0827026	-1.70669	-7.07246e-07	0.0414739	
33	0.000666397	1470.04	0.115417	-1.97556	-1.10985e-06	0.0485085	
34	0.000900019	1624.72	0.157584	-2.23848	-1.50891e-06	0.0553879	
35	0.00133687	1799.36	0.2165	-2.55511	-2.27384e-06	0.0639205	
36	0.00176943	1967.93	0.28643	-2.8637	-3.0315e-06	0.0722488	
37	0.00253361	2153.92	0.386321	-3.2272	-4.40468e-06	0.0823766	
38	0.00328965	2332.61	0.497509	-3.58025	-5.76379e-06	0.0922411	
39	0.00455689	2525.25	0.657537	-3.98736	-8.10221e-06	0.104021	
40	0.00580942	2709.33	0.827076	-4.38131	-1.04147e-05	0.115469	
41	0.00780841	2903.12	1.07	-4.82624	-1.4205e-05	0.128911	
42	0.00978202	3087.09	1.3179	-5.25509	-1.79499e-05	0.141941	
43	0.01279	3275.91	1.66804	-5.72954	-2.38141e-05	0.157004	
44	0.0157561	3453.71	2.01554	-6.1848	-2.96021e-05	0.171565	
45	0.020084	3631.09	2.49541	-6.67808	-3.82834e-05	0.188152	
46	0.024345	3796.33	2.96208	-7.14895	-4.68422e-05	0.204136	
47	0.0303103	3955.76	3.58781	-7.64828	-5.91646e-05	0.222098	
48	0.0361723	4102.04	4.18767	-8.12198	-7.12978e-05	0.239348	
49	0.0440607	4237.23	4.96385	-8.61292	-8.80978e-05	0.258483	
50	0.0517942	4358.44	5.70075	-9.07508	-0.000104616	0.276789	
51	0.0618133	4463.65	6.61557	-9.54212	-0.00012665	0.296854	
52	0.0716059	4554.23	7.47876	-9.97739	-0.00014828	0.315967	
53	0.0838381	4624.53	8.50056	-10.4046	-0.000176117	0.336683	
54	0.0957458	4679.77	9.46131	-10.7973	-0.000203392	0.356318	
55	0.110107	4711.26	10.5378	-11.1689	-0.000237311	0.377386	
56	0.124012	4727.5	11.5482	-11.5037	-0.000270473	0.39724	
57	0.140227	4717.5	12.609	-11.8051	-0.00031038	0.418352	
58	0.155812	4692.33	13.6038	-12.0678	-0.000349296	0.438119	
59	0.173413	4639.48	14.5666	-12.2859	-0.000394687	0.458976	
60	0.190159	4571.8	15.4682	-12.4641	-0.000438818	0.478358	
61	0.208512	4476.12	16.2475	-12.5883	-0.000488795	0.498687	
62	0.225727	4366.21	16.9743	-12.6717	-0.000537214	0.517416	
63	0.244082	4229.02	17.4929	-12.6941	-0.000590572	0.536982	
64	0.260964	4078.48	17.9688	-12.6757	-0.000642048	0.554831	
65	0.27853	3902.39	18.1673	-12.5916	-0.00069741	0.573453	
66	0.294253	3714.03	18.3324	-12.4671	-0.00075055	0.590249	
67	0.310282	3502.7	18.1778	-12.2751	-0.000806539	0.607805	
68	0.324099	3280.42	17.9964	-12.0441	-0.000859958	0.623442	
69	0.337967	3038.41	17.4856	-11.7463	-0.000915376	0.639874	
70	0.349319	2786.96	16.9509	-11.4113	-0.000967876	0.654306	
71	0.360584	2519.48	16.1097	-11.0131	-0.00102185	0.669617	
72	0.369189	2244.24	15.2441	-10.5802	-0.00107257	0.68286	
73	0.377628	1956.95	14.1213	-10.0899	-0.00112464	0.697099	
74	0.383532	1663.7	12.9713	-9.56806	-0.00117313	0.709217	
75	0.389136	1362.43	11.6294	-8.99666	-0.00122326	0.722465	
76	0.392709	1057.08	10.2576	-8.39739	-0.00126948	0.733546	
77	0.395645	747.627	8.76247	-7.75804	-0.00131797	0.74589	
78	0.397506	436.033	7.23703	-7.09486	-0.00136225	0.756025	
79	0.398052	123.977	5.64828	-6.40223	-0.00140957	0.767531	
80	0.39893	-188.281	4.03314	-5.69011	-0.00145237	0.776782	
81	0.397388	-497.758	2.3983	-4.95981	-0.00149898	0.787466	
82	0.397928	-805.518	0.746045	-4.21457	-0.00154077	0.795839	
83	0.394543	-1107.74	-0.901366	-3.46251	-0.00158685	0.805643	
84	0.395089	-1406.38	-2.55267	-2.70017	-0.00162783	0.813063	
85	0.389978	-1697.25	-4.19081	-1.94196	-0.00167316	0.821841	
86	0.390383	-1982.75	-5.81653	-1.17815	-0.0017131	0.828138	
87	0.383492	-2258.78	-7.43013	-0.428579	-0.00175688	0.835645	
88	0.38301	-2527.75	-9.01474	0.322001	-0.00179498	0.840554	
89	0.37411	-2786.07	-10.5893	1.04944	-0.0018358	0.84646	
90	0.371409	-3035.73	-12.1205	1.77345	-0.00187067	0.849633	
91	0.360122	-3274.02	-13.6378	2.46692	-0.00190656	0.85354	
92	0.353458	-3502.17	-15.1016	3.1527	-0.00193628	0.854577	
93	0.33932	-3718.59	-16.5382	3.80222	-0.00196482	0.85606	
94	0.326844	-3923.5	-17.9156	4.44004	-0.00198702	0.854545	
95	0.309393	-4116.61	-19.2445	5.03758	-0.00200556	0.853196	
96	0.289556	-4296.96	-20.5124	5.61966	-0.00201765	0.848753	
97	0.26842	-4465.64	-21.7071	6.15909	-0.00202349	0.844228	
98	0.24038	-4620.42	-22.841	6.67961	-0.00202285	0.836563	
99	0.215361	-4763.73	-23.8805	7.15655	-0.00201345	0.82863	
100	0.179291	-4892.11	-24.8589	7.61144	-0.00199765	0.817583	
101	0.150435	-5009.25	-25.731	8.02302	-0.00197083	0.806156	
102	0.107635	-5110.57	-26.5392	8.40973	-0.0019378	0.791722	
103	0.0752608	-5200.79	-27.2404	8.7543	-0.00189191	0.776882	
104	0.0280371	-5274.46	-27.872	9.07153	-0.0018401	0.759225	
105	-0.00726769	-5337.05	-28.405	9.34831	-0.00177406	0.741216	
106	-0.0559642	-5382.5	-28.8595	9.59568	-0.00170253	0.720657	
107	-0.0933803	-5416.76	-29.2269	9.80452	-0.00161599	0.699864	
108	-0.140461	-5433.49	-29.5056	9.98225	-0.00152448	0.676845	
109	-0.17901	-5438.76	-29.7028	10.1233	-0.0014178	0.653757	
110	-0.221794	-5426.31	-29.8024	10.232	-0.00130678	0.628793	
111	-0.260429	-5402	-29.8134	10.3056	-0.00118105	0.603944	
112	-0.297093	-5360.01	-29.7211	10.3459	-0.00105172	0.577562	
113	-0.334797	-5305.67	-29.5169	10.3523	-0.00090875	0.551482	
114	-0.364631	-5233.93	-29.2089	10.3251	-0.000763023	0.524168	
115	-0.400507	-5149.31	-28.7525	10.2644	-0.000605274	0.497325	
116	-0.423935	-5047.81	-28.197	10.1703	-0.000445687	0.469478	
117	-0.457279	-4932.94	-27.452	10.0427	-0.000276165	0.442246	
118	-0.475657	-4801.96	-26.617	9.88234	-0.000105786	0.414151	
119	-0.505999	-4657.22	-25.5592	9.68787	7.21291e-05	0.386795	
120	-0.521261	-4497.37	-24.4231	9.46172	0.000249868	0.358624	
121	-0.548368	-4323.55	-23.0519	9.20048	0.000432608	0.331305	
122	-0.562591	-4135.84	-21.6139	8.90919	0.000614099	0.303144	
123	-0.586429	-3934.23	-19.9586	8.5815	0.000798088	0.275946	
124	-0.601394	-3720.12	-18.2466	8.22587	0.000979732	0.247835	
125	-0.62206	-3492.53	-16.3666	7.83247	0.00116152	0.22081	
126	-0.638851	-3253.98	-14.4376	7.4137	0.00133986	0.192799	
127	-0.656475	-3002.77	-12.4152	6.95598	0.00151618	0.166016	
128	-0.675162	-2742.26	-10.3495	6.47586	0.00168794	0.138217	
129	-0.689802	-2470.37	-8.27645	5.95607	0.00185562	0.111803	
130	-0.709271	-2190.89	-6.16517	5.41724	0.00201767	0.084428	
131	-0.720824	-1901.8	-4.12595	4.83877	0.00217356	0.0586029	
132	-0.738816	-1606.92	-2.05496	4.24494	0.00232277	0.0319777	
133	-0.74696	-1304.61	-0.111627	3.61247	0.00246355	0.00706366	
134	-0.760414	-998.325	1.85391	2.96864	0.00259668	-0.018381	
135	-0.764605	-687.204	3.67187	2.28834	0.00271884	-0.0419699	
136	-0.770314	-373.972	5.49829	1.60092	0.0028325	-0.0657348	
137	-0.769849	-58.7656	7.19617	0.880511	0.00293247	-0.0875234	
138	-0.765359	256.661	8.8845	0.15743	0.00302319	-0.109092	
139	-0.759488	571.041	10.4959	-0.593909	0.00309765	-0.128589	
140	-0.74401	883.726	12.0764	-1.34327	0.00316227	-0.147484	
141	-0.732089	1192.33	13.65	-2.11499	0.00320861	-0.164233	
142	-0.707087	1497.31	15.1695	-2.87994	0.00324467	-0.180064	
143	-0.688723	1795.3	16.7517	-3.66043	0.00326153	-0.193689	
144	-0.657834	2087.74	18.2571	-4.42924	0.00326783	-0.206187	
145	-0.633	2370.55	19.8762	-5.20615	0.00325543	-0.216424	
146	-0.601112	2645.94	21.3987	-5.96643	0.00323235	-0.225455	
147	-0.570188	2909.41	23.0531	-6.7271	0.00319257	-0.232169	
148	-0.541796	3163.66	24.5963	-7.46623	0.00314213	-0.237719	
149	-0.505525	3404.13	26.2509	-8.19811	0.00307811	-0.240899	
150	-0.482849	3633.72	27.7864	-8.9037	0.00300362	-0.243051	
151	-0.442222	3848.11	29.3767	-9.59483	0.00291902	-0.242792	
152	-0.423802	4050.12	30.8476	-10.2551	0.00282434	-0.241693	
153	-0.379899	4235.96	32.2907	-10.8945	0.00272245	-0.238162	
154	-0.360391	4408.14	33.6216	-11.4989	0.00261106	-0.233991	
155	-0.314223	4563.58	34.8314	-12.0769	0.00249385	-0.227393	
156	-0.285789	4704.31	35.9415	-12.6161	0.00236802	-0.220334	
157	-0.23819	4828.07	36.8442	-13.1246	0.0022357	-0.210887	
158	-0.193271	4936.29	37.6614	-13.5909	0.00209594	-0.201114	
159	-0.144865	5027.62	38.2075	-14.0234	0.00194707	-0.189023	
160	-0.079512	5102.82	38.6795	-14.411	0.0017922	-0.176695	
161	-0.0307582	5161.41	38.8507	-14.7628	0.00162432	-0.162148	
162	0.0527644	5203.49	38.9518	-15.0675	0.00145212	-0.147412	
163	0.101465	5229.42	38.7613	-15.3358	0.00126295	-0.130583	
164	0.194005	5238.67	38.4946	-15.5551	0.00107119	-0.113588	
165	0.2422	5232.31	37.9817	-15.7385	0.000859772	-0.0946459	
166	0.329635	5209.3	37.3758	-15.8717	0.000647411	-0.0755513	
167	0.376746	5171.28	36.5965	-15.9702	0.000415053	-0.054682	
168	0.444186	5116.82	35.7003	-16.0179	0.000183126	-0.0336719	
169	0.489499	5047.97	34.7153	-16.0328	-6.63657e-05	-0.0110879	
170	0.526494	4963.09	33.5893	-15.9967	-0.000314413	0.011616	
171	0.569231	4864.44	32.4537	-15.9304	-0.000575194	0.0356656	
172	0.574058	4750.32	31.1607	-15.8133	-0.00083386	0.0597955	
173	0.6135	4623.05	29.9151	-15.6687	-0.00109912	0.0850245	
174	0.594754	4481.06	28.5105	-15.4742	-0.00136178	0.110264	
175	0.630365	4326.55	27.1763	-15.2549	-0.00162505	0.136356	
176	0.604861	4158.23	25.6999	-14.987	-0.00188516	0.162344	
177	0.636375	3978.04	24.2779	-14.6969	-0.00214141	0.188967	
178	0.623771	3785.11	22.7476	-14.36	-0.00239358	0.215312	
179	0.651199	3581.04	21.2215	-14.0036	-0.0026398	0.24213	
180	0.667051	3365.44	19.631	-13.6024	-0.00288039	0.268432	
181	0.6906	3139.53	17.9727	-13.184	-0.00311534	0.295118	
182	0.740351	2903.46	16.294	-12.7233	-0.00334241	0.320995	
183	0.760288	2658.01	14.4724	-12.2478	-0.0035658	0.347241	
184	0.83655	2403.92	12.664	-11.7328	-0.0037785	0.372348	
185	0.85304	2141.55	10.6533	-11.205	-0.00398979	0.397865	
186	0.937411	1872.17	8.67186	-10.641	-0.00418736	0.421916	
187	0.950393	1595.77	6.45995	-10.0662	-0.0043847	0.446431	
188	1.0194	1314.15	4.27462	-9.45878	-0.00456555	0.469195	
189	1.02854	1026.94	1.86903	-8.84262	-0.00474518	0.49244	
190	1.06166	736.386	-0.526147	-8.19776	-0.00490627	0.513732	
191	1.06638	441.868	-3.09535	-7.54629	-0.00506264	0.535441	
192	1.05332	145.949	-5.67377	-6.87036	-0.00519948	0.555096	
193	1.05291	-152.13	-8.35494	-6.19016	-0.00532598	0.574997	
194	0.997325	-449.623	-11.057	-5.48997	-0.00543308	0.592839	
195	0.991064	-747.302	-13.7817	-4.78817	-0.0055232	0.610655	
196	0.909375	-1042.42	-16.522	-4.07106	-0.00559496	0.626479	
197	0.896706	-1335.59	-19.2125	-3.35539	-0.00564343	0.641936	
198	0.81234	-1624.27	-21.8934	-2.62917	-0.00567506	0.655491	
199	0.792942	-1908.76	-24.4718	-1.90797	-0.00567874	0.66833	
200	0.728136	-2186.93	-26.9993	-1.18099	-0.00566701	0.679331	
201	0.701969	-2458.59	-29.3964	-0.463145	-0.00562511	0.689323	
202	0.670083	-2722.21	-31.6939	0.255797	-0.00556873	0.697479	
203	0.637386	-2977.02	-33.8552	0.96091	-0.00548267	0.704444	
204	0.63852	-3222.19	-35.873	1.66259	-0.00538228	0.709492	
205	0.599767	-3456.33	-37.7621	2.34527	-0.00525497	0.71331	
206	0.621175	-3679.4	-39.4783	3.02017	-0.00511281	0.715062	
207	0.577026	-3889.39	-41.0755	3.67054	-0.00494791	0.715684	
208	0.598052	-4086.99	-42.4903	4.30902	-0.00476736	0.714057	
209	0.549306	-4269.74	-43.789	4.91727	-0.00456864	0.711506	
210	0.548914	-4438.93	-44.9144	5.50977	-0.00435371	0.706541	
211	0.496477	-4591.84	-45.915	6.06644	-0.0041247	0.700907	
212	0.460623	-4730.17	-46.7633	6.60375	-0.00387967	0.692764	
213	0.405486	-4851.15	-47.4675	7.09998	-0.00362356	0.684193	
214	0.331737	-4956.72	-48.0423	7.57356	-0.00335273	0.673127	
215	0.274949	-5044.27	-48.4492	8.0014	-0.00307255	0.661815	
216	0.172894	-5115.74	-48.7423	8.40365	-0.00278011	0.648135	
217	0.115527	-5168.93	-48.8472	8.7563	-0.002479	0.634309	
218	0.00306281	-5205.58	-48.8412	9.08086	-0.00216897	0.618338	
219	-0.0538374	-5224.02	-48.6375	9.3529	-0.00185037	0.602251	
220	-0.156794	-5225.73	-48.3124	9.59484	-0.00152654	0.58429	
221	-0.212265	-5209.58	-47.7955	9.78234	-0.00119428	0.566211	
222	-0.29034	-5176.74	-47.1383	9.93835	-0.000860247	0.546523	
223	-0.343555	-5126.67	-46.3095	10.039	-0.000518414	0.526736	
224	-0.390495	-5060.19	-45.3209	10.1073	-0.00017758	0.505545	
225	-0.440791	-4977.27	-44.1904	10.1203	0.000169625	0.484345	
226	-0.460647	-4878.47	-42.8885	10.1009	0.000513956	0.461862	
227	-0.507535	-4764.19	-41.476	10.0271	0.000862421	0.439554	
228	-0.512288	-4634.76	-39.8938	9.92132	0.00120692	0.416003	
229	-0.555433	-4490.93	-38.2254	9.7628	0.00155274	0.3929	
230	-0.560118	-4332.86	-36.4042	9.57341	0.00189389	0.36855	
231	-0.599299	-4161.56	-34.5084	9.33366	0.00223339	0.344971	
232	-0.616442	-3977.08	-32.4881	9.06456	0.00256738	0.320147	
233	-0.651502	-3780.64	-30.3902	8.7481	0.00289694	0.296415	
234	-0.686813	-3572.21	-28.2013	8.40422	0.00321958	0.271494	
235	-0.717613	-3353.15	-25.9192	8.0165	0.00353549	0.247927	
236	-0.768315	-3123.41	-23.5777	7.60363	0.00384225	0.223312	
237	-0.794701	-2884.42	-21.1215	7.15084	0.00414044	0.200223	
238	-0.850953	-2636.18	-18.6293	6.67549	0.00442657	0.176307	
239	-0.872737	-2380.1	-16.0035	6.16439	0.00470249	0.153994	
240	-0.92149	-2116.32	-13.355	5.63367	0.00496313	0.131127	
241	-0.938449	-1846.1	-10.5645	5.07144	0.00521172	0.109873	
242	-0.968289	-1569.87	-7.75595	4.49289	0.00544206	0.0883357	
243	-0.98017	-1288.61	-4.81338	3.88703	0.00565788	0.0684079	
244	-0.985388	-1003.11	-1.854	3.26851	0.0058533	0.0484158	
245	-0.991923	-713.995	1.21348	2.62669	0.00603084	0.0300639	
246	-0.974349	-422.518	4.29375	1.9762	0.00618695	0.0117842	
247	-0.975271	-128.847	7.44049	1.3062	0.00632104	-0.00475918	
248	-0.943257	165.262	10.5882	0.631797	0.00643376	-0.0211754	
249	-0.938314	460.094	13.7505	-0.058588	0.00652004	-0.0356953	
250	-0.903286	753.431	16.8921	-0.748902	0.00658576	-0.0500847	
251	-0.892265	1045.94	19.9933	-1.45187	0.00662105	-0.0623853	
252	-0.86419	1335.06	23.0441	-2.1502	0.00663682	-0.0745589	
253	-0.84694	1621.71	26.0029	-2.85796	0.00661941	-0.0844671	
254	-0.830476	1903.11	28.8787	-3.5565	0.00658324	-0.0942182	
255	-0.806936	2180.31	31.6197	-4.26126	0.00651301	-0.101588	
256	-0.799758	2450.51	34.2479	-4.95228	0.00642421	-0.10872	
257	-0.769991	2714.68	36.7103	-5.6462	0.00630255	-0.113438	
258	-0.763959	2970.17	39.038	-6.322	0.006162	-0.117798	
259	-0.728181	3217.79	41.1814	-6.9972	0.00599163	-0.119789	
260	-0.712848	3455.14	43.1781	-7.65004	0.00580191	-0.121299	
261	-0.671441	3682.79	44.9837	-8.29859	0.00558657	-0.120526	
262	-0.638467	3898.7	46.639	-8.9207	0.00535182	-0.119196	
263	-0.591984	4103.16	48.1062	-9.53468	0.00509594	-0.115667	
264	-0.538618	4294.52	49.4236	-10.1183	0.00482147	-0.111582	
265	-0.487758	4472.82	50.5631	-10.6898	0.00452983	-0.105345	
266	-0.417963	4636.8	51.5527	-11.2273	0.00422154	-0.0986439	
267	-0.363537	4786.3	52.378	-11.7487	0.00389896	-0.0897865	
268	-0.286313	4920.44	53.0497	-12.2326	0.00356268	-0.0806244	
269	-0.229192	5038.88	53.5706	-12.6966	0.00321381	-0.0692696	
270	-0.154876	5141.15	53.9295	-13.1199	0.00285475	-0.0577978	
271	-0.0959488	5226.73	54.1473	-13.5195	0.00248387	-0.0441008	
272	-0.0321083	5295.55	54.1926	-13.8758	0.00210633	-0.0304577	
273	0.0277568	5346.97	54.0996	-14.205	0.00171736	-0.0146023	
274	0.0790447	5381.27	53.8256	-14.4886	0.00132477	0.00107678	
275	0.139017	5397.75	53.4083	-14.7421	0.000921332	0.0188808	
276	0.181385	5396.99	52.8072	-14.9483	0.000516634	0.0364412	
277	0.240668	5378.29	52.0517	-15.1218	0.00010226	0.0559608	
278	0.281175	5342.48	51.1175	-15.2468	-0.000311562	0.075207	
279	0.338997	5288.91	50.0156	-15.3372	-0.000733158	0.0961881	
280	0.384474	5218.55	48.7472	-15.3785	-0.00115256	0.116871	
281	0.440071	5130.96	47.3016	-15.384	-0.00157722	0.139042	
282	0.493801	5027.08	45.706	-15.3403	-0.00199779	0.160862	
283	0.546411	4906.81	43.9328	-15.2603	-0.00242074	0.183938	
284	0.606619	4770.96	42.0269	-15.1316	-0.00283718	0.206562	
285	0.655496	4619.8	39.9551	-14.967	-0.00325309	0.23025	
286	0.71624	4453.96	37.7662	-14.7547	-0.0036595	0.253333	
287	0.760678	4274.15	35.4348	-14.5076	-0.00406266	0.277336	
288	0.814594	4080.72	32.9991	-14.2143	-0.00445304	0.300546	
289	0.853966	3874.84	30.4516	-13.8883	-0.00483769	0.324572	
290	0.895473	3656.57	27.8115	-13.5179	-0.00520644	0.3476	
291	0.929267	3427.5	25.091	-13.1176	-0.00556714	0.371363	
292	0.956736	3187.44	22.2904	-12.6754	-0.00590932	0.393929	
293	0.984577	2938.3	19.4349	-12.2066	-0.00624121	0.417155	
294	1.00051	2679.72	16.5146	-11.6989	-0.00655261	0.439001	
295	1.02217	2413.82	13.5549	-11.1684	-0.00685144	0.461426	
296	1.03146	2140.14	10.5489	-10.6024	-0.00712838	0.482315	
297	1.04684	1860.92	7.50875	-10.018	-0.00739036	0.503688	
298	1.05413	1575.69	4.4431	-9.4016	-0.00762934	0.52339	
299	1.06323	1286.66	1.34159	-8.77165	-0.00785087	0.543469	
300	1.07062	993.457	-1.76409	-8.11365	-0.00804821	0.561765	
301	1.07352	698.18	-4.90834	-7.44699	-0.00822555	0.58032	
302	1.07981	400.627	-8.03655	-6.75648	-0.00837731	0.596997	
303	1.07662	102.676	-11.201	-6.06228	-0.00850646	0.613806	
304	1.07822	-195.638	-14.3308	-5.34864	-0.0086085	0.628663	
305	1.06905	-492.708	-17.4855	-4.63618	-0.0086853	0.643516	
306	1.06205	-788.232	-20.5878	-3.90884	-0.00873361	0.656356	
307	1.04699	-1080.9	-23.6936	-3.18738	-0.00875404	0.669061	
308	1.02911	-1370.15	-26.7286	-2.45566	-0.00874519	0.679698	
309	1.00823	-1654.97	-29.7378	-1.73427	-0.00870595	0.690083	
310	0.979848	-1934.54	-32.6562	-1.00726	-0.0086375	0.698342	
311	0.953234	-2208.13	-35.5157	-0.294737	-0.00853649	0.706264	
312	0.91694	-2474.71	-38.2628	0.418822	-0.00840731	0.711991	
313	0.884682	-2733.81	-40.9185	1.11404	-0.00824408	0.717339	
314	0.843813	-2984.22	-43.4406	1.80582	-0.00805448	0.720413	
315	0.806055	-3225.68	-45.843	2.47568	-0.00783037	0.723116	
316	0.763034	-3456.88	-48.0929	3.1378	-0.00758211	0.723465	
317	0.720005	-3677.71	-50.2016	3.77465	-0.00730021	0.723492	
318	0.675411	-3886.84	-52.1435	4.39965	-0.00699638	0.721102	
319	0.627453	-4084.25	-53.9302	4.99627	-0.00666117	0.718461	
320	0.580217	-4268.63	-55.5408	5.57715	-0.00630607	0.713383	
321	0.527809	-4440.05	-56.9898	6.12671	-0.00592304	0.708119	
322	0.476337	-4597.27	-58.2573	6.6569	-0.00552194	0.700457	
323	0.420096	-4740.39	-59.363	7.153	-0.00509713	0.692649	
324	0.363597	-4868.31	-60.2836	7.62639	-0.00465608	0.682542	
325	0.304269	-4981.12	-61.0462	8.06308	-0.00419575	0.672299	
326	0.24352	-5077.94	-61.6198	8.47405	-0.00372132	0.659904	
327	0.181951	-5158.79	-62.0396	8.84586	-0.0032317	0.64736	
328	0.119103	-5223.06	-62.2653	9.18933	-0.00273069	0.632835	
329	0.056205	-5270.68	-62.3377	9.49133	-0.00221797	0.618151	
330	-0.00621602	-5301.37	-62.211	9.76286	-0.00169717	0.601647	
331	-0.0695049	-5314.91	-61.9237	9.99077	-0.00116751	0.585009	
332	-0.129787	-5311.4	-61.434	10.1866	-0.000633586	0.56668	
333	-0.192527	-5290.47	-60.7668	10.3369	-9.32889e-05	0.548297	
334	-0.25045	-5252.6	-59.8985	10.4539	0.000447259	0.528315	
335	-0.311719	-5197.29	-58.8268	10.5239	0.000991559	0.508422	
336	-0.368329	-5125.39	-57.5613	10.5601	0.00153219	0.486991	
337	-0.427228	-5036.29	-56.0628	10.5481	0.00207334	0.465848	
338	-0.483838	-4931.13	-54.3833	10.5022	0.00260721	0.443218	
339	-0.539497	-4809.34	-52.4458	10.4075	0.00313748	0.421106	
340	-0.596462	-4672.21	-50.3439	10.2795	0.0036572	0.397572	
341	-0.648042	-4519.3	-47.9727	10.1025	0.00416827	0.374795	
342	-0.703996	-4351.98	-45.4552	9.89319	0.00466585	0.350689	
343	-0.750707	-4170	-42.6786	9.63559	0.00514911	0.327561	
344	-0.802681	-3974.69	-39.7732	9.34714	0.0056161	0.303239	
345	-0.843804	-3766.12	-36.6434	9.01168	0.00606299	0.280082	
346	-0.888185	-3545.48	-33.4012	8.64735	0.00649094	0.255902	
347	-0.923103	-3313.17	-29.9909	8.23797	0.00689355	0.23304	
348	-0.956966	-3070.22	-26.4847	7.80219	0.00727459	0.209349	
349	-0.985194	-2817.36	-22.8797	7.32393	0.00762617	0.1871	
350	-1.00736	-2555.44	-19.1967	6.8222	0.00795368	0.164224	
351	-1.02856	-2285.5	-15.4855	6.28118	0.00824907	0.142894	
352	-1.03988	-2008.19	-11.7176	5.72004	0.00851814	0.121133	
353	-1.05389	-1724.84	-7.98111	5.12335	0.00875395	0.101012	
354	-1.05671	-1435.92	-4.21276	4.51025	0.00896156	0.080638	
355	-1.0635	-1142.96	-0.516139	3.86585	0.00913604	0.0619975	
356	-1.06058	-846.317	3.18513	3.20908	0.00928093	0.0432556	
357	-1.06024	-547.654	6.79709	2.52567	0.00939363	0.0263446	
358	-1.05365	-247.233	10.386	1.8342	0.00947588	0.00945233	
359	-1.04638	53.2136	13.8884	1.1211	0.0095271	-0.00550566	
360	-1.03682	353.478	17.3416	0.404441	0.00954752	-0.0203567	
361	-1.02286	651.824	20.7243	-0.328609	0.00953779	-0.0331665	
362	-1.00969	948.058	24.0348	-1.06058	0.00949739	-0.0458108	
363	-0.989326	1240.5	27.295	-1.80359	0.00942706	-0.0563083	
364	-0.97106	1528.95	30.463	-2.5408	0.00932665	-0.0666056	
365	-0.944599	1811.83	33.596	-3.28372	0.00919576	-0.0746604	
366	-0.919685	2088.88	36.6192	-4.01611	0.00903577	-0.0824961	
367	-0.887452	2358.7	39.6116	-4.74902	0.00884418	-0.0880127	
368	-0.854916	2620.95	42.4777	-5.46672	0.00862479	-0.0932989	
369	-0.81726	2874.41	45.3025	-6.18003	0.0083725	-0.0962171	
370	-0.777064	3118.68	47.9849	-6.87358	0.00809396	-0.0988948	
371	-0.734363	3352.74	50.6015	-7.55816	0.00778151	-0.0991885	
372	-0.687409	3576.09	53.0598	-8.21859	0.00744456	-0.0992307	
373	-0.640078	3787.94	55.4167	-8.86594	0.00707344	-0.0969055	
374	-0.587947	3987.7	57.6002	-9.48497	0.0066798	-0.09432	
375	-0.536441	4174.82	59.641	-10.0873	0.00625278	-0.0894093	
376	-0.480985	4348.62	61.4946	-10.6573	0.00580548	-0.0842389	
377	-0.425799	4508.76	63.1644	-11.2075	0.00532672	-0.0768014	
378	-0.368677	4654.52	64.635	-11.7219	0.00483033	-0.0691218	
379	-0.310346	4785.76	65.886	-12.2137	0.00430544	-0.059238	
380	-0.252604	4901.71	66.9281	-12.6664	0.00376607	-0.0491531	
381	-0.191706	5002.42	67.7239	-13.0943	0.00320205	-0.0369251	
382	-0.133508	5087.14	68.3035	-13.4804	0.00262722	-0.0245617	
383	-0.0706699	5156.04	68.6208	-13.8397	0.0020323	-0.0101137	
384	-0.0113181	5208.43	68.717	-14.1548	0.0014307	0.00438185	
385	0.0527748	5244.57	68.5451	-14.4417	0.000814147	0.0209009	
386	0.114438	5263.9	68.1507	-14.6825	0.00019529	0.0373631	
387	0.179026	5266.72	67.4902	-14.8938	-0.000432848	0.0557754	
388	0.243882	5252.64	66.6096	-15.0575	-0.00105891	0.0740165	
389	0.308121	5221.95	65.4702	-15.191	-0.00168812	0.0941121	
390	0.375936	5174.49	64.1176	-15.2759	-0.00231111	0.113916	
391	0.438899	5110.49	62.5164	-15.33	-0.0029308	0.13545	
392	0.507774	5030.08	60.7133	-15.335	-0.00354048	0.156566	
393	0.568463	4933.4	58.674	-15.3091	-0.00414041	0.179259	
394	0.634923	4820.89	56.4476	-15.2341	-0.00472689	0.201402	
395	0.692304	4692.59	54.0001	-15.1281	-0.00529749	0.224941	
396	0.752169	4549.23	51.3825	-14.9737	-0.00585148	0.24779	
397	0.805218	4390.79	48.5628	-14.7888	-0.00638427	0.271838	
398	0.854989	4218.27	45.5912	-14.5565	-0.00689735	0.295042	
399	0.902749	4031.59	42.4415	-14.2946	-0.00738508	0.319244	
400	0.940949	3832	39.1585	-13.9868	-0.00784998	0.342438	
401	0.982589	3619.41	35.7268	-13.6507	-0.00828666	0.366433	
402	1.01038	3395.24	32.181	-13.2707	-0.0086974	0.389248	
403	1.04524	3159.44	28.5197	-12.8641	-0.00907824	0.412679	
404	1.06594	2913.56	24.765	-12.4163	-0.00943018	0.434757	
405	1.09354	2657.62	20.9294	-11.944	-0.00975142	0.457287	
406	1.11109	2393.22	17.0235	-11.4334	-0.0100412	0.478295	
407	1.13117	2120.52	13.0699	-10.9011	-0.0102999	0.49961	
408	1.14818	1841.1	9.07192	-10.3339	-0.010525	0.51925	
409	1.16066	1555.28	5.05566	-9.74824	-0.0107189	0.539068	
410	1.17707	1264.55	1.02325	-9.13138	-0.010878	0.557085	
411	1.182	969.445	-3.00208	-8.49976	-0.0110054	0.57516	
412	1.19485	671.319	-7.01488	-7.84104	-0.0110973	0.591338	
413	1.19242	370.902	-10.9985	-7.17173	-0.0111571	0.607461	
414	1.19707	69.3813	-14.9422	-6.47963	-0.0111812	0.621622	
415	1.18755	-232.308	-18.8364	-5.78155	-0.0111729	0.635617	
416	1.17982	-533.18	-22.6656	-5.06518	-0.0111291	0.647611	
417	1.16349	-832.111	-26.4257	-4.34774	-0.0110526	0.659335	
418	1.14163	-1128.32	-30.0985	-3.61664	-0.0109412	0.66903	
419	1.11882	-1420.53	-33.6828	-2.88964	-0.0107972	0.67837	
420	1.08447	-1708.17	-37.1597	-2.15363	-0.0106191	0.685649	
421	1.05549	-1989.84	-40.5298	-1.42702	-0.0104088	0.692515	
422	1.01297	-2265.13	-43.7732	-0.696058	-0.0101655	0.697276	
423	0.978155	-2532.62	-46.894	0.0202012	-0.00989088	0.701601	
424	0.932606	-2792.03	-49.8689	0.736239	-0.00958467	0.703763	
425	0.892295	-3041.96	-52.7089	1.43238	-0.00924818	0.705504	
426	0.847376	-3282.19	-55.3837	2.12385	-0.00888196	0.705015	
427	0.801947	-3511.42	-57.9148	2.79046	-0.00848678	0.704152	
428	0.758365	-3729.47	-60.2624	3.4481	-0.00806418	0.701003	
429	0.708251	-3935.21	-62.4599	4.07627	-0.00761422	0.697542	
430	0.663765	-4128.41	-64.4576	4.69141	-0.00713956	0.691768	
431	0.609471	-4308.18	-66.2994	5.27286	-0.00663952	0.685741	
432	0.560369	-4474.2	-67.9283	5.83748	-0.00611791	0.677423	
433	0.50249	-4625.88	-69.3942	6.3647	-0.00557334	0.668895	
434	0.445767	-4762.77	-70.6376	6.8716	-0.00501069	0.658148	
435	0.384984	-4884.59	-71.7086	7.33791	-0.00442805	0.647217	
436	0.320113	-4990.78	-72.5508	7.78078	-0.00383113	0.63418	
437	0.257183	-5081.34	-73.2091	8.18041	-0.00321772	0.620978	
438	0.186594	-5155.62	-73.6345	8.55389	-0.00259409	0.605808	
439	0.122336	-5213.89	-73.8641	8.88204	-0.00195798	0.590501	
440	0.050412	-5255.47	-73.8582	9.18179	-0.0013159	0.573364	
441	-0.0143257	-5280.78	-73.6456	9.43465	-0.000665732	0.556151	
442	-0.083171	-5289.22	-73.1966	9.65735	-1.39371e-05	0.53723	
443	-0.14753	-5281.31	-72.5328	9.83211	0.000641218	0.518337	
444	-0.210681	-5256.53	-71.634	9.97547	0.00129373	0.49784	
445	-0.273813	-5215.49	-70.5156	10.0703	0.00194463	0.477517	
446	-0.331242	-5157.82	-69.1675	10.1331	0.00258879	0.455682	
447	-0.392321	-5084.13	-67.5984	10.1472	0.00322621	0.434195	
448	-0.445996	-4994.23	-65.8094	10.129	0.00385307	0.411293	
449	-0.504223	-4888.75	-63.8016	10.0626	0.00446804	0.38892	
450	-0.556515	-4767.68	-61.5882	9.96418	0.00506889	0.365248	
451	-0.611119	-4631.64	-59.1612	9.81831	0.00565286	0.342273	
452	-0.663102	-4480.81	-56.5466	9.64115	0.00621934	0.318142	
453	-0.713347	-4315.81	-53.7272	9.41779	0.00676438	0.294852	
454	-0.763917	-4137.02	-50.7402	9.16437	0.00728864	0.270573	
455	-0.809109	-3945.01	-47.561	8.86632	0.00778754	0.247256	
456	-0.855361	-3740.39	-44.235	8.53995	0.00826238	0.223127	
457	-0.89486	-3523.68	-40.7333	8.17085	0.0087087	0.20007	
458	-0.933475	-3295.71	-37.1056	7.77561	0.00912771	0.176377	
459	-0.966712	-3056.93	-33.3228	7.33985	0.00951573	0.153866	
460	-0.99556	-2808.39	-29.4352	6.88058	0.00987337	0.13088	
461	-1.02205	-2550.48	-25.4161	6.38329	0.010198	0.1092	
462	-1.04113	-2284.43	-21.3148	5.86555	0.0104896	0.0871894	
463	-1.06049	-2010.61	-17.1085	5.31258	0.0107463	0.0666244	
464	-1.07172	-1730.37	-12.8448	4.74258	0.0109679	0.0458572	
465	-1.08366	-1444.08	-8.50469	4.14043	0.0111527	0.0266844	
466	-1.08961	-1153.19	-4.13455	3.52501	0.0113009	0.00743132	
467	-1.09397	-858.078	0.281163	2.8808	0.0114102	-0.010081	
468	-1.09635	-560.251	4.69738	2.22738	0.0114824	-0.0275545	
469	-1.09307	-260.127	9.12601	1.54882	0.0115133	-0.0431538	
470	-1.09163	40.8029	13.5248	0.865352	0.0115074	-0.0585986	
471	-1.08078	342.034	17.9004	0.160679	0.0114582	-0.0720547	
472	-1.07346	642.149	22.2165	-0.544437	0.0113727	-0.0852507	
473	-1.05519	940.537	26.4718	-1.26653	0.011243	-0.0963634	
474	-1.03914	1235.9	30.64	-1.98449	0.0110779	-0.107129	
475	-1.01374	1527.51	34.7093	-2.71494	0.0108687	-0.115734	
476	-0.986893	1814.23	38.6665	-3.43662	0.0106253	-0.123931	
477	-0.954723	2095.21	42.4888	-4.16613	0.0103396	-0.129905	
478	-0.916969	2369.48	46.1759	-4.88222	0.0100211	-0.135438	
479	-0.878479	2636.13	49.6974	-5.60131	0.00966328	-0.1387	
480	-0.831837	2894.34	53.0621	-6.30242	0.00927459	-0.141511	
481	-0.787548	3143.13	56.2374	-7.00166	0.00885048	-0.142023	
482	-0.735324	3381.89	59.2357	-7.67846	0.00839786	-0.142093	
483	-0.685816	3609.58	62.0288	-8.34856	0.00791436	-0.139859	
484	-0.631183	3825.76	64.6259	-8.99194	0.00740518	-0.137202	
485	-0.577089	4029.41	67.0088	-9.62393	0.00686974	-0.132263	
486	-0.521844	4220.21	69.1786	-10.2252	0.00631195	-0.126929	
487	-0.463846	4397.24	71.1299	-10.8105	0.00573223	-0.119359	
488	-0.407954	4560.24	72.8537	-11.3614	0.00513395	-0.111434	
489	-0.34678	4708.41	74.3562	-11.8923	0.0045177	-0.101339	
490	-0.288886	4841.57	75.6201	-12.3853	0.00388696	-0.090943	
491	-0.225308	4959.09	76.6592	-12.8547	0.00324195	-0.0784556	
492	-0.16388	5060.8	77.4522	-13.283	0.00258666	-0.0657372	
493	-0.0987102	5146.27	78.0147	-13.6847	0.00192073	-0.0510155	
494	-0.0331844	5215.33	78.3272	-14.0427	0.00124882	-0.0361496	
495	0.0327369	5267.79	78.4017	-14.3715	0.000570016	-0.0193754	
496	0.101384	5303.45	78.2254	-14.6544	-0.000110456	-0.00255645	
497	0.167202	5322.36	77.8037	-14.9062	-0.000793822	0.0160656	
498	0.236694	5324.29	77.1331	-15.1103	-0.00147455	0.0346256	
499	0.301558	5309.54	76.2121	-15.282	-0.00215388	0.0548693	
500	0.369167	5277.85	75.0472	-15.405	-0.00282629	0.0749403	
501	0.432246	5229.73	73.6312	-15.4947	-0.00349283	0.0965598	
502	0.495754	5164.93	71.9794	-15.5351	-0.00414821	0.117892	
503	0.556258	5084.15	70.082	-15.5421	-0.00479322	0.140625	
504	0.614538	4987.14	67.9603	-15.4996	-0.00542291	0.162947	
505	0.671727	4874.79	65.6051	-15.4242	-0.00603789	0.186517	
506	0.724715	4746.87	63.0403	-15.2997	-0.00663353	0.209539	
507	0.777907	4604.4	60.26	-15.1434	-0.00721047	0.233662	
508	0.826076	4447.21	57.2878	-14.9387	-0.00776426	0.257083	
509	0.87465	4276.42	54.1223	-14.7037	-0.00829581	0.281469	
510	0.918352	4091.96	50.7849	-14.4218	-0.00880068	0.304983	
511	0.961752	3895	47.2783	-14.1115	-0.00928027	0.329342	
512	1.00082	3685.56	43.6217	-13.7562	-0.00973	0.352651	
513	1.03855	3464.87	39.8192	-13.3748	-0.0101519	0.376694	
514	1.07233	3233.06	35.8898	-12.9507	-0.0105412	0.399513	
515	1.10395	2991.35	31.8351	-12.5033	-0.0109005	0.422957	
516	1.13166	2740.05	27.678	-12.0159	-0.0112249	0.445015	
517	1.15678	2480.3	23.4116	-11.5081	-0.0115173	0.467583	
518	1.17794	2212.59	19.0693	-10.9636	-0.0117731	0.488621	
519	1.19622	1938	14.6296	-10.402	-0.0119952	0.510044	
520	1.21074	1657.19	10.1421	-9.80704	-0.0121793	0.529811	
521	1.2219	1371.16	5.56704	-9.19856	-0.012328	0.549832	
522	1.22997	1080.73	0.97396	-8.56062	-0.0124378	0.568084	
523	1.23377	786.812	-3.69536	-7.91284	-0.0125106	0.586456	
524	1.23539	490.36	-8.35188	-7.23969	-0.012544	0.602956	
525	1.23165	192.244	-13.0674	-6.56059	-0.0125388	0.61945	
526	1.22636	-106.51	-17.7392	-5.86042	-0.012494	0.633971	
527	1.21501	-405.061	-22.4428	-5.15837	-0.0124096	0.648379	
528	1.20189	-702.342	-27.0727	-4.43972	-0.0122856	0.660718	
529	1.18296	-997.521	-31.6945	-3.72336	-0.0121215	0.672854	
530	1.16105	-1289.54	-36.2141	-2.99497	-0.0119183	0.682837	
531	1.1347	-1577.55	-40.674	-2.27315	-0.0116753	0.692546	
532	1.10362	-1860.53	-45.0046	-1.54395	-0.0113943	0.700034	
533	1.07016	-2137.63	-49.2155	-0.825636	-0.0110746	0.707194	
534	1.03053	-2407.91	-53.2714	-0.104576	-0.0107187	0.712085	
535	0.990424	-2670.48	-57.1454	0.601238	-0.0103264	0.716611	
536	0.943904	-2924.51	-60.8397	1.30522	-0.00990025	0.718842	
537	0.897764	-3169.07	-64.295	1.98962	-0.00944094	0.720684	
538	0.846537	-3403.51	-67.5472	2.66771	-0.00895105	0.720226	
539	0.795097	-3626.83	-70.5155	3.32196	-0.00843213	0.719372	
540	0.741118	-3838.56	-73.2591	3.96562	-0.00788633	0.716229	
541	0.685192	-4037.68	-75.691	4.58125	-0.00731637	0.712703	
542	0.6295	-4223.88	-77.8797	5.18225	-0.00672359	0.706912	
543	0.569948	-4396.13	-79.7478	5.75121	-0.00611201	0.700772	
544	0.512437	-4554.33	-81.3584	6.30178	-0.00548173	0.692403	
545	0.450129	-4697.44	-82.6571	6.81651	-0.00483822	0.683741	
546	0.389908	-4825.52	-83.6891	7.30943	-0.00418009	0.672898	
547	0.325697	-4937.58	-84.4316	7.763	-0.00351419	0.661835	
548	0.261879	-5033.86	-84.903	8.19174	-0.00283759	0.648655	
549	0.196587	-5113.41	-85.1156	8.57795	-0.00215833	0.635343	
550	0.129123	-5176.62	-85.057	8.93673	-0.00147222	0.619994	
551	0.0635364	-5222.64	-84.7725	9.25025	-0.000787917	0.60461	
552	-0.00632964	-5251.97	-84.2196	9.53419	-0.000100664	0.58729	
553	-0.0714518	-5263.9	-83.4708	9.77062	0.000581057	0.570037	
554	-0.141329	-5259.01	-82.4582	9.97581	0.00126164	0.550966	
555	-0.205249	-5236.76	-81.2726	10.1318	0.00193374	0.532072	
556	-0.272309	-5197.76	-79.8292	10.2554	0.00260037	0.511489	
557	-0.334299	-5141.68	-78.2264	10.3287	0.00325615	0.491202	
558	-0.396208	-5069.17	-76.3734	10.369	0.00390196	0.469361	
559	-0.455551	-4980.08	-74.365	10.3586	0.00453489	0.447948	
560	-0.511198	-4875.06	-72.1162	10.315	0.00515334	0.425117	
561	-0.567189	-4754.19	-69.7076	10.221	0.00575685	0.402859	
562	-0.616868	-4618.13	-67.0721	10.0942	0.00634158	0.37932	
563	-0.668824	-4467.13	-64.2669	9.91785	0.00690904	0.356507	
564	-0.713797	-4301.84	-61.2522	9.70974	0.0074538	0.332551	
565	-0.761072	-4122.74	-58.0568	9.45348	0.00797855	0.309479	
566	-0.802719	-3930.44	-54.6733	9.16699	0.00847721	0.285404	
567	-0.844715	-3725.59	-51.1014	8.83443	0.0089527	0.262367	
568	-0.883673	-3508.81	-47.3662	8.4736	0.00939925	0.238473	
569	-0.919856	-3280.88	-43.4423	8.06932	0.00981931	0.215762	
570	-0.955527	-3042.44	-39.3822	7.63923	0.010208	0.192345	
571	-0.985435	-2794.38	-35.1437	7.16876	0.0105671	0.170244	
572	-1.01609	-2537.35	-30.797	6.67535	0.0108927	0.147588	
573	-1.03934	-2272.32	-26.2942	6.14505	0.0111859	0.126371	
574	-1.06275	-1999.99	-21.7113	5.59507	0.0114439	0.104747	
575	-1.07903	-1721.34	-17.0056	5.01198	0.0116675	0.0846734	
576	-1.09333	-1437.14	-12.248	4.41283	0.0118542	0.0643353	
577	-1.1024	-1148.38	-7.40886	3.7846	0.0120051	0.0456533	
578	-1.10679	-855.9	-2.54647	3.14423	0.0121179	0.0268367	
579	-1.1085	-560.625	2.35237	2.47898	0.0121942	0.00977917	
580	-1.1035	-263.523	7.24505	1.80574	0.0122314	-0.00729749	
581	-1.09777	34.5818	12.1295	1.11192	0.0122316	-0.0225138	
582	-1.08488	332.603	16.9775	0.414489	0.0121926	-0.0376487	
583	-1.07173	629.826	21.7769	-0.299164	0.0121161	-0.050825	
584	-1.05277	925.052	26.5088	-1.01194	0.0120007	-0.063834	
585	-1.03231	1217.69	31.1581	-1.73655	0.0118474	-0.0747918	
586	-1.00861	1506.44	35.7091	-2.45569	0.0116561	-0.0855105	
587	-0.981031	1790.82	40.1505	-3.18232	0.0114265	-0.0940941	
588	-0.952928	2069.47	44.4639	-3.89885	0.0111603	-0.102381	
589	-0.918555	2342.03	48.6464	-4.61855	0.0108555	-0.108461	
590	-0.885373	2607.07	52.6731	-5.32356	0.010516	-0.114202	
591	-0.844622	2864.34	56.5513	-6.02751	0.010138	-0.117678	
592	-0.805132	3112.41	60.2485	-6.71223	0.00972765	-0.120789	
593	-0.758521	3351.08	63.7801	-7.39176	0.00927965	-0.121591	
594	-0.711672	3579	67.1083	-8.04768	0.00880183	-0.122022	
595	-0.659804	3796	70.2523	-8.69439	0.00828817	-0.120117	
596	-0.605386	4000.81	73.1728	-9.31329	0.00774773	-0.11785	
597	-0.548941	4193.28	75.8878	-9.91915	0.00717423	-0.113238	
598	-0.487896	4372.3	78.3614	-10.4932	0.00657748	-0.108291	
599	-0.427614	4537.69	80.6049	-11.0506	0.0059514	-0.101011	
600	-0.361881	4688.54	82.5913	-11.5726	0.0053061	-0.0934339	
601	-0.298549	4824.64	84.3216	-12.0745	0.00463601	-0.0835589	
602	-0.230506	4945.28	85.7814	-12.5377	0.00395117	-0.0734373	
603	-0.164952	5050.23	86.9596	-12.9777	0.00324674	-0.0610794	
604	-0.0967346	5139.01	87.8573	-13.376	0.00253229	-0.0485326	
605	-0.0298143	5211.36	88.4512	-13.7483	0.00180389	-0.0338388	
606	0.0371947	5267.04	88.7592	-14.0766	0.0010703	-0.0190228	
607	0.104605	5305.79	88.7474	-14.3764	0.000328673	-0.002175	
608	0.169901	5327.56	88.4491	-14.6301	-0.000413432	0.0147164	
609	0.236913	5332.13	87.8243	-14.8533	-0.00115758	0.0335039	
610	0.300594	5319.64	86.9176	-15.029	-0.00189769	0.0522391	
611	0.366323	5289.94	85.6881	-15.1726	-0.00263401	0.072722	
612	0.428564	5243.31	84.1857	-15.2676	-0.00336194	0.0930346	
613	0.492144	5179.71	82.3754	-15.3295	-0.0040806	0.114942	
614	0.552724	5099.52	80.3047	-15.3423	-0.00478664	0.136536	
615	0.613326	5002.85	77.9504	-15.3214	-0.00547849	0.159574	
616	0.671426	4890.16	75.3507	-15.2515	-0.00615349	0.182135	
617	0.728278	4761.71	72.4981	-15.148	-0.00681009	0.205994	
618	0.78265	4618	69.4171	-14.9959	-0.00744555	0.229194	
619	0.83505	4459.48	66.1166	-14.8108	-0.00805915	0.253553	
620	0.884454	4286.68	62.6062	-14.5783	-0.00864735	0.277068	
621	0.931782	4100.21	58.9081	-14.314	-0.00921084	0.301603	
622	0.975431	3900.62	55.0209	-14.0038	-0.00974485	0.325113	
623	1.01715	3688.68	50.9729	-13.6635	-0.0102518	0.349503	
624	1.05493	3464.96	46.7594	-13.2795	-0.0107255	0.372704	
625	1.09059	3230.36	42.4058	-12.8678	-0.0111699	0.396638	
626	1.12288	2985.45	37.9134	-12.415	-0.0115781	0.41924	
627	1.1521	2731.28	33.2962	-11.9373	-0.0119547	0.442423	
628	1.17931	2468.42	28.5699	-11.4215	-0.0122927	0.464152	
629	1.20178	2198.01	23.7318	-10.8842	-0.0125968	0.486307	
630	1.22381	1920.61	18.8168	-10.3123	-0.0128604	0.506903	
631	1.23927	1637.46	13.8046	-9.7227	-0.0130878	0.527776	
632	1.25523	1349.13	8.74898	-9.10213	-0.0132735	0.546993	
633	1.26347	1056.89	3.61647	-8.46821	-0.0134208	0.566352	
634	1.27175	761.313	-1.52569	-7.80732	-0.0135255	0.583957	
635	1.27262	463.718	-6.71613	-7.13756	-0.0135899	0.60159	
636	1.27149	164.669	-11.883	-6.44508	-0.0136112	0.617367	
637	1.26489	-134.512	-17.0611	-5.74844	-0.0135909	0.633083	
638	1.25319	-433.248	-22.1834	-5.03351	-0.0135274	0.646836	
639	1.2391	-730.252	-27.2737	-4.31921	-0.0134218	0.660462	
640	1.21681	-1024.92	-32.2767	-3.59117	-0.0132732	0.672015	
641	1.19531	-1316.03	-37.2028	-2.86856	-0.0130829	0.683396	
642	1.16374	-1602.94	-42.0108	-2.13684	-0.0128505	0.692601	
643	1.13504	-1884.53	-46.7001	-1.41527	-0.0125775	0.701599	
644	1.09643	-2160.11	-51.2411	-0.689217	-0.012264	0.708333	
645	1.06084	-2428.69	-55.6285	0.0220739	-0.0119117	0.714832	
646	1.01763	-2689.51	-59.8388	0.733263	-0.0115213	0.719001	
647	0.975591	-2941.74	-63.8697	1.42527	-0.0110946	0.722906	
648	0.929578	-3184.57	-67.6963	2.1127	-0.0106325	0.724447	
649	0.881658	-3417.31	-71.3265	2.77674	-0.0101373	0.725693	
650	0.833534	-3639.12	-74.7278	3.43188	-0.00961008	0.724572	
651	0.780399	-3849.47	-77.9217	4.05967	-0.00905312	0.723125	
652	0.729718	-4047.49	-80.8653	4.67447	-0.00846773	0.719336	
653	0.67212	-4232.8	-83.5929	5.25822	-0.00785644	0.715201	
654	0.617793	-4404.56	-86.0523	5.82514	-0.00722047	0.708773	
655	0.556545	-4562.46	-88.2853	6.35762	-0.00656274	0.701992	
656	0.497587	-4705.77	-90.2356	6.86975	-0.00588421	0.692984	
657	0.433543	-4834.26	-91.9452	7.34434	-0.00518828	0.683644	
658	0.369727	-4947.27	-93.3607	7.79543	-0.00447564	0.672151	
659	0.303762	-5044.66	-94.516	8.20622	-0.00375018	0.660375	
660	0.23593	-5125.91	-95.369	8.59077	-0.00301235	0.646527	
661	0.168928	-5190.89	-95.9388	8.9326	-0.00226643	0.632481	
662	0.0988325	-5239.29	-96.2015	9.24587	-0.0015128	0.616444	
663	0.0316709	-5270.98	-96.1571	9.51441	-0.000755961	0.600323	
664	-0.0385182	-5285.83	-95.8049	9.75252	3.68152e-06	0.582299	
665	-0.104976	-5283.76	-95.1254	9.94428	0.000761548	0.564328	
666	-0.17327	-5264.8	-94.1417	10.1042	0.00151718	0.544551	
667	-0.238184	-5228.92	-92.8182	10.2167	0.00226601	0.524977	
668	-0.303204	-5176.32	-91.1989	10.2964	0.00300762	0.503708	
669	-0.365765	-5107.03	-89.239	10.3278	0.00373748	0.482797	
670	-0.426845	-5021.41	-86.9961	10.3263	0.00445531	0.460318	
671	-0.48629	-4919.53	-84.4254	10.2761	0.0051567	0.438349	
672	-0.543276	-4801.92	-81.5881	10.193	0.00584154	0.414954	
673	-0.59889	-4668.73	-78.4496	10.0616	0.00650568	0.392216	
674	-0.651773	-4520.61	-75.0637	9.89792	0.00714901	0.368207	
675	-0.702898	-4357.78	-71.4149	9.68653	0.00776798	0.344997	
676	-0.75149	-4181.03	-67.5401	9.44416	0.00836212	0.320677	
677	-0.797531	-3990.65	-63.4482	9.15521	0.00892888	0.297295	
678	-0.841319	-3787.53	-59.1536	8.83701	0.00946703	0.272967	
679	-0.881737	-3572.05	-54.6903	8.47388	0.00997527	0.249716	
680	-0.919958	-3345.18	-50.0499	8.0837	0.0104514	0.225675	
681	-0.954276	-3107.4	-45.2871	7.65078	0.0108955	0.202858	
682	-0.986117	-2859.72	-40.3752	7.19347	0.0113043	0.1794	
683	-1.01392	-2602.73	-35.3816	6.69609	0.0116791	0.157315	
684	-1.03873	-2337.47	-30.2698	6.1774	0.012016	0.134728	
685	-1.05965	-2064.63	-25.1099	5.62181	0.0123169	0.113663	
686	-1.07705	-1785.24	-19.8653	5.04837	0.0125779	0.0922297	
687	-1.09081	-1500.11	-14.5999	4.44165	0.0128009	0.0724605	
688	-1.10064	-1210.22	-9.28544	3.82086	0.0129827	0.0524503	
689	-1.10701	-916.527	-3.97328	3.17082	0.0131247	0.0342343	
690	-1.10924	-619.925	1.35134	2.51077	0.013225	0.0158998	
691	-1.10808	-321.48	6.65141	1.82584	0.0132841	-0.000528945	
692	-1.1027	-22.015	11.9278	1.13518	0.0133013	-0.0169593	
693	-1.09397	277.316	17.1557	0.424279	0.013277	-0.0313934	
694	-1.08096	575.767	22.3252	-0.287907	0.0132108	-0.0457212	
695	-1.06472	872.13	27.4197	-1.01551	0.0131037	-0.057983	
696	-1.04416	1165.72	32.423	-1.73984	0.0129554	-0.0700439	
697	-1.02056	1455.33	37.323	-2.47469	0.0127675	-0.079987	
698	-0.992747	1740.31	42.101	-3.20163	0.0125392	-0.0896525	
699	-0.96207	2019.49	46.7478	-3.9342	0.0122734	-0.0971623	
700	-0.927586	2292.24	51.2436	-4.65421	0.0119685	-0.104339	
701	-0.890206	2557.47	55.5837	-5.37504	0.0116285	-0.109332	
702	-0.849889	2814.56	59.7456	-6.07873	0.0112512	-0.113959	
703	-0.806291	3062.53	63.7325	-6.7786	0.010841	-0.116384	
704	-0.761038	3300.73	67.5157	-7.45684	0.0103959	-0.11843	
705	-0.711801	3528.37	71.1107	-8.12683	0.00991976	-0.118264	
706	-0.662328	3744.74	74.4785	-8.77088	0.00941164	-0.117725	
707	-0.608114	3949.22	77.6495	-9.40253	0.00887412	-0.114972	
708	-0.554771	4141.1	80.5724	-10.0042	0.00830799	-0.11187	
709	-0.496307	4319.91	83.2914	-10.5895	0.00771379	-0.106565	
710	-0.43906	4484.92	85.7447	-11.1411	0.00709478	-0.100945	
711	-0.377121	4635.86	87.9848	-11.6729	0.00644914	-0.0931471	
712	-0.315745	4772	89.945	-12.1675	0.00578274	-0.0850805	
713	-0.251138	4893.2	91.6777	-12.6393	0.00509155	-0.0748777	
714	-0.185579	4998.79	93.1196	-13.0707	0.00438389	-0.0644613	
715	-0.119129	5088.76	94.3133	-13.4766	0.00365395	-0.0519681	
716	-0.0498869	5162.49	95.2082	-13.8396	0.00291207	-0.0393259	
717	0.0175756	5220.09	95.8287	-14.1748	0.00215123	-0.0246841	
718	0.0892098	5261.03	96.1455	-14.4649	0.00138325	-0.00996821	
719	0.156853	5285.53	96.1591	-14.7255	0.000600451	0.00665318	
720	0.228838	5293.16	95.8669	-14.9391	-0.000184409	0.0232621	
721	0.295833	5284.2	95.245	-15.1221	-0.000979189	0.0416675	
722	0.365729	5258.38	94.3187	-15.2568	-0.00177073	0.0599605	
723	0.431251	5216.04	93.0433	-15.3601	-0.00256663	0.0799287	
724	0.496776	5157.05	91.4687	-15.4144	-0.00335392	0.0996702	
725	0.560015	5081.79	89.5373	-15.4368	-0.00413951	0.120956	
726	0.619624	4990.3	87.3167	-15.41	-0.00491122	0.141887	
727	0.679789	4883.01	84.7457	-15.3515	-0.00567485	0.164225	
728	0.733034	4760.11	81.9007	-15.244	-0.00641963	0.186064	
729	0.789366	4622.08	78.7261	-15.1054	-0.00714983	0.209171	
730	0.836891	4469.26	75.2975	-14.9185	-0.00785666	0.231625	
731	0.888681	4302.17	71.5729	-14.7015	-0.00854259	0.255204	
732	0.931814	4121.3	67.6189	-14.4374	-0.00920108	0.27797	
733	0.97841	3927.2	63.4113	-14.1446	-0.00983289	0.301717	
734	1.01849	3720.53	59.0021	-13.8065	-0.0104336	0.324488	
735	1.05931	3501.86	54.386	-13.4415	-0.0110027	0.348095	
736	1.09698	3271.97	49.5986	-13.0334	-0.0115373	0.370567	
737	1.13152	3031.47	44.6505	-12.6005	-0.0120365	0.393729	
738	1.1663	2781.28	39.5627	-12.1272	-0.012498	0.415605	
739	1.19414	2522.02	34.3565	-11.6318	-0.0129214	0.438025	
740	1.22437	2254.69	29.0427	-11.0991	-0.0133042	0.459018	
741	1.24516	1980	23.6469	-10.5472	-0.0136472	0.480409	
742	1.2685	1698.98	18.1764	-9.96155	-0.013947	0.500244	
743	1.28196	1412.4	12.6536	-9.36007	-0.0142062	0.520337	
744	1.29605	1121.3	7.08978	-8.72865	-0.0144199	0.538755	
745	1.302	826.542	1.49854	-8.08518	-0.0145926	0.557298	
746	1.30527	529.139	-4.09923	-7.41586	-0.0147182	0.574055	
747	1.30359	230.051	-9.70205	-6.7386	-0.0148025	0.590817	
748	1.2957	-69.786	-15.276	-6.03979	-0.0148388	0.605692	
749	1.28639	-369.31	-20.8324	-5.33746	-0.0148334	0.620465	
750	1.2683	-667.672	-26.324	-4.61805	-0.01478	0.63326	
751	1.25143	-963.725	-31.7726	-3.89977	-0.0146843	0.645862	
752	1.225	-1256.72	-37.1207	-3.16899	-0.0145413	0.656404	
753	1.20076	-1545.44	-42.3962	-2.44413	-0.0143556	0.66668	
754	1.16809	-1829.25	-47.5365	-1.7114	-0.014124	0.674828	
755	1.13678	-2106.9	-52.5707	-0.989471	-0.0138495	0.682652	
756	1.09953	-2377.84	-57.4364	-0.264311	-0.0135311	0.688297	
757	1.06155	-2640.81	-62.1599	0.445197	-0.0131703	0.693575	
758	1.02056	-2895.36	-66.6839	1.15335	-0.012768	0.69664	
759	0.976405	-3140.28	-71.0288	1.8411	-0.0123247	0.699313	
760	0.931642	-3375.17	-75.1459	2.52302	-0.0118426	0.699757	
761	0.881899	-3598.89	-79.0489	3.17994	-0.0113221	0.699799	
762	0.832795	-3811.12	-82.6987	3.82674	-0.0107658	0.697614	
763	0.778119	-4010.8	-86.1031	4.4442	-0.0101746	0.695036	
764	0.724069	-4197.68	-89.2319	5.04748	-0.00955109	0.690249	
765	0.665176	-4370.81	-92.0895	5.61736	-0.0088971	0.685095	
766	0.605996	-4529.98	-94.6523	6.1693	-0.00821458	0.677764	
767	0.543651	-4674.39	-96.924	6.68416	-0.00750657	0.670116	
768	0.479836	-4803.87	-98.8852	7.17767	-0.00677432	0.660334	
769	0.414843	-4917.77	-100.542	7.63081	-0.00602182	0.650301	
770	0.347529	-5015.97	-101.876	8.05957	-0.00524976	0.638191	
771	0.280723	-5097.97	-102.897	8.44515	-0.00446271	0.625914	
772	0.211442	-5163.69	-103.588	8.80376	-0.00366109	0.611629	
773	0.143679	-5212.81	-103.963	9.11686	-0.00284959	0.597273	
774	0.074021	-5245.27	-104.005	9.40084	-0.00202874	0.580993	
775	0.00617234	-5260.93	-103.732	9.63753	-0.00120282	0.564747	
776	-0.0624984	-5259.76	-103.127	9.84344	-0.000372914	0.546678	
777	-0.129556	-5241.79	-102.213	10.0008	0.000457548	0.528749	
778	-0.196236	-5207.05	-100.973	10.1262	0.00128659	0.509116	
779	-0.261632	-5155.7	-99.4307	10.2023	0.00211195	0.489733	
780	-0.325655	-5087.83	-97.5733	10.2459	0.00293051	0.468776	
781	-0.388539	-5003.75	-95.4254	10.24	0.00374131	0.448184	
782	-0.449445	-4903.64	-92.975	10.2014	0.00454003	0.42616	
783	-0.509001	-4787.87	-90.248	10.1136	0.00532705	0.404619	
784	-0.566376	-4656.76	-87.2345	9.99356	0.00609684	0.381795	
785	-0.621838	-4510.74	-83.9598	9.82521	0.00685098	0.35958	
786	-0.675184	-4350.25	-80.4175	9.62542	0.00758298	0.336234	
787	-0.72585	-4175.78	-76.6302	9.37868	0.00829534	0.313632	
788	-0.774534	-3987.92	-72.5972	9.1019	0.00898093	0.29005	
789	-0.819777	-3787.16	-68.3362	8.77991	0.0096428	0.267355	
790	-0.863039	-3574.25	-63.8546	8.42979	0.0102736	0.24383	
791	-0.902316	-3349.67	-59.1629	8.03664	0.0108765	0.221343	
792	-0.939349	-3114.36	-54.2793	7.6177	0.0114445	0.198168	
793	-0.972201	-2868.77	-49.2058	7.1583	0.0119802	0.176187	
794	-1.00226	-2613.99	-43.9721	6.67593	0.0124777	0.153657	
795	-1.02831	-2350.46	-38.5729	6.156	0.0129386	0.132476	
796	-1.05083	-2079.41	-33.0484	5.61631	0.0133583	0.110875	
797	-1.0698	-1801.26	-27.3884	5.04232	0.0137372	0.0907772	
798	-1.0845	-1517.34	-21.64	4.45211	0.0140724	0.070382	
799	-1.09617	-1228.09	-15.7932	3.83118	0.0143629	0.051636	
800	-1.10314	-934.905	-9.89653	3.1979	0.0146079	0.0327066	
801	-1.10735	-638.243	-3.94537	2.53771	0.0148046	0.0155625	
802	-1.10697	-339.536	2.01679	1.86932	0.0149545	-0.00165857	
803	-1.10366	-39.2667	7.98401	1.17808	0.0150535	-0.0169721	
804	-1.09643	261.133	13.9236	0.482991	0.0151048	-0.0322629	
805	-1.0856	561.14	19.8163	-0.230708	0.0151037	-0.045541	
806	-1.07196	859.358	25.6438	-0.943728	0.0150545	-0.0587031	
807	-1.05368	1155.22	31.3734	-1.67096	0.0149527	-0.0697663	
808	-1.03379	1447.39	37.0015	-2.39288	0.014803	-0.080628	
809	-1.00822	1735.25	42.4855	-3.1245	0.0146018	-0.0893241	
810	-0.981813	2017.57	47.8334	-3.84614	0.0143537	-0.0977435	
811	-0.949219	2293.7	52.9985	-4.57287	0.0140562	-0.10395	
812	-0.915746	2562.48	57.9947	-5.28497	0.0137134	-0.109818	
813	-0.876474	2823.26	62.7778	-5.99753	0.0133245	-0.113443	
814	-0.835395	3075	67.3615	-6.69089	0.0128925	-0.116688	
815	-0.789898	3317.03	71.7096	-7.38008	0.0124182	-0.117672	
816	-0.741072	3548.44	75.83	-8.04564	0.0119037	-0.118257	
817	-0.689905	3768.57	79.6982	-8.70251	0.011351	-0.116578	
818	-0.633937	3976.62	83.3129	-9.3315	0.0107617	-0.114504	
819	-0.577749	4172	86.6616	-9.94744	0.0101381	-0.110173	
820	-0.516088	4354.01	89.7341	-10.5315	0.00948215	-0.105477	
821	-0.455615	4522.11	92.5269	-11.0984	0.00879562	-0.0985447	
822	-0.390338	4675.72	95.0241	-11.6297	0.00808137	-0.0912938	
823	-0.326384	4814.39	97.2265	-12.14	0.00734017	-0.0818456	
824	-0.259694	4937.64	99.1177	-12.6115	0.00657609	-0.0721407	
825	-0.193119	5045.14	100.698	-13.0585	0.00578873	-0.0602957	
826	-0.126743	5136.48	101.955	-13.4637	0.00498351	-0.0482668	
827	-0.0584426	5211.46	102.885	-13.8415	0.00415885	-0.0341758	
828	0.00681018	5269.76	103.484	-14.1751	0.00332141	-0.0199824	
829	0.0759233	5311.32	103.744	-14.4789	0.00246872	-0.0038238	
830	0.14024	5335.89	103.671	-14.7363	0.00160838	0.0123463	
831	0.209255	5343.57	103.253	-14.9621	0.000737364	0.03037	
832	0.273471	5334.16	102.504	-15.1401	-0.000136122	0.0483025	
833	0.341492	5307.94	101.412	-15.2851	-0.0010154	0.0679681	
834	0.406425	5264.74	99.996	-15.3813	-0.00189187	0.0874254	
835	0.472588	5205.02	98.2515	-15.444	-0.00276909	0.108492	
836	0.538337	5128.65	96.1929	-15.4573	-0.00363809	0.129219	
837	0.601814	5036.27	93.8292	-15.4369	-0.00450283	0.151432	
838	0.667317	4927.77	91.166	-15.3672	-0.00535383	0.173159	
839	0.727327	4803.95	88.2274	-15.2645	-0.00619573	0.19625	
840	0.790404	4664.76	85.0075	-15.1129	-0.00701829	0.218701	
841	0.846214	4511.12	81.5444	-14.9292	-0.00782713	0.242392	
842	0.904095	4343.06	77.8215	-14.6978	-0.00861111	0.265287	
843	0.955027	4161.59	73.886	-14.436	-0.00937694	0.289289	
844	1.00518	3966.81	69.7148	-14.1279	-0.0101126	0.312347	
845	1.05061	3759.82	65.3564	-13.7913	-0.0108258	0.336366	
846	1.09151	3540.82	60.7892	-13.4107	-0.0115038	0.3593	
847	1.1309	3310.94	56.0533	-13.0039	-0.0121551	0.383041	
848	1.16244	3070.49	51.138	-12.5556	-0.0127668	0.405562	
849	1.19529	2820.61	46.0658	-12.084	-0.0133473	0.428728	
850	1.21865	2561.73	40.8459	-11.5738	-0.0138846	0.450543	
851	1.24457	2295.01	35.4768	-11.0435	-0.0143861	0.472843	
852	1.26154	2020.96	29.9939	-10.4779	-0.0148413	0.493661	
853	1.28021	1740.74	24.3697	-9.89574	-0.0152564	0.514811	
854	1.29234	1454.96	18.6674	-9.28195	-0.0156228	0.534347	
855	1.30354	1164.76	12.8361	-8.65533	-0.0159448	0.554077	
856	1.31142	870.835	6.96382	-8.00107	-0.0162163	0.572057	
857	1.31503	574.311	0.983499	-7.33799	-0.0164396	0.590115	
858	1.318	275.954	-4.99967	-6.65147	-0.0166111	0.60629	
859	1.31396	-23.1518	-11.0589	-5.96033	-0.0167314	0.622443	
860	1.3104	-322.177	-17.0825	-5.25015	-0.0167988	0.636592	
861	1.29878	-620.077	-23.1389	-4.53968	-0.0168127	0.650631	
862	1.28683	-915.979	-29.1211	-3.81471	-0.0167733	0.662563	
863	1.26773	-1208.89	-35.084	-3.09388	-0.0166789	0.674306	
864	1.24612	-1497.9	-40.9344	-2.36317	-0.0165314	0.683866	
865	1.21975	-1782.07	-46.708	-1.64105	-0.0163284	0.693159	
866	1.18836	-2060.51	-52.3319	-0.913698	-0.016073	0.70022	
867	1.155	-2332.3	-57.8209	-0.199381	-0.0157627	0.706941	
868	1.11497	-2596.58	-63.1246	0.515536	-0.0154016	0.711403	
869	1.07496	-2852.49	-68.2394	1.21303	-0.0149873	0.715465	
870	1.02821	-3099.22	-73.1354	1.90659	-0.0145245	0.717257	
871	0.982024	-3335.92	-77.7963	2.57843	-0.0140115	0.718607	
872	0.930558	-3561.92	-82.2078	3.24195	-0.0134532	0.717686	
873	0.87874	-3776.34	-86.3475	3.87957	-0.0128488	0.71631	
874	0.823966	-3978.66	-90.2107	4.50471	-0.012203	0.712669	
875	0.767171	-4168.01	-93.7754	5.09994	-0.0115163	0.708591	
876	0.70959	-4344.01	-97.0405	5.67878	-0.0107928	0.702259	
877	0.648561	-4505.82	-99.9892	6.22393	-0.0100343	0.695541	
878	0.587939	-4653.21	-102.619	6.74909	-0.00924395	0.686593	
879	0.523497	-4785.36	-104.922	7.23704	-0.00842503	0.677336	
880	0.459404	-4902.21	-106.891	7.70177	-0.00757944	0.66589	
881	0.392422	-5002.98	-108.527	8.1261	-0.00671172	0.654227	
882	0.324867	-5087.77	-109.818	8.52438	-0.00582277	0.640442	
883	0.25625	-5155.86	-110.774	8.87944	-0.0049177	0.626541	
884	0.186061	-5207.48	-111.377	9.20607	-0.00399704	0.610609	
885	0.116724	-5242.03	-111.645	9.48711	-0.00306566	0.594663	
886	0.0455069	-5259.84	-111.556	9.73779	-0.00212452	0.576801	
887	-0.0236432	-5260.42	-111.136	9.941	-0.00117745	0.559029	
888	-0.0939581	-5244.21	-110.359	10.1124	-0.000226599	0.539472	
889	-0.162031	-5210.86	-109.255	10.235	0.000725782	0.520115	
890	-0.229796	-5160.88	-107.8	10.3249	0.00167585	0.499109	
891	-0.295925	-5094.08	-106.028	10.3652	0.00262307	0.478423	
892	-0.360223	-5011.03	-103.913	10.3724	0.00356188	0.456228	
893	-0.423566	-4911.69	-101.492	10.3298	0.00449312	0.434483	
894	-0.484255	-4796.68	-98.7446	10.2542	0.00540995	0.411366	
895	-0.544002	-4666.15	-95.7069	10.1292	0.00631392	0.388843	
896	-0.601328	-4520.72	-92.3616	9.97194	0.00719766	0.365086	
897	-0.656708	-4360.72	-88.7447	9.76617	0.00806266	0.342076	
898	-0.710703	-4186.8	-84.8444	9.52926	0.00890189	0.31797	
899	-0.760991	-3999.42	-80.6933	9.24539	0.00971609	0.294769	
900	-0.810975	-3799.28	-76.2861	8.93207	0.0104993	0.270614	
901	-0.855512	-3586.96	-71.651	8.57383	0.0112511	0.247521	
902	-0.899999	-3363.21	-66.7896	8.18828	0.0119671	0.22362	
903	-0.9382	-3128.7	-61.7246	7.76036	0.0126458	0.200935	
904	-0.975283	-2884.21	-56.4648	7.30771	0.0132842	0.177591	
905	-1.00665	-2630.51	-51.0271	6.81569	0.01388	0.15561	
906	-1.03471	-2368.42	-45.4279	6.30196	0.0144315	0.133119	
907	-1.05884	-2098.76	-39.6777	5.75222	0.0149361	0.112131	
908	-1.07719	-1822.42	-33.8011	5.18417	0.015393	0.090776	
909	-1.0938	-1540.23	-27.8025	4.58385	0.0157995	0.0710566	
910	-1.10295	-1253.13	-21.7148	3.96894	0.0161554	0.051109	
911	-1.11184	-961.966	-15.537	3.32576	0.0164583	0.0329179	
912	-1.11327	-667.741	-9.30911	2.672	0.0167086	0.0146288	
913	-1.11434	-371.283	-3.02721	1.99421	0.0169037	-0.00179476	
914	-1.10971	-73.6433	3.26436	1.31009	0.0170449	-0.0181963	
915	-1.10299	224.381	9.56893	0.606325	0.0171295	-0.0326369	
916	-1.09334	521.688	15.8424	-0.0993539	0.0171595	-0.046948	
917	-1.07892	817.53	22.0829	-0.820178	0.017132	-0.0592169	
918	-1.06419	1110.76	28.2521	-1.53837	0.0170499	-0.0712651	
919	-1.04229	1400.7	34.3387	-2.26718	0.0169099	-0.0812021	
920	-1.02134	1686.16	40.3155	-2.98874	0.016716	-0.0908473	
921	-0.99224	1966.54	46.1588	-3.7164	0.0164647	-0.0983218	
922	-0.963542	2240.63	51.8557	-4.43219	0.0161606	-0.105457	
923	-0.927599	2507.9	57.3704	-5.14962	0.0158004	-0.110369	
924	-0.89004	2767.16	62.704	-5.85061	0.0153893	-0.114918	
925	-0.847691	3017.94	67.8127	-6.5489	0.0149242	-0.117199	
926	-0.801314	3259.08	72.7075	-7.22627	0.0144109	-0.119115	
927	-0.753056	3490.17	77.3433	-7.89674	0.0138464	-0.118726	
928	-0.69922	3710.12	81.7343	-8.54199	0.0132371	-0.117987	
929	-0.645613	3918.57	85.842	-9.17631	0.0125801	-0.114925	
930	-0.586559	4114.51	89.6762	-9.78132	0.0118827	-0.111535	
931	-0.528224	4297.63	93.2118	-10.3716	0.0111417	-0.105825	
932	-0.466257	4467.03	96.4483	-10.9287	0.0103652	-0.0998174	
933	-0.403882	4622.45	99.3776	-11.4675	0.00954982	-0.0915205	
934	-0.34057	4763.12	101.986	-11.9697	0.00870443	-0.0829591	
935	-0.274908	4888.81	104.282	-12.4503	0.0078256	-0.0721689	
936	-0.210705	4998.9	106.24	-12.8912	0.00692243	-0.0611555	
937	-0.14257	5093.2	107.88	-13.3074	0.00599185	-0.047999	
938	-0.0770268	5171.25	109.171	-13.6812	0.00504273	-0.0346742	
939	-0.00728638	5232.89	110.134	-14.0278	0.00407275	-0.0193112	
940	0.0602779	5277.85	110.744	-14.3297	0.00309008	-0.00385461	
941	0.130714	5306.01	111.015	-14.6022	0.00209341	0.0135236	
942	0.200435	5317.23	110.931	-14.828	0.00108998	0.0308974	
943	0.270635	5311.51	110.494	-15.0229	7.95144e-05	0.0500707	
944	0.341622	5288.82	109.707	-15.1698	-0.00093162	0.0691187	
945	0.410648	5249.25	108.556	-15.2844	-0.00194298	0.089841	
946	0.481037	5192.9	107.062	-15.3502	-0.0029487	0.110298	
947	0.547969	5119.97	105.196	-15.383	-0.00394809	0.132302	
948	0.615465	5030.67	102.998	-15.3667	-0.00493535	0.153889	
949	0.679411	4925.3	100.43	-15.3173	-0.00590999	0.17689	
950	0.742033	4804.18	97.5429	-15.219	-0.00686597	0.199315	
951	0.802146	4667.73	94.2983	-15.0879	-0.00780325	0.223017	
952	0.858782	4516.35	90.7521	-14.9086	-0.00871548	0.245984	
953	0.914275	4350.58	86.8703	-14.6975	-0.00960304	0.270083	
954	0.964797	4170.9	82.7097	-14.4394	-0.0104596	0.29329	
955	1.01495	3977.95	78.2451	-14.1509	-0.0112855	0.317482	
956	1.05984	3772.3	73.5289	-13.8172	-0.012075	0.340628	
957	1.104	3554.69	68.5485	-13.4551	-0.0128284	0.364611	
958	1.14374	3325.72	63.348	-13.05	-0.0135404	0.387399	
959	1.18135	3086.26	57.9291	-12.6189	-0.0142111	0.410878	
960	1.21585	2836.95	52.3248	-12.1475	-0.0148363	0.433019	
961	1.24644	2578.76	46.5512	-11.653	-0.0154158	0.455708	
962	1.27489	2312.32	40.6292	-11.1213	-0.0159462	0.476925	
963	1.29809	2038.72	34.588	-10.5699	-0.0164276	0.498552	
964	1.31919	1758.6	28.4366	-9.9847	-0.0168568	0.518583	
965	1.33473	1473.11	22.2143	-9.38353	-0.0172346	0.538889	
966	1.34721	1182.91	15.9212	-8.75238	-0.0175577	0.557484	
967	1.35492	889.206	9.6013	-8.10931	-0.0178282	0.576227	
968	1.35809	592.642	3.25049	-7.44033	-0.0180418	0.593153	
969	1.35792	294.469	-3.08867	-6.76378	-0.0182025	0.610107	
970	1.35188	-4.67144	-9.41834	-6.06559	-0.0183048	0.625146	
971	1.34386	-303.516	-15.7041	-5.3644	-0.0183541	0.640105	
972	1.32941	-601.426	-21.9401	-4.64604	-0.0183445	0.653054	
973	1.31369	-897.151	-28.1057	-3.92936	-0.0182818	0.665832	
974	1.29191	-1190.05	-34.1814	-3.20008	-0.0181604	0.676509	
975	1.26873	-1478.92	-40.1646	-2.47725	-0.017986	0.686944	
976	1.24054	-1763.1	-46.019	-1.74643	-0.017754	0.695194	
977	1.21023	-2041.46	-51.7609	-1.02682	-0.0174691	0.703149	
978	1.17615	-2313.33	-57.3367	-0.303847	-0.0171285	0.708847	
979	1.13912	-2577.68	-62.7799	0.403244	-0.0167356	0.714215	
980	1.09929	-2833.82	-68.0217	1.10914	-0.0162894	0.717273	
981	1.05602	-3080.81	-73.1088	1.79464	-0.0157921	0.719979	
982	1.01045	-3317.99	-77.9616	2.47449	-0.0152446	0.720346	
983	0.961482	-3544.51	-82.6346	3.12963	-0.0146482	0.720347	
984	0.910384	-3759.72	-87.0431	3.77485	-0.0140052	0.71801	
985	0.856299	-3962.92	-91.2434	4.39131	-0.0133164	0.715301	
986	0.800197	-4153.45	-95.1519	4.99381	-0.0125851	0.710281	
987	0.741636	-4330.72	-98.8213	5.56379	-0.0118122	0.704896	
988	0.681329	-4494.16	-102.175	6.11605	-0.0110015	0.697248	
989	0.618974	-4643.25	-105.258	6.63239	-0.0101543	0.689256	
990	0.555317	-4777.5	-108.005	7.12756	-0.00927439	0.679068	
991	0.489898	-4896.49	-110.452	7.58375	-0.00836373	0.668576	
992	0.423599	-4999.83	-112.546	8.01573	-0.007426	0.655965	
993	0.355899	-5087.17	-114.314	8.40603	-0.00646371	0.643116	
994	0.287469	-5158.24	-115.717	8.76949	-0.00548047	0.628233	
995	0.218319	-5212.77	-116.775	9.08898	-0.00447907	0.6132	
996	0.148223	-5250.63	-117.461	9.37944	-0.00346323	0.596227	
997	0.0785008	-5271.61	-117.788	9.62405	-0.00243575	0.579211	
998	0.00741501	-5275.72	-117.74	9.8379	-0.00140057	0.56036	
999	-0.0619704	-5262.82	-117.33	10.0045	-0.000360329	0.541591	
