0	0	0	0	0	0	0	
1	0	0	0	0	0	0	
2	0	0	0.330654	-0.000222746	-0.000865795	0	
3	4.76585e-17	-0.00113907	3.53311	-0.00246635	-0.00896069	-8.46291e-06	
4	0.0194054	-0.0309486	16.7459	-0.0119993	-0.0405781	-0.000117002	
5	0.493497	-0.30133	46.4259	-0.0336083	-0.105448	-0.000613038	
6	4.23429	-1.57482	84.7212	-0.0598534	-0.17604	-0.00172654	
7	18.5218	-5.21519	112.579	-0.0712217	-0.211324	-0.00382145	
8	48.6619	-11.9122	126.362	-0.059298	-0.226216	-0.00975657	
9	85.0861	-19.5113	139.588	-0.0363227	-0.260979	-0.0235115	
10	110.688	-23.1189	151.103	-0.0116178	-0.279719	-0.040332	
11	126.124	-19.8315	150.653	0.01241	-0.234712	-0.0475553	
12	146.574	-13.4427	155.31	0.0176088	-0.198991	-0.0445788	
13	174.685	-10.8474	184.527	-0.00771392	-0.241158	-0.0450244	
14	199.69	-13.2684	213.552	-0.0408179	-0.268033	-0.0521687	
15	216.977	-16.4731	216.327	-0.0712798	-0.210817	-0.0560053	
16	230.317	-19.3294	214.262	-0.113956	-0.160776	-0.0545625	
17	238.069	-23.9032	223.463	-0.15133	-0.151024	-0.0525516	
18	237.962	-29.4742	228.483	-0.163888	-0.119632	-0.0478176	
19	239.73	-35.4843	233.412	-0.175547	-0.100111	-0.0407369	
20	244.958	-43.9148	245.284	-0.190061	-0.113716	-0.0385814	
21	242.459	-53.1347	244.308	-0.19085	-0.0829654	-0.0385845	
22	234.578	-59.5287	235.865	-0.194317	-0.0380051	-0.0320124	
23	225.678	-63.9713	241.046	-0.201194	-0.051962	-0.0223012	
24	212.699	-68.1089	245.406	-0.189638	-0.0630179	-0.0162459	
25	201.228	-71.3592	241.844	-0.170876	-0.0538298	-0.0124818	
26	192.109	-73.3439	242.005	-0.154342	-0.0767135	-0.00939016	
27	178.03	-72.1188	234.45	-0.129456	-0.0858496	-0.00661802	
28	162.65	-65.0566	220.83	-0.106134	-0.0802267	-0.0019997	
29	153.927	-53.7454	219.407	-0.0935617	-0.123938	0.00204217	
30	150.689	-40.9622	216.746	-0.0853423	-0.162353	0.00361253	
31	149.34	-26.299	206.206	-0.0888663	-0.165223	0.00873028	
32	150.323	-10.4232	202.838	-0.109562	-0.191595	0.0148998	
33	151.753	3.54586	200.447	-0.136665	-0.216834	0.0136076	
34	153.683	15.0711	195.154	-0.168118	-0.216046	0.0107239	
35	159.334	24.2166	193.76	-0.206642	-0.225843	0.008969	
36	164.936	28.7348	188.323	-0.246901	-0.225856	0.001751	
37	167.748	29.2704	179.146	-0.285831	-0.201877	-0.00493824	
38	168.561	28.793	174.668	-0.322165	-0.19283	-0.00590912	
39	167.83	27.3897	168.729	-0.354308	-0.185393	-0.00662999	
40	167.387	23.8576	157.11	-0.383829	-0.15143	-0.00776913	
41	164.647	16.9423	144.874	-0.408941	-0.121234	-0.00841288	
42	156.491	6.18822	132.976	-0.426266	-0.104524	-0.00835691	
43	142.28	-6.1252	119.37	-0.437932	-0.0802791	-0.00571859	
44	124.752	-18.6236	104.36	-0.443951	-0.0608007	-0.00295751	
45	107.081	-31.3115	87.308	-0.437819	-0.047146	-0.000706751	
46	85.3503	-42.1996	67.5692	-0.419247	-0.0253569	0.00454465	
47	60.8486	-50.4817	48.4541	-0.396125	-0.0177796	0.0109449	
48	36.6513	-56.9532	29.8423	-0.369383	-0.0272213	0.0160113	
49	12.1897	-60.2049	8.72092	-0.337746	-0.0301862	0.0237005	
50	-8.47051	-59.1521	-11.0285	-0.308253	-0.0400836	0.0353602	
51	-27.7763	-54.4366	-27.7843	-0.284156	-0.0606905	0.0456937	
52	-48.3368	-46.5459	-44.2424	-0.261867	-0.0734528	0.0534464	
53	-65.0501	-37.0759	-56.8119	-0.240295	-0.0937948	0.0601198	
54	-77.1627	-27.0737	-66.8902	-0.222315	-0.120111	0.0621808	
55	-88.1243	-15.431	-80.293	-0.211441	-0.125052	0.0601677	
56	-100.091	-2.72587	-92.9681	-0.205803	-0.123538	0.0580171	
57	-110.277	9.92297	-103.594	-0.203111	-0.128638	0.0536744	
58	-117.826	23.8674	-115.831	-0.206776	-0.125038	0.0478838	
59	-124.705	38.4753	-128.049	-0.21812	-0.115531	0.0436622	
60	-130.966	50.7457	-140.676	-0.235975	-0.10607	0.0388832	
61	-139.473	60.8068	-154.188	-0.259105	-0.0931837	0.0345089	
62	-149.223	69.232	-165.367	-0.284475	-0.0847566	0.0311325	
63	-158.076	73.3958	-175.111	-0.310118	-0.0838018	0.0237521	
64	-167.741	72.4912	-186.207	-0.332806	-0.0765815	0.0146183	
65	-177.49	68.0529	-197.005	-0.347214	-0.0685359	0.00886781	
66	-187.664	60.4534	-204.989	-0.35207	-0.0746056	0.00245163	
67	-197.422	51.5219	-212.739	-0.350551	-0.0790743	-0.00428159	
68	-204.503	43.3735	-222.532	-0.342968	-0.0779224	-0.0047489	
69	-209.482	35.2949	-231.943	-0.324894	-0.085521	-0.00273216	
70	-213.721	27.6448	-239.775	-0.299223	-0.0929998	-0.00119143	
71	-217.778	21.435	-245.732	-0.273334	-0.101286	0.00512262	
72	-219.569	15.8563	-249.688	-0.244388	-0.118803	0.0125744	
73	-219.156	11.7257	-252.377	-0.209778	-0.132985	0.0171476	
74	-218.03	10.4052	-252.228	-0.17253	-0.142419	0.0219776	
75	-214.875	11.0207	-249.383	-0.133291	-0.153775	0.0239578	
76	-209.662	13.2756	-245.439	-0.0961589	-0.162238	0.0226857	
77	-202.446	17.7173	-239.029	-0.0637197	-0.167281	0.0225865	
78	-192.855	23.9428	-231.669	-0.0331775	-0.166926	0.0211114	
79	-182.54	32.0637	-226.059	-0.0106504	-0.155864	0.0186777	
80	-173.534	42.3456	-219.604	-0.00361796	-0.143204	0.0190718	
81	-165.81	52.7079	-211.43	-0.005876	-0.133529	0.0185818	
82	-158.615	61.1122	-204.536	-0.0130254	-0.11713	0.0137868	
83	-153.658	67.7795	-199.03	-0.0315273	-0.0978982	0.00837955	
84	-152.496	71.4236	-192.918	-0.0579244	-0.0848044	0.00357565	
85	-153.868	70.3716	-185.364	-0.081773	-0.074205	-0.00624987	
86	-154.851	66.2989	-177.409	-0.105025	-0.0663388	-0.0194521	
87	-154.718	59.7559	-170.466	-0.125954	-0.0638128	-0.0285268	
88	-154.91	49.6163	-162.981	-0.137948	-0.0632144	-0.0370449	
89	-153.333	37.572	-152.842	-0.14649	-0.0688785	-0.0476121	
90	-149.039	25.0022	-142.242	-0.150289	-0.0830097	-0.0530134	
91	-144.21	11.2357	-133.199	-0.142739	-0.0951139	-0.054158	
92	-136.874	-2.88527	-122.545	-0.130589	-0.108811	-0.0572805	
93	-126.81	-16.0928	-109.828	-0.114507	-0.131146	-0.0600144	
94	-116.806	-28.6376	-98.2584	-0.0888318	-0.1514	-0.0594209	
95	-104.387	-39.9679	-85.5642	-0.0597119	-0.172553	-0.0590766	
96	-87.9505	-48.0538	-70.9647	-0.0303103	-0.199523	-0.0598439	
97	-68.8874	-52.1169	-57.6731	0.00228332	-0.217028	-0.0578248	
98	-46.9435	-53.055	-42.4933	0.03237	-0.229039	-0.053615	
99	-22.6897	-51.2883	-23.6401	0.0570286	-0.24489	-0.0496065	
100	3.54573	-46.8339	-5.31574	0.0796797	-0.248325	-0.0448244	
101	30.4929	-40.5992	13.2771	0.0941666	-0.238295	-0.0390588	
102	55.4083	-33.5069	33.9287	0.0971336	-0.226678	-0.0326167	
103	77.1132	-25.4432	54.0131	0.0971404	-0.206145	-0.0272581	
104	95.1777	-16.8425	72.7962	0.0927393	-0.178592	-0.0259028	
105	110.03	-9.22769	89.7362	0.0778971	-0.155495	-0.0260391	
106	120.714	-2.78019	102.729	0.0588589	-0.131441	-0.0251794	
107	127.616	3.17235	113.077	0.0378344	-0.108302	-0.0269761	
108	132.784	8.00388	122.248	0.00992144	-0.0956962	-0.031754	
109	135.159	11.1312	129.185	-0.021762	-0.0845271	-0.0344585	
110	136.277	12.6942	135.949	-0.0521145	-0.0715534	-0.0357937	
111	136.752	12.0309	145.721	-0.0803509	-0.0659982	-0.0397445	
112	133.484	8.03421	157.897	-0.103225	-0.0624679	-0.0433551	
113	128.177	1.21978	171.683	-0.116542	-0.0611237	-0.0443645	
114	123.127	-6.48164	185.952	-0.120853	-0.0731347	-0.0457871	
115	117.676	-14.3843	197.603	-0.117786	-0.0952345	-0.0469716	
116	114.053	-22.2644	205.51	-0.108682	-0.125972	-0.046726	
117	116.098	-28.1429	209.425	-0.0992859	-0.168596	-0.0465614	
118	123.714	-30.8518	208.675	-0.0955717	-0.213895	-0.0457396	
119	136.656	-31.8288	205.443	-0.0992817	-0.250992	-0.0443379	
120	155.511	-32.4008	204.073	-0.110117	-0.274644	-0.0441224	
121	176.261	-32.3097	207.516	-0.125038	-0.284693	-0.0439755	
122	195.984	-32.187	215.976	-0.140278	-0.281954	-0.0417847	
123	214.663	-34.2285	229.677	-0.152008	-0.269199	-0.0391367	
124	230.496	-37.4675	247.659	-0.155363	-0.256606	-0.0365866	
125	243.026	-38.3447	264.025	-0.151709	-0.245995	-0.0296235	
126	254.717	-37.0686	274.659	-0.146441	-0.232256	-0.0206402	
127	266.459	-34.7248	279.591	-0.14123	-0.216546	-0.0159239	
128	276.075	-29.3567	276.809	-0.140979	-0.193498	-0.010544	
129	283.094	-21.8724	266.448	-0.153087	-0.155356	-0.0027626	
130	285.889	-16.2405	253.304	-0.1755	-0.107046	-0.000303797	
131	279.793	-12.6863	239.799	-0.202093	-0.057934	-0.000218773	
132	264.591	-9.75218	226.261	-0.231388	-0.0152959	0.0043337	
133	243.35	-8.90006	214.3	-0.259952	0.0137564	0.00777037	
134	218.218	-10.6286	204.491	-0.282155	0.0233856	0.00699081	
135	190.743	-12.4308	195.258	-0.297177	0.0164914	0.00914305	
136	164.25	-13.265	184.745	-0.306811	0.00435113	0.0143481	
137	141.737	-13.9215	172.722	-0.313148	-0.00929669	0.016344	
138	121.154	-14.3273	159.962	-0.316091	-0.024389	0.0168001	
139	100.88	-14.2069	145.777	-0.31132	-0.0372157	0.0187498	
140	81.5788	-13.8845	129.602	-0.300967	-0.0536457	0.0199826	
141	63.3057	-13.9329	113.77	-0.292494	-0.0797488	0.0206338	
142	47.0994	-14.2051	100.393	-0.283506	-0.112253	0.0216404	
143	34.7955	-12.9136	88.2386	-0.273094	-0.15019	0.0222426	
144	27.8313	-9.40076	75.8204	-0.27315	-0.185159	0.0241212	
145	25.36	-6.07451	64.2682	-0.285552	-0.203804	0.026282	
146	25.8673	-4.07095	53.6242	-0.298963	-0.211489	0.0247708	
147	28.6053	-1.74057	39.4863	-0.314361	-0.213334	0.0213408	
148	30.7614	0.334626	20.5469	-0.33616	-0.201483	0.018556	
149	29.9095	0.0710592	3.0436	-0.354516	-0.182744	0.0144872	
150	26.7703	-1.33894	-9.64325	-0.367219	-0.16381	0.0112336	
151	21.8846	-2.90542	-18.611	-0.383771	-0.138285	0.013366	
152	14.4559	-6.60152	-23.2976	-0.400255	-0.116494	0.0185394	
153	4.26512	-12.4891	-27.244	-0.40892	-0.102274	0.024681	
154	-8.9571	-19.0825	-36.5028	-0.412739	-0.0762761	0.0345075	
155	-23.8496	-27.0023	-50.2929	-0.408253	-0.044065	0.0448538	
156	-38.5707	-35.3574	-67.7367	-0.386999	-0.0261405	0.0486334	
157	-56.0182	-40.0981	-92.3604	-0.354936	-0.010225	0.0481989	
158	-78.1989	-40.0927	-119.326	-0.325259	0.0188229	0.0518331	
159	-102.503	-37.9538	-136.679	-0.302393	0.0416017	0.0576469	
160	-127.574	-33.9044	-145.674	-0.284111	0.0404847	0.0582314	
161	-153.518	-26.6094	-157.876	-0.268905	0.0211266	0.0577977	
162	-178.072	-18.2075	-173.848	-0.254784	-0.0116338	0.0618402	
163	-197.213	-11.2711	-187.612	-0.234426	-0.0507772	0.0641154	
164	-209.587	-4.22497	-200.318	-0.201589	-0.0847183	0.0621858	
165	-216.745	6.09443	-212.87	-0.164547	-0.111265	0.061729	
166	-220.709	20.6185	-220.855	-0.138433	-0.12574	0.0608729	
167	-223.389	37.6944	-221.922	-0.125875	-0.125671	0.0550626	
168	-225.415	54.2304	-218.369	-0.124587	-0.130126	0.0474959	
169	-226.395	67.8771	-216.257	-0.13809	-0.150857	0.0381678	
170	-224.62	78.7567	-220.682	-0.159991	-0.171941	0.0240136	
171	-217.671	86.9837	-228.814	-0.176256	-0.178921	0.0112266	
172	-206.647	90.9499	-234.378	-0.186211	-0.170577	0.00463569	
173	-196.409	91.0463	-233.853	-0.193317	-0.15476	-0.000984556	
174	-190.803	90.0246	-228.417	-0.196718	-0.14251	-0.00700912	
175	-190.227	88.5957	-225.698	-0.206162	-0.128083	-0.00930376	
176	-191.836	84.8037	-227.909	-0.229382	-0.107744	-0.0111238	
177	-190.927	76.3577	-227.459	-0.253484	-0.102192	-0.0201634	
178	-187.193	63.2506	-227.235	-0.269362	-0.109997	-0.0350567	
179	-185.29	48.5581	-236.766	-0.279733	-0.0964219	-0.0471877	
180	-185.481	34.6105	-246.381	-0.273899	-0.0620742	-0.052774	
181	-185.513	20.8735	-241.783	-0.243258	-0.0423555	-0.0507512	
182	-187.87	6.89847	-230.714	-0.201676	-0.0454427	-0.0391109	
183	-192.664	-5.78924	-223.526	-0.158258	-0.0623999	-0.0233817	
184	-195.698	-14.922	-214.137	-0.112661	-0.0886865	-0.0117603	
185	-196.517	-19.7617	-198.516	-0.071503	-0.108924	-0.00374044	
186	-194.04	-21.8036	-182.944	-0.0343356	-0.117087	0.00182267	
187	-185.943	-21.8704	-172.324	0.00476646	-0.12833	0.00169003	
188	-175.398	-17.9612	-168.413	0.043262	-0.146911	-0.000288849	
189	-163.992	-8.93222	-169.559	0.0808038	-0.161184	0.00250957	
190	-149.799	2.55817	-167.496	0.114637	-0.168027	0.00524888	
191	-133.575	14.3571	-155.215	0.131241	-0.175738	0.00226542	
192	-116.314	27.3032	-135.272	0.125481	-0.183993	-0.00313765	
193	-98.3452	41.041	-113.53	0.104032	-0.183513	-0.00838372	
194	-81.5783	52.6724	-90.946	0.0720349	-0.182006	-0.0146508	
195	-67.5606	59.8414	-68.8376	0.0365514	-0.190508	-0.0227846	
196	-54.5864	62.0542	-51.5628	0.00580878	-0.191401	-0.0303323	
197	-38.5441	60.2559	-37.5227	-0.01949	-0.175199	-0.0358601	
198	-16.9687	56.4674	-21.7218	-0.0387485	-0.166057	-0.0448458	
199	5.71403	52.3443	-4.18506	-0.0508956	-0.170407	-0.0585458	
200	21.3656	46.9814	13.2091	-0.0647827	-0.162246	-0.0686379	
201	30.4031	38.1083	28.9615	-0.0849531	-0.135006	-0.0703438	
202	40.0528	26.0082	42.4282	-0.101591	-0.120129	-0.0674096	
203	52.2033	12.9741	54.1192	-0.109733	-0.136552	-0.0656885	
204	62.8818	-0.674828	64.2743	-0.1125	-0.158903	-0.0680355	
205	70.5087	-15.8812	75.6811	-0.108485	-0.163331	-0.074036	
206	78.5425	-30.8096	90.0963	-0.0938265	-0.162222	-0.0800235	
207	89.7677	-42.1386	103.171	-0.0680427	-0.172568	-0.0811405	
208	104.526	-49.476	112.308	-0.035634	-0.188969	-0.0770442	
209	121.145	-53.7707	122.266	-0.00366975	-0.203103	-0.069006	
210	136.777	-54.842	137.898	0.020667	-0.21628	-0.0582087	
211	151.33	-53.9184	156.882	0.030733	-0.220623	-0.0501369	
212	165.443	-52.5613	174.238	0.0283564	-0.207813	-0.0459688	
213	178.923	-49.6337	188.14	0.0230004	-0.192281	-0.0399454	
214	191.141	-44.5074	198.092	0.0206735	-0.19146	-0.0317291	
215	199.859	-38.631	205.494	0.0220832	-0.198419	-0.0248675	
216	204.717	-32.4203	212.997	0.0214119	-0.188331	-0.0201337	
217	209.278	-25.4136	221.325	0.0112149	-0.153042	-0.0183712	
218	216.443	-18.0837	231.199	-0.00870784	-0.121043	-0.0216854	
219	222.783	-11.6217	241.077	-0.0375233	-0.114029	-0.0297364	
220	222.479	-7.25103	246.48	-0.073395	-0.106924	-0.0353667	
221	215.218	-5.25972	247.836	-0.109959	-0.0772014	-0.0326684	
222	205.607	-5.23535	248.245	-0.146751	-0.0492042	-0.0286516	
223	198.016	-7.78629	246.612	-0.186789	-0.0468633	-0.0307287	
224	190.792	-14.02	241.187	-0.225907	-0.0584529	-0.0338042	
225	180.449	-23.3707	232.736	-0.257071	-0.0706661	-0.0347048	
226	169.152	-33.5063	223.655	-0.275953	-0.0870223	-0.0374907	
227	160.078	-42.1286	216.682	-0.283124	-0.107599	-0.0384318	
228	154.926	-49.0588	212.373	-0.287145	-0.126841	-0.0320106	
229	154.573	-56.6992	209.978	-0.29612	-0.147279	-0.0242891	
230	157.129	-66.567	210.263	-0.303568	-0.172507	-0.0209003	
231	160.212	-76.1457	212.731	-0.298532	-0.195705	-0.0194834	
232	162.918	-82.4338	213.296	-0.283836	-0.205003	-0.0161149	
233	165.933	-86.0556	210.617	-0.262615	-0.198646	-0.00735016	
234	171.145	-87.9114	207.802	-0.229536	-0.192747	0.00294539	
235	177.637	-85.8683	204.684	-0.193404	-0.200179	0.00792295	
236	181.729	-78.1585	197.584	-0.174103	-0.210862	0.0128856	
237	183.976	-66.264	184.77	-0.174038	-0.210043	0.0224444	
238	186.654	-53.2229	167.991	-0.183717	-0.194056	0.0294187	
239	187.2	-41.4084	152.015	-0.201467	-0.162767	0.0322048	
240	183.623	-31.0785	139.917	-0.228077	-0.124454	0.0363358	
241	175.98	-20.9123	129.987	-0.261446	-0.0944537	0.0402219	
242	161.989	-11.5301	120.283	-0.296804	-0.0685202	0.0407042	
243	141.409	-5.81823	110.64	-0.323772	-0.0343802	0.0409273	
244	118.267	-4.44901	100.168	-0.338742	-0.00406101	0.0399827	
245	93.7185	-4.51745	87.864	-0.347621	0.0111516	0.0344054	
246	65.7998	-2.94373	74.4487	-0.349973	0.0187691	0.029745	
247	36.8716	0.253331	59.317	-0.348658	0.0159562	0.029913	
248	10.1623	2.60082	38.3459	-0.355657	-0.00266497	0.0311587	
249	-15.2659	3.30109	10.9242	-0.367791	-0.0216339	0.0317386	
250	-39.6886	3.86225	-16.7739	-0.37118	-0.0283488	0.0311778	
251	-62.5286	4.73948	-39.4792	-0.366288	-0.0313253	0.0304258	
252	-84.6342	5.21374	-56.0462	-0.35871	-0.0475404	0.0317706	
253	-105.075	5.63388	-68.4413	-0.344954	-0.0880075	0.0322402	
254	-120.299	7.58055	-81.4201	-0.325448	-0.14051	0.0298292	
255	-128.308	11.595	-96.2318	-0.308517	-0.17475	0.0291147	
256	-129.525	15.9374	-108.189	-0.293814	-0.185977	0.0323885	
257	-124.694	19.8674	-115.642	-0.276964	-0.200914	0.0355063	
258	-117.572	25.3849	-123.246	-0.265567	-0.219641	0.0345519	
259	-112.543	33.4666	-132.446	-0.264821	-0.212107	0.0322338	
260	-108.465	42.3728	-139.457	-0.266124	-0.185052	0.033753	
261	-104.255	50.0483	-145.548	-0.264523	-0.16793	0.0380049	
262	-103.329	55.9831	-154.825	-0.262514	-0.150591	0.0399949	
263	-106.89	61.0107	-164.001	-0.259905	-0.120408	0.0412455	
264	-111.255	65.5687	-168.916	-0.258219	-0.103275	0.0470756	
265	-114.156	69.0938	-174.115	-0.260915	-0.103052	0.0527613	
266	-117.921	71.1962	-186.081	-0.265755	-0.0786424	0.0516163	
267	-125.034	71.8693	-201.938	-0.2705	-0.021986	0.049405	
268	-135.751	71.2524	-213.43	-0.275457	0.0256578	0.0498537	
269	-151.394	69.9446	-220.092	-0.276559	0.0499744	0.0478682	
270	-174.041	67.8752	-225.612	-0.270145	0.066331	0.0437502	
271	-200.251	63.8403	-228.943	-0.255817	0.0644186	0.0410046	
272	-223.01	58.5807	-231.843	-0.232394	0.0332772	0.0387788	
273	-240.543	54.625	-237.867	-0.203398	-0.00295532	0.0357183	
274	-253.922	52.001	-242.532	-0.175289	-0.0294796	0.0301672	
275	-262.567	50.1427	-244.339	-0.152849	-0.0601704	0.0211562	
276	-267.973	50.2502	-249.973	-0.142089	-0.0941637	0.0153933	
277	-270.42	50.7714	-256.38	-0.138969	-0.120663	0.0166135	
278	-265.738	48.9764	-255.299	-0.131934	-0.147358	0.0110065	
279	-255.828	46.3274	-251.963	-0.124448	-0.172982	-0.00612138	
280	-246.7	44.0084	-249.257	-0.122306	-0.187117	-0.0142926	
281	-234.446	40.3402	-236.638	-0.117533	-0.208604	-0.0105165	
282	-215.003	36.2418	-215.598	-0.107292	-0.247728	-0.0151255	
283	-193.772	33.448	-198.718	-0.0953524	-0.265016	-0.0270664	
284	-171.439	29.8139	-184.346	-0.0811523	-0.243773	-0.0340973	
285	-146.229	24.0815	-169.402	-0.0704965	-0.222966	-0.0412467	
286	-125.925	18.2543	-162.141	-0.070923	-0.208469	-0.0495999	
287	-113.426	12.5846	-160.111	-0.0767647	-0.174092	-0.0518002	
288	-100.498	6.15919	-152.249	-0.0814473	-0.142988	-0.0535504	
289	-85.9007	-0.214824	-142.196	-0.0859014	-0.134077	-0.0593907	
290	-74.8279	-6.70607	-135.664	-0.0873348	-0.109337	-0.0604375	
291	-67.3992	-14.3306	-125.155	-0.0807668	-0.0679545	-0.0556077	
292	-64.0817	-21.598	-108.677	-0.0688592	-0.0561932	-0.0517611	
293	-65.1844	-26.8629	-95.0276	-0.0573672	-0.0669669	-0.0486922	
294	-65.3925	-31.3025	-86.1263	-0.0454332	-0.0692703	-0.0452239	
295	-63.8872	-36.0818	-77.4268	-0.0272892	-0.0750957	-0.0394597	
296	-63.3238	-40.2233	-68.0712	-0.00103897	-0.0881427	-0.0291695	
297	-59.5186	-41.7212	-58.8281	0.0281808	-0.0939517	-0.0239921	
298	-52.47	-39.0817	-48.5901	0.053033	-0.108309	-0.0295464	
299	-46.5257	-33.6041	-35.8847	0.0730753	-0.135621	-0.033407	
300	-36.596	-27.4042	-20.1063	0.0932205	-0.149174	-0.0302586	
301	-20.6402	-19.4975	-1.57037	0.109581	-0.156572	-0.0295252	
302	-5.67237	-10.0031	18.9199	0.115285	-0.180862	-0.0342402	
303	7.7455	-1.74596	40.2645	0.114846	-0.205401	-0.0379831	
304	23.5342	5.82186	60.4991	0.111032	-0.217803	-0.0376171	
305	42.4215	14.1453	78.0123	0.0977128	-0.234027	-0.0380591	
306	63.8928	21.2846	92.3838	0.0732843	-0.248582	-0.0448515	
307	84.3417	26.7263	102.448	0.0378997	-0.23956	-0.0544985	
308	101.08	30.7512	109.273	-0.0122386	-0.218249	-0.0594987	
309	118.633	29.7833	118.402	-0.0710653	-0.210204	-0.0623104	
310	137.933	21.5159	131.284	-0.122095	-0.207764	-0.0676465	
311	153.929	8.79301	144.469	-0.160783	-0.192064	-0.0690328	
312	168.624	-6.54072	160.248	-0.19074	-0.171764	-0.0640855	
313	183.942	-25.3041	181.444	-0.204902	-0.15851	-0.0626089	
314	193.82	-45.4011	201.482	-0.20402	-0.141919	-0.0669176	
315	196.575	-62.774	216.092	-0.201072	-0.122123	-0.0673626	
316	196.51	-76.4043	227.748	-0.192115	-0.115117	-0.061083	
317	195.944	-88.0209	232.846	-0.171068	-0.111457	-0.0561279	
318	195.423	-99.0228	229.199	-0.150815	-0.0992518	-0.0528671	
319	194.397	-108.177	224.43	-0.133183	-0.0979796	-0.0431671	
320	192.304	-112.838	220.158	-0.104736	-0.110723	-0.0307403	
321	190.845	-111.794	214.067	-0.0703553	-0.118396	-0.0233429	
322	190.728	-105.012	214.21	-0.0460154	-0.126632	-0.0143841	
323	190.787	-94.2188	223.416	-0.0350469	-0.141489	-5.38484e-06	
324	190.675	-82.7717	230.607	-0.0379988	-0.149798	0.010994	
325	189.8	-71.4656	233.48	-0.0541981	-0.157746	0.0162236	
326	189.639	-59.2675	240.182	-0.0702567	-0.179965	0.0187165	
327	193.903	-47.2956	247.353	-0.0770249	-0.20017	0.0161373	
328	201.511	-35.9953	246.032	-0.0816158	-0.197533	0.0102435	
329	207.75	-22.879	240.769	-0.0907013	-0.181767	0.00648324	
330	210.333	-6.99269	238.575	-0.106016	-0.164699	0.00174766	
331	208.316	9.45786	235.267	-0.133363	-0.140276	-0.00541564	
332	201.477	23.2006	229.593	-0.177852	-0.117169	-0.00720305	
333	192.524	30.7288	226.026	-0.233042	-0.111743	-0.00620266	
334	182.594	31.6856	219.081	-0.284956	-0.109536	-0.0128755	
335	170.344	29.4349	203.396	-0.325913	-0.098614	-0.0223633	
336	158.415	25.4585	187.136	-0.354041	-0.0977225	-0.0262666	
337	148.142	19.9579	173.796	-0.369947	-0.105446	-0.0277535	
338	136.375	14.4296	157.013	-0.382496	-0.0998992	-0.0268614	
339	123.785	8.24405	140.787	-0.39712	-0.093061	-0.0195922	
340	111.663	0.136238	132.948	-0.407405	-0.103075	-0.0107726	
341	98.952	-8.85347	126.448	-0.411289	-0.117806	-0.00632269	
342	88.2254	-18.491	113.742	-0.408324	-0.135101	-0.0031378	
343	80.4485	-27.8531	98.4223	-0.390805	-0.159335	0.00358109	
344	72.1745	-33.0535	81.9168	-0.35943	-0.167756	0.0131108	
345	64.0876	-33.1677	64.9668	-0.323098	-0.155837	0.0224792	
346	57.4127	-30.7794	52.3824	-0.287377	-0.150817	0.0307575	
347	49.452	-25.6488	41.9701	-0.258382	-0.15407	0.0389301	
348	42.3392	-16.49	30.8008	-0.237924	-0.1524	0.0464661	
349	39.3614	-4.35869	23.165	-0.223925	-0.150482	0.0519875	
350	36.0643	9.63701	16.0233	-0.221248	-0.14223	0.0588125	
351	29.2514	23.7109	1.46901	-0.227928	-0.115268	0.0687388	
352	19.8589	36.0401	-17.057	-0.233305	-0.0806654	0.075694	
353	5.27774	48.1412	-32.8195	-0.240507	-0.0517773	0.0781673	
354	-14.5345	60.5798	-46.6633	-0.254889	-0.0313554	0.0803396	
355	-34.4601	70.2034	-60.7638	-0.27064	-0.0232517	0.077977	
356	-53.5649	76.4553	-76.2737	-0.291674	-0.019769	0.066174	
357	-71.8792	81.7598	-94.5631	-0.326423	-0.010258	0.0532778	
358	-86.9606	85.1659	-113.36	-0.365481	-0.00525122	0.0478133	
359	-101.889	83.8746	-130.912	-0.396283	-0.00623731	0.0457292	
360	-121.837	78.1862	-148.164	-0.41495	0.00303612	0.0428885	
361	-144.601	69.4404	-162.123	-0.414211	0.0119466	0.0383831	
362	-165.601	58.7541	-171.565	-0.393116	-0.000512457	0.028057	
363	-184.302	48.9035	-178.863	-0.367568	-0.0285806	0.0173814	
364	-199.132	41.1488	-182.834	-0.346266	-0.0618912	0.0161504	
365	-206.886	34.1116	-187.593	-0.324063	-0.093052	0.0174841	
366	-209.191	28.1497	-200.385	-0.302394	-0.113068	0.0140687	
367	-209.333	24.4698	-216.89	-0.281543	-0.12877	0.0135216	
368	-207.068	21.9531	-231.171	-0.253647	-0.147112	0.0193806	
369	-202.008	18.9938	-243.948	-0.222179	-0.159576	0.0227333	
370	-195.788	16.3333	-252.981	-0.196068	-0.164907	0.0190826	
371	-190.595	16.4207	-253.924	-0.175654	-0.166287	0.0158651	
372	-187.505	19.2699	-247.452	-0.162426	-0.158274	0.017414	
373	-185.223	21.3462	-238.823	-0.155391	-0.146516	0.0189352	
374	-181.925	20.5122	-233.022	-0.147459	-0.14486	0.0179886	
375	-177.045	18.874	-230.357	-0.140394	-0.145648	0.0159652	
376	-171.147	19.3648	-228.662	-0.137804	-0.128259	0.0132912	
377	-166.413	21.566	-228.066	-0.132018	-0.0914961	0.0103421	
378	-165.338	22.817	-229.271	-0.121109	-0.0538112	0.00846494	
379	-169.536	22.0972	-230.166	-0.115505	-0.0242952	0.00792316	
380	-180.462	20.3243	-228.845	-0.114988	0.00447722	0.00584227	
381	-197.063	18.3665	-225.481	-0.10889	0.0264843	0.00168799	
382	-213.483	15.9414	-219.515	-0.10072	0.0200932	-0.00278632	
383	-224.955	12.4737	-213.459	-0.101244	-0.0139212	-0.00834468	
384	-232.661	8.52898	-213.428	-0.10719	-0.0513828	-0.0116359	
385	-236.381	4.38762	-216.947	-0.110698	-0.0797082	-0.0101871	
386	-233.418	-0.78054	-214.714	-0.108626	-0.106106	-0.0106567	
387	-226.458	-7.05469	-207.399	-0.0964137	-0.133809	-0.0162687	
388	-218.595	-13.446	-200.128	-0.0752992	-0.155481	-0.0234932	
389	-207.972	-18.8759	-186.75	-0.0517789	-0.176913	-0.0311326	
390	-193.074	-22.7268	-162.222	-0.0262314	-0.206987	-0.0403721	
391	-174.561	-24.8513	-133.496	-0.00393706	-0.235397	-0.0490618	
392	-152.456	-25.5251	-106.758	0.00675399	-0.259571	-0.0508011	
393	-125.56	-25.5236	-86.5798	0.0159092	-0.286872	-0.0453688	
394	-93.8454	-24.9146	-76.4215	0.0341685	-0.308375	-0.0409646	
395	-58.9296	-22.5295	-68.8445	0.0488368	-0.31515	-0.0411801	
396	-23.7903	-17.7935	-56.8413	0.0491318	-0.302882	-0.0429441	
397	7.8356	-12.6803	-42.1863	0.042941	-0.26318	-0.0453491	
398	34.4264	-10.4013	-24.0685	0.0328699	-0.21097	-0.0494105	
399	55.0178	-10.9541	-2.10308	0.0144505	-0.175404	-0.0526109	
400	68.4643	-11.9389	19.2664	-0.00571287	-0.154636	-0.0539123	
401	77.5814	-13.4452	40.2097	-0.0213047	-0.132633	-0.0557299	
402	86.6287	-16.6696	62.572	-0.0329469	-0.112044	-0.0545053	
403	96.4429	-21.4421	80.6301	-0.0390699	-0.0945718	-0.0482889	
404	105.007	-26.906	89.6968	-0.0438694	-0.0750853	-0.0441704	
405	108.597	-31.2237	93.8975	-0.049073	-0.0590583	-0.0419986	
406	104.854	-33.6994	95.6834	-0.0425059	-0.0465557	-0.0365822	
407	96.7634	-36.2791	96.5711	-0.0265722	-0.0298065	-0.0337689	
408	89.0961	-39.6054	105.571	-0.0206153	-0.0237098	-0.0410778	
409	84.0903	-41.383	122.603	-0.0244002	-0.0485815	-0.0544809	
410	81.4928	-40.1828	135.495	-0.0244887	-0.0892784	-0.0615841	
411	79.6731	-38.1611	144.706	-0.0219965	-0.118794	-0.0546024	
412	80.9622	-37.9212	157.455	-0.0205659	-0.139481	-0.0422104	
413	89.1136	-37.9194	168.5	-0.0130781	-0.165502	-0.0387539	
414	100.94	-34.6131	173.31	-0.00144192	-0.196891	-0.0418531	
415	113.139	-28.1748	177.374	-0.000338005	-0.227615	-0.0401032	
416	127.49	-22.2514	184.452	-0.0131887	-0.24906	-0.0363602	
417	143.986	-18.0142	194.948	-0.034635	-0.26028	-0.0386153	
418	161.915	-13.4477	207.238	-0.0649472	-0.271119	-0.043646	
419	182.382	-9.62457	216.821	-0.0994641	-0.269555	-0.0468732	
420	203.856	-9.75618	227.544	-0.12921	-0.245302	-0.0486328	
421	222.895	-12.7877	244.728	-0.153602	-0.225183	-0.049655	
422	236.678	-15.6354	258.158	-0.17224	-0.213484	-0.0485793	
423	244.641	-17.5015	261.807	-0.182489	-0.184641	-0.0416617	
424	250.372	-18.8148	262.704	-0.189913	-0.151302	-0.0309258	
425	254.478	-20.3599	257.647	-0.198921	-0.136883	-0.024851	
426	253.15	-22.4888	243.955	-0.205779	-0.124257	-0.0246433	
427	247.509	-23.9246	234.835	-0.214154	-0.0966026	-0.0233602	
428	240.393	-23.6735	233.532	-0.230901	-0.0694525	-0.0187008	
429	231.298	-23.5061	228.673	-0.248009	-0.0563914	-0.0142823	
430	220.248	-25.8238	219.913	-0.254989	-0.053289	-0.0112515	
431	206.467	-29.3603	214.222	-0.251572	-0.0562063	-0.00688814	
432	189.523	-29.9983	210.719	-0.238368	-0.0612557	0.00247919	
433	173.553	-25.8251	209.18	-0.21678	-0.0715046	0.0168033	
434	161.288	-18.9903	210.385	-0.193888	-0.100284	0.0297195	
435	150.688	-11.9836	205.724	-0.176998	-0.135696	0.0371831	
436	141.167	-3.84854	190.921	-0.167205	-0.153015	0.0397904	
437	133.962	7.63463	174.457	-0.161742	-0.16157	0.035151	
438	128.197	21.8719	159.655	-0.164271	-0.172546	0.0243267	
439	122.928	35.9945	143.953	-0.181199	-0.174169	0.0146534	
440	118.839	47.805	129.765	-0.208215	-0.172398	0.00709953	
441	115.148	56.8844	118.435	-0.238519	-0.176895	0.00116139	
442	109.92	63.131	109.561	-0.272752	-0.173176	0.00163965	
443	103.846	66.2051	104.247	-0.308618	-0.162113	0.00484753	
444	97.2452	66.4072	98.1479	-0.341559	-0.153092	0.00273402	
445	88.0635	63.6409	87.9668	-0.375138	-0.133859	-0.00149745	
446	77.6385	57.6378	79.2088	-0.410124	-0.114387	-0.00298063	
447	67.7391	49.0933	68.9926	-0.437062	-0.111861	-0.00360624	
448	55.9198	38.3589	47.4606	-0.452801	-0.102292	-0.00298868	
449	42.3862	25.8672	21.4206	-0.463265	-0.0804811	0.00108921	
450	28.7473	12.6735	0.588554	-0.467842	-0.0665187	0.00578788	
451	12.8154	-0.520578	-19.2741	-0.458989	-0.0491863	0.00952085	
452	-5.8979	-12.7041	-38.0101	-0.434456	-0.0311303	0.0159114	
453	-26.8026	-23.5869	-52.1248	-0.403038	-0.0351808	0.0241437	
454	-49.8362	-33.2435	-67.3789	-0.373819	-0.045706	0.0297093	
455	-70.0392	-38.4953	-86.29	-0.34506	-0.0460557	0.0351578	
456	-83.4755	-36.8817	-104.27	-0.31609	-0.0494578	0.0429539	
457	-93.7306	-32.3853	-118.701	-0.289124	-0.0567949	0.047779	
458	-105.546	-28.5519	-128.897	-0.257918	-0.0625888	0.0533333	
459	-118.776	-22.6825	-136.342	-0.223724	-0.076666	0.0708239	
460	-129.509	-13.1701	-145.017	-0.194818	-0.0920133	0.0910111	
461	-137.814	-1.6612	-156.297	-0.167087	-0.0903933	0.0969661	
462	-146.84	12.2014	-168.564	-0.147257	-0.0853808	0.0935317	
463	-154.537	27.5296	-179.587	-0.151675	-0.0927305	0.089248	
464	-160.411	41.6003	-185.092	-0.168416	-0.0990067	0.0804902	
465	-167.57	54.7505	-186.55	-0.186225	-0.0968128	0.0696387	
466	-173.305	65.4682	-196.185	-0.215598	-0.0880799	0.0649727	
467	-175.267	69.5425	-214.503	-0.245199	-0.0711389	0.0616638	
468	-177.043	68.3866	-225.161	-0.26095	-0.0571015	0.0490492	
469	-182.179	66.0746	-225.705	-0.278971	-0.0516938	0.0303999	
470	-192.271	62.3541	-226.093	-0.29865	-0.0462556	0.0157923	
471	-204.485	55.9945	-225.804	-0.305094	-0.0469283	0.00824173	
472	-213.915	47.4608	-224.002	-0.309722	-0.0564248	0.00695288	
473	-220.831	36.3018	-224.73	-0.314017	-0.0614707	0.00785471	
474	-226.589	22.4786	-226.94	-0.303095	-0.0711417	0.00414527	
475	-230.267	8.09861	-232.785	-0.28662	-0.0932584	-0.00480124	
476	-232.062	-6.00959	-244.062	-0.269867	-0.101788	-0.0151541	
477	-232.305	-19.5117	-250.353	-0.237415	-0.0981614	-0.0225307	
478	-229.629	-30.0333	-248.027	-0.194929	-0.116116	-0.0206159	
479	-222.504	-36.6482	-245.118	-0.157115	-0.145642	-0.0116467	
480	-213.473	-39.8112	-239.089	-0.120924	-0.15573	-0.00585019	
481	-206.144	-40.165	-225.886	-0.0867734	-0.154019	-0.00256753	
482	-197.805	-40.337	-212.487	-0.0563853	-0.160301	0.00206363	
483	-186.905	-40.1237	-200.013	-0.0211298	-0.175832	0.000176155	
484	-176.463	-35.0746	-186.803	0.0169626	-0.191492	-0.00841835	
485	-163.996	-24.0864	-180.026	0.047416	-0.195301	-0.0108755	
486	-146.578	-10.3749	-178.804	0.0687565	-0.179806	-0.00726414	
487	-129.34	3.05871	-171.683	0.0771878	-0.153381	-0.00644927	
488	-117.554	14.554	-158.243	0.0662524	-0.129049	-0.00663484	
489	-110.768	23.5406	-146.273	0.045937	-0.102746	-0.00710281	
490	-106.006	30.3094	-134.401	0.030494	-0.0769272	-0.0132822	
491	-102.187	35.2162	-119.79	0.0148371	-0.0690104	-0.0221073	
492	-101.236	38.4805	-107.88	-0.00681	-0.066826	-0.0286903	
493	-102.566	40.4311	-98.3834	-0.023958	-0.0557106	-0.036951	
494	-101.303	40.4935	-83.7015	-0.0359282	-0.0614702	-0.0473079	
495	-95.5462	37.392	-67.2284	-0.0517208	-0.0882683	-0.0548202	
496	-88.6675	31.15	-58.6288	-0.0652598	-0.101858	-0.0608287	
497	-83.1962	22.7274	-56.0662	-0.0741295	-0.102036	-0.0660736	
498	-77.7474	12.9016	-51.2319	-0.0848047	-0.116179	-0.0675287	
499	-70.15	2.20277	-40.9945	-0.0886669	-0.143684	-0.0703579	
500	-59.0849	-8.72987	-26.5815	-0.0820817	-0.170915	-0.0785886	
501	-43.8147	-18.9685	-10.6964	-0.0750074	-0.197775	-0.0827654	
502	-25.5475	-28.9851	5.62937	-0.0634225	-0.22401	-0.0785504	
503	-5.3684	-39.1763	25.7368	-0.045976	-0.247905	-0.074809	
504	17.4602	-47.267	49.8643	-0.036007	-0.271423	-0.0726845	
505	43.2873	-52.8366	70.7321	-0.0294112	-0.290572	-0.0663185	
506	72.0598	-58.5256	84.7697	-0.0148327	-0.299981	-0.0592966	
507	102.543	-63.7654	97.1505	-0.000524244	-0.294609	-0.0559212	
508	131.235	-65.5427	113.607	0.0116631	-0.267221	-0.0525488	
509	154.709	-64.2365	134.84	0.032027	-0.225956	-0.0466722	
510	172.136	-61.8895	155.549	0.0491178	-0.186367	-0.0406378	
511	184.436	-57.6611	170.987	0.0441334	-0.151841	-0.0384094	
512	191.792	-50.5231	183.148	0.0209517	-0.132732	-0.0404335	
513	196.032	-42.9708	192.743	-0.0112147	-0.136579	-0.0401461	
514	200.65	-38.1311	195.954	-0.0465794	-0.136283	-0.0349648	
515	205.616	-36.5742	194.247	-0.0742391	-0.112938	-0.03173	
516	208.079	-36.8157	193.921	-0.091271	-0.086583	-0.0291174	
517	205.052	-37.3356	197.081	-0.103391	-0.0625375	-0.0204573	
518	195.473	-37.7902	203.694	-0.111881	-0.0349466	-0.014087	
519	181.939	-37.3348	214.709	-0.120526	-0.0293331	-0.0171257	
520	167.909	-34.8018	226.737	-0.133315	-0.0517721	-0.0209594	
521	157.045	-31.782	236.084	-0.14142	-0.0772539	-0.0221996	
522	152.808	-30.7945	243.613	-0.138805	-0.111113	-0.0246896	
523	154.942	-30.4204	245.557	-0.132852	-0.156499	-0.0266552	
524	160.801	-26.9945	236.806	-0.124225	-0.18764	-0.026832	
525	168.22	-20.3655	223.382	-0.109511	-0.203093	-0.0256532	
526	175.915	-12.495	215.23	-0.0982394	-0.213242	-0.0224144	
527	182.996	-2.84378	215.606	-0.0985187	-0.216195	-0.0200477	
528	187.975	8.92591	221.743	-0.111596	-0.225989	-0.0197453	
529	192.272	20.3132	229.278	-0.140833	-0.250695	-0.0171331	
530	200.508	29.0162	234.999	-0.177241	-0.267503	-0.0130739	
531	213.244	34.6524	234.119	-0.204628	-0.261506	-0.0129257	
532	226.937	38.147	225.902	-0.225847	-0.241369	-0.0140151	
533	238.16	40.7688	218.713	-0.249691	-0.217246	-0.012047	
534	245.269	43.0228	214.237	-0.270748	-0.194486	-0.00881331	
535	248.376	44.4293	206.771	-0.285225	-0.168924	-0.00184379	
536	245.72	44.1225	200.561	-0.300221	-0.127852	0.0101733	
537	236.168	41.5983	198.818	-0.317528	-0.0766826	0.0187573	
538	220.67	36.9049	192.582	-0.332578	-0.0381133	0.0211657	
539	198.124	31.5599	179.241	-0.345833	-0.0157064	0.021186	
540	171.252	28.2133	165.372	-0.352909	0.000483805	0.0191737	
541	145.905	26.7341	150.386	-0.343779	0.0099887	0.0195183	
542	121.596	24.8677	129.749	-0.3236	0.0183636	0.0255448	
543	95.9247	23.5479	105.563	-0.305296	0.0282766	0.030826	
544	68.4593	24.909	82.0569	-0.29375	0.0174988	0.0341147	
545	39.0963	27.1831	59.2143	-0.295118	-0.016637	0.0415379	
546	11.7779	27.6724	36.7305	-0.308964	-0.048815	0.0497381	
547	-8.61005	27.3442	18.5649	-0.31998	-0.0820328	0.0500589	
548	-22.4804	28.5593	6.8285	-0.325678	-0.122609	0.0445182	
549	-32.4	30.8061	-1.29847	-0.333726	-0.146689	0.0420271	
550	-39.2453	30.8287	-6.02774	-0.333868	-0.156789	0.0438918	
551	-42.7666	28.1974	-9.19978	-0.322656	-0.173862	0.0424542	
552	-43.9678	27.9998	-17.7784	-0.31452	-0.181516	0.0355923	
553	-45.1798	32.0803	-29.5897	-0.306388	-0.172508	0.03164	
554	-46.0517	34.9334	-38.5561	-0.293525	-0.173284	0.0315514	
555	-45.9302	34.6828	-50.0902	-0.289758	-0.179551	0.0265339	
556	-48.4425	35.572	-67.936	-0.297359	-0.165562	0.0194179	
557	-53.6129	37.4692	-86.2655	-0.312546	-0.139874	0.018424	
558	-56.2337	35.919	-103.241	-0.336085	-0.119621	0.0165112	
559	-58.9613	30.6201	-121.483	-0.353924	-0.0987165	0.00720882	
560	-68.0907	23.9811	-139.044	-0.360134	-0.0709885	0.000607225	
561	-81.2966	15.8539	-151.882	-0.368651	-0.0451134	0.00363029	
562	-96.0433	6.78656	-160.46	-0.377816	-0.0303144	0.0108934	
563	-113.107	-1.19095	-167.443	-0.376117	-0.0193317	0.018529	
564	-130.317	-8.98382	-173.42	-0.365682	-0.0085277	0.0250602	
565	-147.644	-17.52	-182.133	-0.34764	-0.011969	0.0283074	
566	-167.482	-25.9068	-198.723	-0.316098	-0.0149732	0.0281886	
567	-188.452	-33.2434	-216.056	-0.272855	-9.96129e-05	0.0259837	
568	-206.732	-36.3427	-223.665	-0.226107	-0.00767554	0.0260173	
569	-219.631	-34.0887	-227.885	-0.182183	-0.0466288	0.0309658	
570	-228.632	-30.5732	-237.411	-0.144958	-0.062983	0.0372081	
571	-237.156	-26.2223	-245.985	-0.11236	-0.0593741	0.0430104	
572	-245.75	-17.904	-249.232	-0.0843937	-0.0757113	0.0471358	
573	-253.161	-7.1532	-252.785	-0.0730111	-0.100471	0.0453167	
574	-257.087	2.47464	-257.865	-0.078996	-0.119922	0.0384107	
575	-255.613	10.6699	-260.428	-0.0850681	-0.143877	0.0302076	
576	-250.152	18.2322	-259.728	-0.0887527	-0.155036	0.0204473	
577	-243.604	24.3987	-256.128	-0.101675	-0.139976	0.00960129	
578	-237.396	27.8715	-247.666	-0.123273	-0.131819	0.00191793	
579	-229.715	27.6447	-235.194	-0.144191	-0.1454	-0.00226567	
580	-219.235	23.6863	-224.054	-0.16009	-0.150129	-0.00727107	
581	-209.261	17.9897	-215.883	-0.174911	-0.138759	-0.0117109	
582	-201.559	11.7902	-208.342	-0.191256	-0.127792	-0.0128015	
583	-195.242	3.57491	-203.054	-0.201725	-0.114287	-0.0140514	
584	-189.851	-8.19277	-201.7	-0.202963	-0.0995652	-0.0158784	
585	-182.078	-22.886	-200.864	-0.19819	-0.0994565	-0.0164354	
586	-170.731	-37.278	-198.478	-0.182892	-0.106738	-0.0192758	
587	-159.868	-48.3869	-193.358	-0.157751	-0.096805	-0.0245955	
588	-150.485	-57.2312	-179.434	-0.133378	-0.0777357	-0.0264007	
589	-141.278	-66.1535	-156.693	-0.108266	-0.0791683	-0.0248719	
590	-134.095	-74.1122	-138.02	-0.0771049	-0.0950993	-0.0251014	
591	-129.226	-77.6704	-128.179	-0.0427254	-0.105751	-0.0239001	
592	-122.786	-76.2274	-117.51	-0.000552206	-0.11971	-0.0172882	
593	-112.939	-72.7902	-105.179	0.0494918	-0.142657	-0.0106133	
594	-99.7774	-68.0583	-97.2152	0.0901371	-0.163124	-0.00823482	
595	-82.3602	-59.0087	-88.2295	0.114855	-0.178784	-0.0105252	
596	-63.0909	-44.1849	-73.1038	0.129366	-0.191534	-0.0148872	
597	-45.031	-26.6185	-57.4026	0.128273	-0.192179	-0.0147979	
598	-26.9562	-11.131	-42.4949	0.108951	-0.179321	-0.0110502	
599	-8.89927	0.0355191	-23.4233	0.0837937	-0.169336	-0.0118852	
