0	0	0	0.0225785	-2.70583e-05	-6.15112e-05	0	
1	0	0	0.0225339	-2.70049e-05	-6.13898e-05	0	
2	-9.57998e-19	-0.000199966	0.188879	-0.000642749	-0.000499532	-1.48567e-06	
3	2.17922e-18	-0.000199572	0.188329	-0.000641268	-0.000498063	-1.48274e-06	
4	0.00358471	-0.00931601	0.0608436	-0.00702951	-0.000365224	-5.03245e-05	
5	0.00357764	-0.00929605	0.0590608	-0.00701037	-0.000360092	-5.02135e-05	
6	0.0756594	-0.197951	-6.12856	-0.0410471	0.0112626	-0.00075957	
7	0.0754818	-0.197485	-6.11859	-0.0409055	0.0112476	-0.000757663	
8	0.364394	-2.04768	-35.8845	-0.136256	0.0591794	-0.00534511	
9	0.363051	-2.04201	-35.7676	-0.135605	0.0589812	-0.00532818	
10	-0.974907	-11.0743	-96.9007	-0.261601	0.136169	-0.018344	
11	-0.976469	-11.0347	-96.3813	-0.259632	0.135354	-0.0182595	
12	-13.0619	-34.1024	-136.439	-0.267895	0.155718	-0.0306751	
13	-13.0319	-33.9304	-135.082	-0.263867	0.153797	-0.0304222	
14	-44.4915	-63.5562	-83.5894	-0.0798651	0.0724424	-0.0186769	
15	-44.2968	-63.0585	-81.2712	-0.0741272	0.0694729	-0.0182078	
16	-76.3852	-72.9214	2.82593	0.0943946	0.0128706	0.0125347	
17	-75.7782	-71.908	5.61451	0.100373	0.00947082	0.0130858	
18	-73.3558	-50.6828	-4.25128	0.0638383	0.0225836	0.0265996	
19	-72.1573	-49.1463	-1.493	0.0690857	0.01909	0.0270198	
20	-43.1618	-26.7725	-48.8171	-0.00406962	-0.0850405	0.0242978	
21	-41.4538	-24.8956	-45.9591	0.00076702	-0.0884722	0.0245094	
22	-30.0942	-33.1096	-18.8189	0.0133449	-0.212695	0.0275043	
23	-28.0851	-31.0239	-15.6577	0.0181411	-0.215177	0.0275164	
24	-36.8255	-54.371	-18.9207	-0.0615997	-0.0376734	0.0199613	
25	-34.5818	-51.9987	-15.6359	-0.0567986	-0.0388043	0.0197712	
26	-30.1061	-56.9691	-83.7483	-0.169413	0.119121	0.00947596	
27	-27.6029	-54.1816	-80.2122	-0.163951	0.117987	0.00915071	
28	-18.5933	-44.3447	-44.5869	-0.0951564	-0.0986197	0.0363731	
29	-15.8951	-41.155	-40.4956	-0.0885485	-0.100255	0.0359226	
30	-29.602	-42.1286	8.91945	-0.0187137	-0.137165	0.0579313	
31	-26.7568	-38.6187	13.2245	-0.0115584	-0.137934	0.0571551	
32	-34.5499	-54.2698	-86.4549	0.00290626	0.104935	0.0153663	
33	-31.484	-50.4313	-82.0659	0.0101101	0.104777	0.0142233	
34	-13.7296	-58.6387	-125.116	0.187486	-0.0182273	-0.0134157	
35	-10.4565	-54.394	-120.004	0.194246	-0.0189689	-0.014614	
36	-12.3859	-35.2773	-65.3723	0.230958	-0.14884	0.0268223	
37	-9.03293	-30.6498	-59.4316	0.2361	-0.149174	0.0256598	
38	-32.4523	-3.95627	-99.2322	-0.0597625	0.0943307	0.0377583	
39	-28.9885	0.851123	-92.756	-0.0559081	0.0946928	0.0363719	
40	-33.3065	2.12771	-59.3416	-0.15235	0.0223551	0.0153519	
41	-29.6125	6.91638	-52.2127	-0.147872	0.0221126	0.0137229	
42	-25.5928	-1.6165	82.0196	-0.0140616	-0.198482	0.0448111	
43	-21.6804	3.12503	89.2812	-0.0086906	-0.198463	0.0430158	
44	-14.9467	1.62966	33.7698	-0.0431799	-0.0265427	0.0675714	
45	-10.8844	6.34014	40.4227	-0.0376828	-0.0252982	0.065392	
46	2.13677	-8.77649	-54.3516	-0.0705883	-0.012934	0.0432156	
47	6.25115	-4.09547	-47.8436	-0.06474	-0.0115169	0.0405686	
48	-1.48899	-18.635	-8.05468	-0.0469968	-0.138668	0.017315	
49	2.58326	-13.9022	-1.26078	-0.0406846	-0.136912	0.0143992	
50	-13.4041	-1.59306	-12.7498	-0.137354	-0.011221	0.0161611	
51	-9.3287	3.21571	-5.93672	-0.130543	-0.00863682	0.013134	
52	-3.43728	10.245	-20.886	-0.131936	-0.0504568	0.0689781	
53	0.692001	15.005	-14.01	-0.124106	-0.0477271	0.0657433	
54	14.1193	-8.26665	18.7871	-0.0137632	-0.12267	0.0739764	
55	18.2084	-3.5884	25.6953	-0.00518774	-0.119421	0.0702133	
56	15.4437	-25.2367	8.4329	0.079809	0.00475708	-0.0104948	
57	19.3867	-20.4966	15.1589	0.0882407	0.00869584	-0.0146449	
58	7.80529	-4.72615	50.4525	0.185626	-0.0625111	0.00852923	
59	11.6105	0.13504	56.976	0.193153	-0.0585082	0.00445707	
60	19.2398	38.7674	92.0537	0.144362	-0.0978097	0.0860007	
61	22.9308	43.5417	98.0458	0.150447	-0.0932757	0.0817405	
62	36.3714	49.9031	39.6666	-0.0160826	-0.0103802	0.0325773	
63	39.8478	54.3121	44.989	-0.0108669	-0.00528328	0.027778	
64	29.1274	32.8112	41.9129	-0.0577379	-0.0888347	-0.0265033	
65	32.3039	36.8256	46.8761	-0.0523543	-0.0835413	-0.0314051	
66	23.9948	47.8049	31.7202	-0.108262	-0.035785	0.0406338	
67	26.9267	51.4994	36.3339	-0.102366	-0.0299375	0.0358472	
68	41.6708	61.2348	-8.87713	-0.147505	0.0393833	0.0896245	
69	44.3555	64.4967	-4.4698	-0.140724	0.0453185	0.0844585	
70	44.0889	25.0784	72.3599	-0.0478547	-0.0566696	0.00286344	
71	46.4191	27.9031	76.6422	-0.040161	-0.0509022	-0.00279727	
72	19.5172	15.7028	89.9025	-0.0117243	0.0104593	-0.0478078	
73	21.5299	18.3259	93.5458	-0.00378514	0.0164956	-0.0533465	
74	21.473	51.0545	12.4913	0.0138777	0.030564	0.0500304	
75	23.312	53.4633	15.5497	0.0217962	0.0364306	0.0447193	
76	49.8218	51.419	17.01	0.0602296	-0.0534855	0.0565758	
77	51.421	53.4056	19.9369	0.0678847	-0.0477404	0.0508992	
78	38.6489	38.2247	6.90191	-0.045673	0.0191304	-0.0489982	
79	39.8647	39.8162	9.69154	-0.0383442	0.0251087	-0.0548679	
80	8.62352	53.2698	27.3062	-0.0988666	0.0074875	-0.00363322	
81	9.58426	54.5177	29.9791	-0.0911305	0.0132908	-0.00915974	
82	21.5927	48.9219	101.724	-0.0839627	0.0128572	0.0627915	
83	22.4523	49.7485	104.014	-0.0755373	0.018545	0.0572061	
84	41.0136	24.153	83.249	-0.144268	0.0846597	-0.00880517	
85	41.6579	24.6361	84.7549	-0.135128	0.0900597	-0.0147003	
86	22.312	28.0446	69.2693	-0.155187	-0.0444164	-0.0149497	
87	22.6646	28.3258	70.1345	-0.14496	-0.0394718	-0.0207168	
88	8.06464	29.9096	56.132	-0.149798	-0.0342417	0.0354479	
89	8.26668	29.9638	56.4702	-0.138439	-0.029006	0.0297447	
90	21.666	-0.776099	-2.13635	-0.0662289	0.076028	9.28939e-05	
91	21.776	-0.89767	-2.12852	-0.0539428	0.0812748	-0.0057751	
92	21.3382	-6.19983	-7.04411	0.0417278	-0.0108181	-0.0243958	
93	21.2772	-6.30362	-7.00981	0.0542263	-0.00604078	-0.0301699	
94	5.88351	10.6513	-18.1315	-0.0783029	0.0443732	0.00363238	
95	5.68517	10.5639	-18.0201	-0.0659952	0.0490893	-0.00195917	
96	5.50178	-7.09479	-10.2048	-0.12111	0.109143	0.0110236	
97	5.25937	-7.23041	-9.96693	-0.108198	0.113344	0.00543296	
98	3.89974	-17.6611	33.7079	0.0241085	-0.0155546	-0.00425378	
99	3.61902	-17.7188	33.9378	0.0375878	-0.0120011	-0.00985716	
100	-8.30523	4.14464	15.7847	0.0525005	0.00630105	-0.0211855	
101	-8.5904	4.18357	15.7823	0.0656273	0.00990603	-0.0266778	
102	-9.69472	8.88257	6.52559	0.0493182	0.0726325	-0.0124532	
103	-9.90941	8.87917	6.41702	0.0619338	0.0760285	-0.0177523	
104	-7.41497	-0.0509184	-15.7483	-0.00285269	0.033781	0.0242357	
105	-7.55603	-0.106707	-15.8635	0.0093775	0.0366541	0.0190042	
106	-13.0603	-5.10709	-63.4621	-0.202938	0.00515096	0.0140516	
107	-13.1306	-5.15206	-63.3581	-0.190387	0.00779155	0.00869036	
108	-18.5179	-12.9823	-41.2828	-0.300853	0.00746369	-0.0256986	
109	-18.474	-12.9711	-40.7229	-0.286607	0.0100383	-0.03105	
110	-28.3411	-20.1318	-43.547	-0.182886	0.0623043	0.00663734	
111	-28.1321	-20.0042	-42.6616	-0.166613	0.0646915	0.001467	
112	-35.6881	-39.2517	-59.6465	-0.0286104	0.0323442	0.0418045	
113	-35.2427	-38.9287	-58.3929	-0.0113283	0.0342805	0.0365532	
114	-26.8891	-60.3717	-34.5764	-0.0132646	-0.0246272	-0.00672775	
115	-26.1832	-59.7	-32.9118	0.00407659	-0.0228489	-0.0121715	
116	-27.5711	-51.9816	-60.5113	-0.0181464	0.0425229	-0.0153986	
117	-26.6574	-50.8557	-58.5361	-0.000827764	0.0443489	-0.0207293	
118	-42.9776	-37.8519	-70.8973	0.0481582	0.0039985	0.0384396	
119	-41.8233	-36.3529	-68.44	0.0653525	0.00555081	0.0331662	
120	-39.0739	-40.2329	-45.1261	-0.0415045	-0.0634018	0.0118491	
121	-37.5975	-38.4425	-42.18	-0.0246486	-0.0617603	0.00636654	
122	-32.8155	-38.0612	-54.1394	-0.151326	-0.00130932	-0.00723242	
123	-31.0549	-35.9719	-50.8429	-0.134059	0.000696693	-0.0127275	
124	-40.7515	-37.7595	-49.0598	-0.0652472	0.00558357	0.0556898	
125	-38.7304	-35.3873	-45.3724	-0.047093	0.00757049	0.050171	
126	-31.9104	-53.6142	-34.6492	-0.052551	-0.00870326	0.0368907	
127	-29.6014	-50.9316	-30.6324	-0.0340505	-0.00674784	0.0310133	
128	-29.5256	-57.1769	-9.59151	-0.100455	-0.0337826	-0.00145575	
129	-26.9879	-54.0857	-5.38264	-0.0815911	-0.0317245	-0.00750202	
130	-49.8769	-42.769	-10.3639	-0.0340907	-0.0844343	0.0497633	
131	-47.0862	-39.2797	-6.11103	-0.0147147	-0.0820261	0.0436751	
132	-36.8084	-46.9978	-99.9007	0.00784997	-0.0494527	0.0495785	
133	-33.6723	-43.1904	-95.423	0.0272592	-0.0464667	0.0431463	
134	-4.9866	-55.3265	-125.869	0.0297527	-0.0374594	0.00230072	
135	-1.6477	-51.1621	-120.587	0.0489038	-0.0341306	-0.00437841	
136	-21.2598	-29.454	-65.6888	0.0374312	-0.0387405	0.0239984	
137	-17.8758	-24.9372	-59.5753	0.0561815	-0.0351401	0.017311	
138	-47.4761	-9.43544	-42.8525	-0.00532695	-0.0122369	0.0668294	
139	-43.8994	-4.76156	-36.3143	0.0130647	-0.00841176	0.0599209	
140	-23.7403	-28.5519	-3.86644	0.0225169	-0.0543179	0.0478621	
141	-19.8643	-23.8028	2.88119	0.0407506	-0.0503433	0.0405186	
142	-2.46717	-28.2753	24.0419	0.0293081	-0.0665711	0.00886868	
143	1.5235	-23.339	30.7117	0.0472071	-0.0621754	0.00128261	
144	-15.506	12.1941	-15.4902	-0.0438464	-0.0699017	0.0391864	
145	-11.5016	17.2346	-8.98451	-0.0261753	-0.0650092	0.0315304	
146	-11.3825	21.0771	-40.4562	-0.0594079	-0.0975922	0.0719078	
147	-7.29552	25.9641	-33.8304	-0.0414997	-0.0921324	0.0639386	
148	-1.89642	-10.9893	-25.071	-0.0833051	-0.0510317	0.0373878	
149	2.22934	-6.24373	-18.2088	-0.0650226	-0.0449373	0.0289825	
150	-7.98157	-7.63771	5.46984	-0.156003	-0.0446011	0.0427736	
151	-3.86138	-2.84951	12.4153	-0.137064	-0.038165	0.0341291	
152	7.21466	17.4367	3.16457	-0.155014	-0.0683775	0.0663293	
153	11.3353	22.1979	10.0167	-0.134996	-0.0615936	0.0573693	
154	19.3474	-8.3936	-10.2295	-0.0459759	-0.0464464	0.0177829	
155	23.3547	-3.75647	-3.42992	-0.025109	-0.03922	0.00846635	
156	3.69177	-29.7018	34.1075	0.0756464	-0.0653149	0.0226012	
157	7.54583	-24.993	40.8466	0.0964714	-0.057742	0.0132083	
158	6.86371	16.0324	53.8393	0.115006	-0.0712892	0.0833901	
159	10.652	20.848	60.2174	0.134992	-0.0632493	0.0737731	
160	28.3978	45.2282	29.2878	0.107412	-0.0516055	0.0361021	
161	32.0596	49.8218	35.2395	0.12635	-0.0431056	0.0259967	
162	31.4406	25.5398	26.7753	0.0153749	-0.0452531	-0.0220849	
163	34.8437	29.7794	32.4541	0.0334972	-0.0364259	-0.0322804	
164	23.4971	34.7964	35.3001	-0.162083	-0.0294316	0.049754	
165	26.641	38.7829	40.7062	-0.143875	-0.0203484	0.0396712	
166	24.4506	55.9457	73.1151	-0.171552	-0.0470005	0.0932008	
167	27.3826	59.5847	78.1256	-0.152191	-0.0377221	0.0827194	
168	35.531	30.73	83.4629	-0.0297569	-0.0427326	0.0102765	
169	38.2252	33.9488	87.8369	-0.00947504	-0.0331653	-0.000693497	
170	36.6058	16.5188	39.0432	0.00527198	-0.00663927	-0.019781	
171	38.9964	19.4981	42.8123	0.0255594	0.00311838	-0.0306862	
172	22.8259	51.0505	42.4496	-0.0312889	-0.0144119	0.0548322	
173	24.9362	53.8078	45.8744	-0.0111309	-0.00466352	0.0440217	
174	30.4253	57.6176	41.1162	-0.031246	-0.0258615	0.0568463	
175	32.3241	59.9377	44.1818	-0.0110003	-0.0160537	0.0456848	
176	50.3015	23.3255	-2.73149	-0.0467997	-0.0374832	-0.0185461	
177	51.9061	25.2406	0.0723013	-0.0264365	-0.0275259	-0.0299191	
178	33.6368	28.2982	6.06446	-0.0764481	-0.00394702	-0.00819224	
179	34.865	30.0045	8.85032	-0.055818	0.00616115	-0.0193498	
180	13.9845	61.084	53.6929	-0.0318416	0.066598	0.0472745	
181	14.9765	62.489	56.315	-0.0108593	0.0765184	0.0361601	
182	30.5552	52.7801	81.2193	-0.00706208	0.0292319	0.0184628	
183	31.3964	53.7087	83.343	0.0139569	0.0386227	0.00712011	
184	34.3435	27.4696	75.6036	-0.127661	-0.0208497	-0.0128566	
185	34.9297	28.0247	77.0812	-0.106514	-0.0116647	-0.0241936	
186	16.5233	31.6079	63.2088	-0.192064	0.00580745	0.0221991	
187	16.8693	31.9338	64.1031	-0.16995	0.0150318	0.0109837	
188	20.5891	35.1518	51.2079	-0.105701	0.00796179	0.0229053	
189	20.794	35.2189	51.6204	-0.0824176	0.0170634	0.0116019	
190	26.2981	12.8095	-4.75119	-0.103793	0.00871518	-0.0119661	
191	26.3278	12.643	-4.63534	-0.0798636	0.0176807	-0.0232922	
192	8.97722	-0.145687	-39.36	-0.179467	0.046562	0.00424747	
193	8.83348	-0.386304	-39.1393	-0.154759	0.0553134	-0.00692695	
194	-0.40591	4.3141	15.8	-0.132723	0.0730281	0.0253235	
195	-0.600793	4.06773	16.2204	-0.106886	0.0812912	0.0141621	
196	7.45181	-5.43739	54.5941	-0.0234508	0.0329204	-0.0079194	
197	7.24616	-5.69659	54.8101	0.0030133	0.0406217	-0.0191269	
198	4.04746	-20.2185	16.2877	0.0235377	-0.0177602	-0.017514	
199	3.79139	-20.4036	16.1472	0.0498852	-0.0102792	-0.0285517	
200	-12.8878	-15.8944	-22.3202	0.0489689	0.0220778	0.0266295	
201	-13.1404	-15.9271	-22.5119	0.0748729	0.0295611	0.0157298	
202	-11.7889	0.593887	-24.3836	0.0323931	0.0313204	0.0159469	
203	-11.94	0.654179	-24.3937	0.0577395	0.0385525	0.0049443	
204	3.77382	10.005	-26.5495	-0.100586	-0.0157678	-0.0300162	
205	3.68616	10.0415	-26.363	-0.0754329	-0.00874691	-0.0409671	
206	-9.46821	-1.68671	-31.1062	-0.20679	0.0288704	0.0102404	
207	-9.55881	-1.70625	-30.7028	-0.180832	0.0358723	-0.000466906	
208	-32.0391	-20.1679	-15.4748	-0.185721	0.0745423	0.051481	
209	-32.0098	-20.1375	-14.8602	-0.158378	0.0811711	0.040696	
210	-16.2662	-29.8779	-18.1201	-0.166812	0.0340068	0.00221582	
211	-16.0156	-29.6696	-17.3831	-0.138258	0.0400755	-0.00879289	
212	-9.92561	-42.7537	-49.272	-0.110162	0.00111146	-0.0226725	
213	-9.56124	-42.2861	-48.3365	-0.0806297	0.00692914	-0.0335627	
214	-46.9379	-50.5293	-65.7402	0.0190333	0.0306773	0.0121853	
215	-46.4251	-49.7128	-64.391	0.0489463	0.036382	0.00149089	
216	-53.9308	-39.9408	-64.801	0.0302394	0.0568348	0.0254145	
217	-53.0382	-38.7533	-62.946	0.0597444	0.062201	0.0146822	
218	-25.032	-30.068	-59.6132	-0.0494207	-0.0181199	0.0161543	
219	-23.7781	-28.5943	-57.272	-0.0202297	-0.0130963	0.00532457	
220	-37.0866	-34.2772	-79.8412	-0.109618	-0.0716415	0.0193789	
221	-35.6214	-32.5697	-77.0085	-0.0801488	-0.066409	0.00850075	
222	-62.1635	-48.7493	-90.9702	-0.134534	-0.0224809	0.034754	
223	-60.368	-46.7565	-87.5083	-0.104383	-0.0168217	0.0237785	
224	-40.1305	-54.2388	-22.9186	-0.0452323	-0.0450173	0.0411639	
225	-37.9024	-51.8665	-18.9009	-0.0144349	-0.039181	0.0299883	
226	-16.5735	-38.0697	12.504	-0.00410678	-0.104021	0.0449636	
227	-14.0931	-35.3202	16.6008	0.0267233	-0.0977598	0.033544	
228	-24.2586	-36.9931	-48.7986	-0.126361	-0.0594798	0.0510318	
229	-21.6519	-33.9673	-44.7117	-0.0955001	-0.0525352	0.0393357	
230	-24.5219	-57.8191	-77.0458	-0.142447	0.00545077	0.0207178	
231	-21.7439	-54.4844	-72.5506	-0.110801	0.0126815	0.00877142	
232	-13.0324	-48.158	-57.6386	-0.0488571	0.00115377	0.0043788	
233	-10.1057	-44.4127	-52.6097	-0.0165227	0.00829302	-0.00760455	
234	-20.9068	-30.629	-57.087	-0.0422897	-0.023212	0.0512787	
235	-17.8848	-26.5681	-51.6443	-0.00983796	-0.0160901	0.0392628	
236	-39.236	-54.6866	-59.7831	-0.0107775	0.0365583	0.0427618	
237	-36.0368	-50.3687	-53.9279	0.0216896	0.0436892	0.030453	
238	-42.1545	-58.595	-31.6459	0.0937318	0.0579784	-0.0055814	
239	-38.6654	-53.8722	-25.4209	0.125822	0.0647225	-0.0180349	
240	-38.2081	-8.40677	1.09168	0.0988832	-0.100799	0.0460067	
241	-34.4219	-3.35822	7.45251	0.129971	-0.0942524	0.0335937	
242	-36.5696	11.5975	-25.8046	0.00653802	-0.180385	0.0914648	
243	-32.5152	16.6331	-19.4494	0.0367829	-0.172937	0.0786972	
244	-25.6082	-12.9866	-57.2424	-0.0374621	-0.109864	0.0507079	
245	-21.3191	-8.03369	-50.6718	-0.00742042	-0.101192	0.0374001	
246	-4.8365	-7.33943	-24.8525	-0.0553259	-0.133128	0.0469156	
247	-0.420201	-2.33431	-17.9463	-0.0251905	-0.123612	0.0333204	
248	9.48033	19.4708	-4.69934	-0.138567	-0.14977	0.0788937	
249	13.8717	24.4415	2.30858	-0.108068	-0.139247	0.0649727	
250	13.3818	13.1793	-6.39043	-0.193677	-0.0476276	0.0697547	
251	17.6561	17.9696	0.60263	-0.162218	-0.0362079	0.0553394	
252	20.7875	-7.54048	31.4426	-0.123285	-0.00906041	0.0405292	
253	24.908	-2.85098	38.3562	-0.0906854	0.00256865	0.0257351	
254	26.3103	-4.18061	49.6973	-0.0235486	-0.0624561	0.0278187	
255	30.2234	0.524738	56.2725	0.00956908	-0.0507419	0.0128469	
256	20.582	7.80293	3.31794	0.0437667	-0.0536753	0.0322794	
257	24.2681	12.4805	9.54091	0.0766761	-0.0415783	0.0171974	
258	18.461	4.43751	-31.0861	0.0908245	0.0360162	0.0363476	
259	21.9599	9.02331	-24.8705	0.123037	0.048264	0.021122	
260	21.3336	13.0142	-6.02345	0.0260812	0.0453099	0.0211164	
261	24.6537	17.5119	0.338836	0.0574507	0.0571588	0.00575433	
262	11.1618	46.1436	41.5945	-0.136142	-0.0519465	0.0197782	
263	14.3076	50.4378	47.8602	-0.104905	-0.0403564	0.00437337	
264	-4.05266	50.6482	82.4508	-0.149385	-0.072166	0.0624537	
265	-0.989666	54.5358	88.2584	-0.117295	-0.0602178	0.0469302	
266	10.2406	19.9952	101.68	-0.0136261	-0.0330382	0.0632702	
267	13.2832	23.5133	106.754	0.0191209	-0.0206923	0.047375	
268	36.6025	21.7221	83.4011	-0.0173829	-0.0840484	0.0245218	
269	39.4883	25.0514	87.6691	0.0152207	-0.0714387	0.0083295	
270	26.7049	52.1671	68.198	-0.0830078	-0.1335	0.0531975	
271	29.2989	55.2387	71.8047	-0.0503947	-0.12023	0.0368829	
272	16.2494	45.2483	49.7879	-0.0288439	-0.0850803	0.0725397	
273	18.633	47.8981	52.8648	0.0040597	-0.0709572	0.0558961	
274	47.3088	22.7025	0.743584	-0.0371519	-0.0347815	0.0164678	
275	49.4841	25.0191	3.50037	-0.00426386	-0.0201982	-0.000505871	
276	65.9186	41.2673	-6.5948	-0.119161	-0.0207957	-0.00518946	
277	67.6671	43.3499	-3.85113	-0.0860774	-0.00608067	-0.0221164	
278	43.2574	57.8892	13.2857	-0.0714084	0.0148233	0.0331373	
279	44.517	59.5972	16.0205	-0.0377404	0.0295159	0.0163091	
280	35.255	30.5643	27.8377	0.0217737	0.0640165	0.0320153	
281	36.1794	31.8563	30.4174	0.0555553	0.0783793	0.0150607	
282	43.4171	20.668	77.7571	-0.0262216	0.0690119	-0.0169265	
283	44.0401	21.7283	79.9985	0.00721671	0.0827469	-0.0339033	
284	22.4301	55.4528	104.715	-0.0988775	0.036443	-0.0157714	
285	22.7473	56.2731	106.272	-0.0653527	0.0495897	-0.0324831	
286	10.558	65.1073	52.6367	-0.117579	0.0227558	0.0320807	
287	10.7192	65.4648	53.4589	-0.0835016	0.0355385	0.0155307	
288	23.9024	27.6549	-5.74603	-0.226189	0.0275142	0.0419373	
289	23.9527	27.5702	-5.23018	-0.191239	0.0400073	0.0252454	
290	8.65464	4.10018	5.89205	-0.284047	0.0258719	-0.00622089	
291	8.54616	3.84452	6.42617	-0.247475	0.0380528	-0.0230169	
292	-11.5661	9.08291	29.9926	-0.143419	0.0176693	-0.0122264	
293	-11.7021	8.7871	30.4285	-0.105173	0.0295663	-0.028829	
294	-0.653103	-2.4453	19.3782	-0.0385692	0.00468229	0.0572188	
295	-0.718331	-2.78765	19.5951	0.000299077	0.0163718	0.0407064	
296	7.99712	-25.1702	19.2038	-0.054107	0.0183516	0.0232431	
297	7.92049	-25.4457	19.2665	-0.0152104	0.0298851	0.00647681	
298	0.501608	-14.5964	25.7444	-0.0143125	0.0110708	-0.0436582	
299	0.377311	-14.6921	25.6423	0.0246255	0.022383	-0.0603435	
300	-4.44013	11.8813	-4.40074	0.0341684	-0.0629148	0.0280698	
301	-4.55765	11.8491	-4.64555	0.0728165	-0.0516332	0.0117188	
302	-3.36638	0.846301	-46.148	-0.0331609	-0.0243934	0.0576902	
303	-3.45008	0.742504	-46.2738	0.00504594	-0.0127806	0.0411883	
304	-6.25815	-22.6024	-18.5883	-0.106508	0.0959116	-0.00999364	
305	-6.30894	-22.6657	-18.4036	-0.0681966	0.107388	-0.0266868	
306	-12.2822	-9.5048	6.22531	-0.148265	0.0336855	-0.0172185	
307	-12.2714	-9.4153	6.50616	-0.109333	0.0444376	-0.033687	
308	-13.9184	-5.7092	-50.2049	-0.187663	-0.0422401	0.0372991	
309	-13.8076	-5.55294	-49.864	-0.147791	-0.0316885	0.0209887	
310	-10.5344	-36.4133	-64.6648	-0.155248	0.0480689	0.0324703	
311	-10.3214	-36.1527	-63.9022	-0.114275	0.0586921	0.016004	
312	-16.6083	-42.3092	-22.9668	-0.0551667	0.0639319	-0.0267371	
313	-16.3019	-41.7519	-21.7826	-0.01349	0.0740611	-0.0432128	
314	-32.9518	-23.3661	-50.2613	-0.00961052	-0.00193011	-0.000107909	
315	-32.4846	-22.517	-48.8514	0.0320827	0.00774499	-0.0162954	
316	-36.9571	-32.3841	-104.032	-0.108004	0.0396287	0.0701523	
317	-36.2259	-31.3396	-102.131	-0.0663699	0.0491607	0.0539547	
318	-38.0225	-57.0287	-63.6146	-0.183785	0.0642133	0.0279945	
319	-37.0035	-55.6885	-60.9879	-0.141478	0.0733092	0.0114546	
320	-48.4245	-47.3377	-29.8053	-0.123117	-0.0337227	-0.0389599	
321	-47.0931	-45.5774	-26.7643	-0.0798136	-0.0250116	-0.055458	
322	-54.2381	-28.587	-72.0918	-0.0574381	-0.056583	0.0449197	
323	-52.524	-26.5043	-68.7563	-0.0136352	-0.0476296	0.0286934	
324	-50.3249	-55.0479	-41.5104	0.0171114	0.00473535	0.10485	
325	-48.2043	-52.704	-37.6931	0.0608747	0.0139433	0.0882789	
326	-38.4038	-70.8738	8.61335	0.0591601	-0.0855293	0.000243617	
327	-35.9267	-68.0831	12.6289	0.102361	-0.0762532	-0.0168169	
328	-29.4721	-29.2753	-49.2514	-0.0691384	-0.154962	-0.000582757	
329	-26.7293	-26.0298	-45.2212	-0.026492	-0.144948	-0.0175091	
330	-31.2838	-12.9052	-78.0889	-0.198654	-0.0220018	0.109218	
331	-28.3266	-9.48675	-73.6452	-0.155543	-0.0111067	0.0922134	
332	-28.8134	-46.1873	-29.4318	-0.174622	-0.0169001	0.0708893	
333	-25.6377	-42.6284	-24.5035	-0.130333	-0.00592754	0.0532329	
334	-15.4101	-54.7	-56.1572	-0.120733	-0.109606	-0.00278928	
335	-12.0587	-50.7882	-50.9829	-0.0755219	-0.0984041	-0.0207201	
336	-14.5701	-41.0645	-106.427	-0.0292837	-0.0177716	0.0445482	
337	-11.1253	-36.7791	-100.751	0.0163426	-0.00597468	0.0266874	
338	-31.1702	-48.3421	-44.1168	0.116659	0.014864	0.0724734	
339	-27.6049	-43.7523	-37.7697	0.161869	0.0266436	0.054347	
340	-30.1962	-43.8709	-5.58784	0.111963	-0.0910239	0.0318813	
341	-26.4152	-38.945	0.980968	0.155906	-0.0792454	0.0134065	
342	-6.68479	-2.8713	-52.9764	-0.00370237	-0.0982969	0.0226089	
343	-2.74185	2.28085	-46.3218	0.0392389	-0.0858792	0.00404674	
344	0.172502	17.9506	-37.9041	-0.0426339	-0.0628915	0.0616172	
345	4.12353	23.0437	-30.914	7.47667e-05	-0.0498664	0.0429461	
346	-11.3473	-0.282078	11.4215	-0.111643	-0.0499833	0.073361	
347	-7.4061	4.66527	18.5581	-0.068799	-0.0365905	0.0543281	
348	-9.17167	-0.393431	17.6609	-0.201456	-0.020033	0.0376804	
349	-5.17632	4.51735	24.6388	-0.157892	-0.00641082	0.0182895	
350	-2.88114	14.0898	28.5333	-0.139871	-0.0156312	0.055657	
351	1.14261	18.9364	35.2954	-0.0951835	-0.00196713	0.0360864	
352	-6.67758	-5.33945	30.2939	-0.0589378	-0.0563998	0.0837091	
353	-2.65534	-0.603847	36.7742	-0.0136595	-0.0426397	0.0637986	
354	-5.07744	-22.112	-16.5247	-0.0468405	-0.126538	0.0387289	
355	-1.03743	-17.3385	-10.2419	-0.00147828	-0.112304	0.0184041	
356	3.29583	11.0229	-45.2821	0.00926024	-0.138941	0.0333368	
357	7.32751	15.8677	-38.8618	0.0545234	-0.123797	0.0128776	
358	14.2483	37.4933	16.2383	0.0384488	-0.0870879	0.0743878	
359	18.2006	42.1607	22.8437	0.0832244	-0.0710693	0.053746	
360	25.5139	17.3875	72.7523	-0.0237408	-0.0839625	0.0639218	
361	29.3004	21.7621	79.066	0.0205013	-0.0673898	0.0428769	
362	31.7941	12.7727	46.9504	-0.0631721	-0.0737279	0.041889	
363	35.3372	16.9848	52.6915	-0.0190138	-0.0566439	0.0205494	
364	40.7957	44.8849	43.7653	-0.0403919	-0.0203448	0.0477524	
365	44.0424	48.8998	49.0973	0.00387127	-0.00291952	0.0262392	
366	46.238	53.9165	59.9345	-0.0638615	0.000299984	0.0419497	
367	49.1266	57.528	64.8473	-0.0195825	0.0177075	0.020241	
368	31.9549	33.8345	39.8708	-0.124372	-0.00682317	0.0334059	
369	34.4843	37.0319	44.312	-0.0798189	0.0104588	0.0115545	
370	18.0057	32.7489	57.5772	-0.0821489	-0.0502146	0.031331	
371	20.2908	35.6565	61.6339	-0.03705	-0.0329295	0.00939259	
372	24.7129	48.292	67.9245	-0.0631199	-0.0697118	0.0225337	
373	26.8248	50.8878	71.4749	-0.0177664	-0.0521285	0.000538573	
374	37.5405	44.1167	9.31755	-0.176541	-0.00717157	0.0412718	
375	39.4155	46.3194	12.42	-0.130823	0.0106993	0.0192354	
376	42.3988	25.2681	1.07595	-0.185063	0.0144274	0.0523044	
377	43.9534	27.1428	4.09668	-0.138297	0.0321713	0.0300947	
378	38.3151	24.2295	65.074	-0.0378753	-0.0172131	0.021108	
379	39.5312	25.8922	67.9362	0.00969055	0.000339565	-0.00127751	
380	30.5487	34.9912	74.5071	0.0466597	0.0122242	0.0220077	
381	31.4684	36.4285	76.8149	0.0939824	0.0297162	-0.000369519	
382	22.8537	33.5579	43.5458	0.0237106	0.0644258	0.0207285	
383	23.5404	34.7108	45.309	0.0703374	0.0815804	-0.00164335	
384	12.5192	39.8923	63.9229	-0.0311375	0.0223962	-0.0121138	
385	13.0407	40.759	65.2886	0.015043	0.0389905	-0.0344078	
386	8.77255	57.2627	57.4065	-0.159954	-0.0586459	0.0233905	
387	9.19863	57.7737	58.2702	-0.113638	-0.0421991	0.00129776	
388	17.9822	38.3682	6.19054	-0.266251	-0.0315707	0.0646158	
389	18.3176	38.4609	6.69589	-0.218829	-0.0148446	0.0424314	
390	21.7381	2.20018	25.9425	-0.182617	0.0187002	0.0201393	
391	21.9217	2.061	26.3561	-0.133635	0.0354441	-0.00229187	
392	14.6702	9.37624	45.5049	-0.115928	0.000428377	-0.00300912	
393	14.6948	9.20665	45.672	-0.0660238	0.0169288	-0.0253766	
394	13.7847	24.208	1.07335	-0.150755	0.0197437	0.0325725	
395	13.6952	23.9366	0.968034	-0.100261	0.0360726	0.010335	
396	14.9888	-1.69439	-7.46111	-0.0715544	0.0257146	0.0241866	
397	14.789	-2.10348	-7.55721	-0.0204262	0.0417472	0.00188415	
398	3.54555	-24.3526	7.79615	0.0132659	-0.0292251	-0.00562559	
399	3.25164	-24.7004	7.72952	0.0643877	-0.0134133	-0.0278841	
400	-3.61793	-10.7167	-38.9405	-0.0812239	0.0109331	0.0195048	
401	-3.92335	-10.8966	-38.9758	-0.0304234	0.0267715	-0.00258347	
402	4.02031	1.25557	-75.6052	-0.1624	0.110491	0.019029	
403	3.73076	1.13794	-75.2609	-0.111199	0.125922	-0.00303789	
404	-3.95804	-7.21746	-10.4136	-0.103858	0.0954988	-0.0137619	
405	-4.26127	-7.32734	-9.60445	-0.0518962	0.109966	-0.0357402	
406	-29.967	-11.9545	45.5413	-0.103014	0.0152471	0.0143506	
407	-30.1853	-11.9973	46.3158	-0.0506445	0.0290058	-0.00740135	
408	-36.7301	-18.0137	15.7716	-0.149832	-0.000115699	0.0322175	
409	-36.697	-17.9499	16.2396	-0.0969704	0.0134446	0.0104887	
410	-26.056	-38.1519	-24.6187	-0.121719	-0.0173767	0.0159013	
411	-25.7546	-37.9069	-24.1991	-0.0681481	-0.00388835	-0.00587806	
412	-26.5754	-45.8002	-61.869	-0.140689	-0.0687892	0.0352729	
413	-26.0699	-45.2412	-61.185	-0.0865433	-0.0551687	0.0135017	
414	-30.4241	-34.2257	-98.1089	-0.162653	-0.00945135	0.0400191	
415	-29.7054	-33.3327	-96.871	-0.107783	0.00448705	0.0181321	
416	-23.6369	-34.4494	-84.4685	-0.0894897	0.0623594	0.0230248	
417	-22.6975	-33.2932	-82.4936	-0.0339132	0.0761207	0.00102834	
418	-28.9559	-50.6583	-40.7868	-0.0616442	0.00943369	0.0260332	
419	-27.8269	-49.2075	-38.2476	-0.00585525	0.0226992	0.00402265	
420	-49.7893	-59.0333	-32.9153	-0.0550678	-0.000497573	0.0388697	
421	-48.3998	-57.178	-30.09	0.00075439	0.0126086	0.0168021	
422	-48.8913	-53.5417	-43.7346	0.0400072	-0.00867619	0.0312256	
423	-47.122	-51.2464	-40.6508	0.0956358	0.00434665	0.00904064	
424	-37.4973	-35.6134	-49.3329	0.0609036	-0.113263	0.00874374	
425	-35.3789	-32.9494	-45.9175	0.115737	-0.100068	-0.0134682	
426	-44.0859	-12.6053	-71.2169	-0.0950164	-0.0988723	0.0499073	
427	-41.6755	-9.72681	-67.3962	-0.0407881	-0.0849167	0.0277204	
428	-32.911	-20.0649	-71.2552	-0.226098	-0.00545615	0.0827905	
429	-30.194	-17.095	-66.9029	-0.171289	0.00898473	0.0603202	
430	-9.15714	-50.7772	-41.8305	-0.204172	-0.0375001	0.0366865	
431	-6.24893	-47.6119	-37.0088	-0.148056	-0.0230668	0.0138315	
432	-19.9418	-47.0837	-52.1099	-0.155161	-0.0805528	0.0463148	
433	-16.9631	-43.5503	-46.9761	-0.0979739	-0.0658527	0.0233317	
434	-36.3585	-31.3008	-70.721	-0.130004	-0.0439985	0.0866009	
435	-33.2136	-27.4551	-65.1801	-0.072094	-0.0288512	0.0633543	
436	-27.4011	-52.912	-41.5883	-0.0344194	-0.0273067	0.0348674	
437	-24.012	-48.8072	-35.5908	0.0238701	-0.0119649	0.0112234	
438	-20.474	-62.9077	-27.8393	0.0706303	-0.0532587	-0.0026803	
439	-16.9092	-58.3983	-21.5884	0.128524	-0.0377713	-0.0263388	
440	-23.043	-27.3048	-51.294	0.0275742	-0.0349502	0.071305	
441	-19.3398	-22.4052	-44.8265	0.0845397	-0.0192012	0.0477082	
442	-17.8726	-0.145206	-43.7667	-0.0789533	0.000228171	0.100726	
443	-14.0271	4.87752	-36.9606	-0.0224442	0.0160592	0.0766948	
444	-17.6362	-8.52339	4.35125	-0.0556194	-0.0661374	0.0222457	
445	-13.6806	-3.52259	11.3538	0.00102066	-0.050302	-0.00223527	
446	-28.6127	-15.6336	24.129	-0.0141251	-0.127942	0.0208127	
447	-24.5275	-10.591	31.003	0.042425	-0.111588	-0.0036478	
448	-24.2167	-3.20555	8.91231	-0.0860749	-0.10434	0.0997533	
449	-19.9468	1.89605	15.5719	-0.0297174	-0.0871529	0.0751658	
450	0.135605	2.98656	17.0649	-0.104565	-0.137288	0.100353	
451	4.51476	8.06099	23.5856	-0.0479368	-0.119349	0.0751719	
452	22.8362	5.55469	11.9921	-0.0701567	-0.147228	0.0556908	
453	27.135	10.5605	18.3368	-0.0132182	-0.128327	0.0300048	
454	24.1864	22.9955	-28.6488	-0.116093	-0.0452479	0.0646411	
455	28.2685	27.8836	-22.3685	-0.05896	-0.025537	0.0387008	
456	14.898	19.8405	-21.2726	-0.0849579	-0.0335286	0.0747224	
457	18.7756	24.515	-14.8304	-0.0274211	-0.0136394	0.0484571	
458	23.5222	-7.10637	14.3264	0.0409716	-0.0937329	0.0317131	
459	27.2347	-2.57204	20.8152	0.0984761	-0.0736173	0.0051506	
460	29.1555	8.00177	13.6425	0.00769014	-0.0250616	0.0163092	
461	32.6421	12.5266	19.9686	0.0644839	-0.0045011	-0.0102636	
462	14.657	55.1576	41.8937	-0.104063	0.0534235	0.0529136	
463	17.9148	59.4906	48.0066	-0.0475569	0.0738646	0.0263495	
464	18.9909	57.6082	95.2865	-0.0799837	-0.0393	0.0612986	
465	22.0989	61.4673	100.915	-0.0231505	-0.0192584	0.0345102	
466	36.2587	29.2048	83.2523	-0.0303365	-0.120108	0.0401587	
467	39.1584	32.6352	88.1093	0.0265814	-0.0997551	0.0131399	
468	24.7747	36.5172	33.7953	-0.0953504	-0.0308928	0.0451835	
469	27.3883	39.6758	38.0551	-0.0385139	-0.00992922	0.0180511	
470	13.2878	55.7007	14.7666	-0.183056	-0.013497	0.0674614	
471	15.7081	58.5086	18.7638	-0.125742	0.00751055	0.0401428	
472	31.9462	37.1556	28.9425	-0.193985	-0.121813	0.051959	
473	34.2058	39.5388	32.7639	-0.135659	-0.100651	0.0243544	
474	41.2346	18.1478	42.4151	-0.204444	-0.0816251	0.0388534	
475	43.2061	20.2567	45.9515	-0.145027	-0.0597488	0.0110827	
476	32.7298	26.6087	62.0578	-0.158214	0.0165194	0.0686721	
477	34.3775	28.5412	65.193	-0.0977449	0.0386733	0.0407551	
478	41.9439	27.9146	82.4726	0.0305385	-0.0188768	0.0312764	
479	43.3022	29.6194	85.0535	0.0914059	0.00304199	0.00311182	
480	48.2353	20.2582	55.3204	0.110948	-0.00886864	-0.021094	
481	49.2398	21.7446	57.2842	0.170936	0.0130064	-0.0491798	
482	30.5817	29.7479	32.4375	-0.023087	0.0826445	0.0245571	
483	31.2327	31.0441	33.9948	0.0358175	0.104236	-0.00323096	
484	19.9867	49.0498	51.1998	-0.11036	0.0651568	0.0316345	
485	20.4124	50.0631	52.452	-0.0515657	0.0859613	0.00385795	
486	18.3427	53.3056	50.6955	-0.104036	-0.00815187	-0.00450168	
487	18.6107	53.9157	51.5351	-0.0448476	0.0121194	-0.0322373	
488	13.6812	37.7983	22.7283	-0.202173	0.00230146	0.0261157	
489	13.8116	38.0139	23.2167	-0.142438	0.0224565	-0.00142613	
490	6.05008	22.3583	17.4419	-0.255882	0.0152728	0.0681036	
491	6.08666	22.3046	17.7576	-0.194917	0.0352252	0.0404902	
492	-0.31961	17.1222	31.8107	-0.104758	-0.0320494	0.0432102	
493	-0.318455	16.903	31.9581	-0.0425543	-0.0122814	0.0153266	
494	5.77738	8.2476	8.48303	-0.0624503	-0.0429738	-0.0123567	
495	5.76902	7.91261	8.42447	5.43724e-06	-0.0230873	-0.0402515	
496	3.92161	-1.68555	-27.9167	-0.174542	-0.0161055	0.0264197	
497	3.87141	-2.06334	-27.9699	-0.111865	0.00390994	-0.00123428	
498	2.77177	2.79755	-28.8821	-0.167837	-0.0132059	0.0766867	
499	2.69332	2.42719	-28.7128	-0.104291	0.006773	0.0489433	
500	24.1147	2.50133	-23.3068	-0.116516	0.00387678	0.00702882	
501	23.9729	2.11242	-22.9221	-0.0522496	0.0237686	-0.0209631	
502	16.168	-16.9806	-9.72544	-0.122464	0.0445231	-0.0291927	
503	15.8528	-17.3477	-9.18679	-0.0577731	0.0641472	-0.0569478	
504	-19.1539	-27.0461	19.5163	-0.0857367	0.071477	0.0210164	
505	-19.5244	-27.2566	20.0697	-0.0206631	0.0905421	-0.00638878	
506	-17.7332	-18.5953	16.9606	-0.0622265	0.0827273	0.0264029	
507	-17.9525	-18.6075	17.3607	0.00296365	0.101056	-0.000962477	
508	-9.92949	-19.6005	-22.7527	-0.150344	0.0693594	0.00476222	
509	-10.0226	-19.4641	-22.411	-0.0850033	0.0869179	-0.0225529	
510	-30.8197	-32.4306	-58.5299	-0.21938	0.0188936	0.0262541	
511	-30.7926	-32.1153	-57.941	-0.153233	0.0358664	-0.000925591	
512	-40.7635	-34.1131	-66.0097	-0.179221	-0.0315111	0.0439585	
513	-40.474	-33.5413	-64.9491	-0.111945	-0.0147217	0.0167512	
514	-48.2178	-35.7898	-44.5728	-0.122175	-0.0152593	0.0272946	
515	-47.5944	-34.9501	-43.0424	-0.0541288	0.00161413	-1.19502e-05	
516	-61.496	-56.2016	-32.0811	-0.0931425	0.0157405	0.0399099	
517	-60.4712	-55.0461	-30.2359	-0.0247266	0.03254	0.0125786	
518	-41.7833	-67.2048	-42.39	-0.0520071	-0.0569759	0.0623157	
519	-40.3204	-65.5935	-40.286	0.0165226	-0.0402895	0.034841	
520	-23.3723	-47.9765	-45.5147	0.0182887	-0.122473	0.0272018	
521	-21.6279	-45.8859	-43.0869	0.0865495	-0.105339	-0.000478305	
522	-37.4931	-24.4126	-57.957	0.0318688	-0.0749324	0.0316194	
523	-35.5502	-22.0067	-55.1649	0.0994203	-0.0570623	0.00393426	
524	-34.0817	-22.3499	-88.5831	-0.0444991	-0.0614905	0.0874978	
525	-31.8653	-19.7745	-85.2956	0.0224191	-0.043197	0.0596714	
526	-10.2814	-35.9106	-99.0754	-0.102814	-0.053584	0.0509733	
527	-7.86063	-33.1526	-95.0946	-0.0359573	-0.0349654	0.0227485	
528	-9.55742	-34.927	-80.105	-0.177844	0.0299147	-0.00223446	
529	-7.07612	-31.9095	-75.4117	-0.110556	0.0486442	-0.0305337	
530	-27.6906	-21.7108	-37.3497	-0.279267	0.0118102	0.0479111	
531	-25.1178	-18.4678	-32.1462	-0.210907	0.0301919	0.0197536	
532	-37.0067	-36.7256	-7.8453	-0.213806	-0.0590873	0.0889748	
533	-34.2174	-33.3073	-2.44654	-0.143912	-0.0408038	0.0605806	
534	-32.4626	-60.4463	-32.5351	-0.0522396	-0.0203211	0.0390493	
535	-29.4124	-56.7185	-27.0683	0.0184702	-0.00179237	0.0102759	
536	-35.3513	-46.3123	-55.9912	-0.01686	-0.0166213	0.0211052	
537	-32.0635	-42.1652	-50.2647	0.0536344	0.00191434	-0.00771383	
538	-43.2125	-26.036	-64.3705	-0.0590206	-0.0684563	0.0790236	
539	-39.6564	-21.5964	-58.2311	0.0111341	-0.0498335	0.0501511	
540	-29.6245	-35.4433	-71.7786	-0.0746712	-0.0588294	0.0832007	
541	-25.7825	-30.8149	-65.1654	-0.00457349	-0.0398326	0.0539246	
542	-17.4576	-40.5438	-19.4647	-0.0806206	-0.0919601	0.0485475	
543	-13.4363	-35.6623	-12.4409	-0.0104751	-0.0725839	0.0189145	
544	-21.1306	-18.5119	30.6945	-0.0609869	-0.162025	0.0552033	
545	-16.9961	-13.3927	37.7174	0.00920248	-0.141939	0.0254081	
546	-14.0016	-2.96456	13.2362	0.0216502	-0.106498	0.0810627	
547	-9.7471	2.22957	19.9962	0.091604	-0.0854014	0.0510161	
548	-3.34337	-7.68848	10.2904	0.0257387	-0.0333529	0.0959521	
549	0.966924	-2.50261	16.8985	0.0949621	-0.0117273	0.0654738	
550	2.44098	1.17658	36.4749	-0.089252	-0.10855	0.0703992	
551	6.73223	6.36469	42.8981	-0.0205505	-0.0866836	0.039455	
552	10.8618	22.6853	11.6195	-0.122671	-0.16943	0.0550382	
553	15.0834	27.7808	17.7534	-0.0537412	-0.146759	0.0238132	
554	16.4509	17.1712	-44.9535	-0.0903592	-0.0817974	0.0768928	
555	20.5425	22.0585	-38.8479	-0.0210697	-0.058143	0.0454369	
556	25.5917	1.92331	-35.32	-0.103764	-0.0256067	0.0581582	
557	29.5033	6.66676	-28.9271	-0.0342817	-0.00160469	0.026381	
558	32.0079	19.6907	11.5872	-0.102439	-0.0614553	0.0304115	
559	35.6742	24.3465	18.1156	-0.0326893	-0.0373699	-0.00151896	
560	19.8741	38.8487	31.2393	-0.0379883	-0.0381521	0.0501257	
561	23.283	43.2747	37.5861	0.0318921	-0.0138181	0.0181683	
562	14.1286	27.7723	38.0799	0.0108779	0.0149797	0.0608283	
563	17.3652	31.8789	44.1168	0.0804104	0.0393179	0.0287065	
564	28.1809	28.4785	47.3402	-0.0604046	-0.015666	0.0562866	
565	31.2529	32.3324	53.011	0.00863443	0.00842264	0.0239474	
566	34.268	53.3961	58.7431	-0.155145	-0.0816631	0.0688056	
567	37.0815	56.9458	63.9734	-0.0859873	-0.0575106	0.0362529	
568	24.5121	56.5885	53.693	-0.157743	-0.0865955	0.0539993	
569	27.0525	59.683	58.4288	-0.0879016	-0.0619799	0.02119	
570	17.0978	34.1145	48.0468	-0.169448	-0.033918	0.0215067	
571	19.4395	36.7827	52.333	-0.0988911	-0.00891754	-0.0114056	
572	19.5634	27.8966	69.8072	-0.195488	-0.00938397	0.0492745	
573	21.7469	30.287	73.6378	-0.1241	0.0156384	0.0163973	
574	25.788	36.7528	85.5169	-0.143571	-0.037802	0.101813	
575	27.7878	38.8869	88.7358	-0.071306	-0.0128469	0.0687026	
576	31.8553	22.3752	55.5997	-0.0940204	-0.0674981	0.0640597	
577	33.624	24.231	58.178	-0.0212913	-0.042383	0.0304823	
578	33.6875	4.84245	29.3842	-0.0733623	-0.0815548	-0.0164781	
579	35.1875	6.54181	31.5554	-0.000506074	-0.0560779	-0.050137	
580	36.1804	28.8531	40.9298	-0.0199474	-0.0594003	0.0195376	
581	37.398	30.4535	42.8294	0.0528074	-0.0335249	-0.0137969	
582	45.4346	54.764	27.7928	0.0072705	0.0143797	0.0838593	
583	46.339	56.0731	29.3807	0.0795552	0.0403739	0.0505067	
584	42.4765	36.9227	17.2819	-0.0554633	0.0527449	0.0337685	
585	43.0213	37.8249	18.6588	0.0163179	0.078345	0.000116424	
586	28.722	25.3271	48.2697	-0.156947	0.0155545	-0.0102759	
587	28.9548	25.9539	49.4384	-0.0850938	0.0406102	-0.043842	
588	21.9855	43.5673	61.4061	-0.17154	0.00227336	0.02968	
589	22.0033	43.9535	62.159	-0.0989877	0.0270351	-0.00361921	
590	14.7715	35.6988	39.3483	-0.132417	0.0464938	0.0477459	
591	14.63	35.7539	39.6546	-0.059161	0.0709551	0.0144396	
592	3.4625	11.8195	8.32285	-0.16183	0.0727071	0.00504658	
593	3.22792	11.6398	8.37766	-0.0880494	0.0965571	-0.0282894	
594	-3.39017	20.692	1.27146	-0.192252	0.0266241	0.0146619	
595	-3.63668	20.403	1.27413	-0.117717	0.0498037	-0.01847	
596	1.70082	26.0239	-2.22571	-0.204069	-0.0416696	0.0493042	
597	1.47293	25.5635	-2.22619	-0.128582	-0.018748	0.0162497	
598	-0.168736	-7.39756	-32.1917	-0.231848	-0.0278245	0.0145912	
599	-0.404543	-7.9936	-32.1155	-0.155293	-0.00478229	-0.018523	
