0	0	0	0	0	0	0	
1	0	0	0	0	0	0	
2	0	0.000221328	0	-8.75743e-08	2.4776e-25	1.89632e-09	
3	-3.12084e-19	0.00219125	1.37272e-21	-9.52668e-07	-3.10235e-19	2.06708e-08	
4	2.99168e-15	0.0112465	8.29486e-13	-5.37973e-06	-1.79393e-17	1.1703e-07	
5	1.30782e-13	0.0404252	2.82404e-11	-2.12339e-05	-3.84963e-16	4.63391e-07	
6	2.21088e-12	0.115349	4.29428e-10	-6.62686e-05	-4.81192e-15	1.4517e-06	
7	2.25094e-11	0.279588	4.11589e-09	-0.000174843	-4.18371e-14	3.84719e-06	
8	1.63518e-10	0.599921	2.87137e-08	-0.00040637	-2.7803e-13	8.98727e-06	
9	9.26223e-10	1.17089	1.57791e-07	-0.000855041	-1.49687e-12	1.90194e-05	
10	4.31912e-09	2.11807	7.17889e-07	-0.00166014	-6.79082e-12	3.71668e-05	
11	1.71971e-08	3.59953	2.79779e-06	-0.00301605	-2.67033e-11	6.80073e-05	
12	6.00104e-08	5.80515	9.57359e-06	-0.0051809	-9.29606e-11	0.000117745	
13	1.87145e-07	8.95347	2.9303e-05	-0.0084829	-2.91225e-10	0.000194457	
14	5.2947e-07	13.2861	8.13959e-05	-0.0133231	-8.31739e-10	0.000308291	
15	1.37527e-06	19.0598	0.000207553	-0.0201742	-2.1884e-09	0.000471592	
16	3.31125e-06	26.5365	0.000490371	-0.0295738	-5.35041e-09	0.00069895	
17	7.44868e-06	35.9715	0.0010817	-0.0421134	-1.2243e-08	0.00100714	
18	1.57581e-05	47.6012	0.00224202	-0.0584212	-2.63786e-08	0.00141497	
19	3.15257e-05	61.6304	0.00438977	-0.0791408	-5.37923e-08	0.00194299	
20	5.99258e-05	78.2196	0.00815626	-0.104905	-1.04284e-07	0.00261313	
21	0.00010867	97.4742	0.0144372	-0.136309	-1.92939e-07	0.00344822	
22	0.000188664	119.435	0.0244279	-0.173879	-3.41814e-07	0.00447147	
23	0.000314549	144.072	0.0396261	-0.218042	-5.81605e-07	0.00570584	
24	0.00050501	171.28	0.0617871	-0.2691	-9.53001e-07	0.00717342	
25	0.000782686	200.88	0.09282	-0.327206	-1.50741e-06	0.00889486	
26	0.00117358	232.617	0.134622	-0.392343	-2.30675e-06	0.0108888	
27	0.0017059	266.171	0.188862	-0.464313	-3.42199e-06	0.0131712	
28	0.00240837	301.165	0.256737	-0.542733	-4.93051e-06	0.0157554	
29	0.00330812	337.171	0.338737	-0.627036	-6.91226e-06	0.0186515	
30	0.00442841	373.728	0.434456	-0.71648	-9.4452e-06	0.0218663	
31	0.00578648	410.351	0.5425	-0.81017	-1.26006e-05	0.0254035	
32	0.00739187	446.547	0.660505	-0.907078	-1.6439e-05	0.0292641	
33	0.00924538	481.826	0.785283	-1.00607	-2.10072e-05	0.0334466	
34	0.0113391	515.713	0.913073	-1.10595	-2.63373e-05	0.0379475	
35	0.0136572	547.756	1.03987	-1.20547	-3.24478e-05	0.042762	
36	0.0161776	577.537	1.16176	-1.30338	-3.93464e-05	0.0478842	
37	0.0188747	604.672	1.27521	-1.39846	-4.70342e-05	0.0533081	
38	0.0217208	628.82	1.37727	-1.48954	-5.55109e-05	0.0590275	
39	0.0246893	649.676	1.46569	-1.57552	-6.47783e-05	0.0650359	
40	0.0277554	666.975	1.53884	-1.65541	-7.48436e-05	0.0713265	
41	0.030897	680.489	1.59562	-1.72831	-8.57198e-05	0.0778914	
42	0.0340943	690.018	1.63526	-1.79343	-9.74232e-05	0.0847205	
43	0.0373281	695.392	1.65721	-1.85012	-0.000109969	0.091801	
44	0.0405782	696.461	1.66101	-1.89781	-0.000123365	0.0991152	
45	0.0438207	693.094	1.64622	-1.93602	-0.000137604	0.10664	
46	0.0470265	685.172	1.6125	-1.9644	-0.000152654	0.114345	
47	0.0501589	672.589	1.55961	-1.98261	-0.000168454	0.122194	
48	0.0531737	655.249	1.48756	-1.9904	-0.00018491	0.13014	
49	0.0560194	633.067	1.39656	-1.98757	-0.000201888	0.138133	
50	0.0586385	605.969	1.28707	-1.9739	-0.000219218	0.146111	
51	0.0609702	573.897	1.15969	-1.94924	-0.000236694	0.154013	
52	0.0629531	536.81	1.01508	-1.91343	-0.000254081	0.161771	
53	0.0645287	494.694	0.853904	-1.8663	-0.000271115	0.169315	
54	0.0656441	447.559	0.676811	-1.80774	-0.000287517	0.176579	
55	0.0662541	395.451	0.484502	-1.73762	-0.000302995	0.183495	
56	0.0663234	338.451	0.27787	-1.65588	-0.000317256	0.189999	
57	0.065826	276.681	0.0581735	-1.56247	-0.000330009	0.196032	
58	0.0647453	210.306	-0.172806	-1.45742	-0.000340978	0.201535	
59	0.0630721	139.536	-0.412697	-1.34082	-0.000349905	0.206451	
60	0.0608028	64.6258	-0.658591	-1.21284	-0.000356558	0.210727	
61	0.0579368	-14.1266	-0.907232	-1.07375	-0.000360731	0.214306	
62	0.0544744	-96.3811	-1.15533	-0.92392	-0.000362251	0.217134	
63	0.0504157	-181.759	-1.39989	-0.763822	-0.000360973	0.219154	
64	0.0457597	-269.849	-1.63853	-0.594045	-0.000356781	0.220309	
65	0.0405056	-360.208	-1.86967	-0.415284	-0.000349588	0.220543	
66	0.0346542	-452.371	-2.09252	-0.228337	-0.00033934	0.219801	
67	0.0282113	-545.854	-2.30691	-0.0340955	-0.000326012	0.218032	
68	0.0211906	-640.162	-2.51295	0.166465	-0.000309618	0.21519	
69	0.0136163	-734.792	-2.71063	0.372305	-0.000290217	0.211235	
70	0.00552538	-829.239	-2.89942	0.582334	-0.000267907	0.206136	
71	-0.00303238	-922.999	-3.07809	0.79543	-0.000242831	0.199869	
72	-0.0119961	-1015.57	-3.24458	1.01045	-0.000215162	0.192419	
73	-0.0212967	-1106.46	-3.39617	1.22627	-0.000185093	0.183777	
74	-0.0308612	-1195.17	-3.52979	1.44174	-0.000152818	0.173944	
75	-0.0406167	-1281.23	-3.64246	1.65577	-0.000118518	0.162925	
76	-0.0504935	-1364.14	-3.73163	1.86725	-8.23544e-05	0.150729	
77	-0.060427	-1443.44	-3.79558	2.07514	-4.44702e-05	0.137373	
78	-0.0703577	-1518.65	-3.8335	2.27838	-5.00244e-06	0.122876	
79	-0.0802291	-1589.28	-3.84553	2.47595	3.58959e-05	0.107264	
80	-0.0899859	-1654.88	-3.83255	2.66685	7.80334e-05	0.0905677	
81	-0.0995717	-1714.97	-3.79585	2.85007	0.000121162	0.0728237	
82	-0.108928	-1769.09	-3.73685	3.02462	0.000164971	0.0540756	
83	-0.117994	-1816.8	-3.65674	3.1895	0.000209093	0.0343737	
84	-0.126708	-1857.67	-3.55627	3.34372	0.000253129	0.0137759	
85	-0.135011	-1891.27	-3.43571	3.48629	0.000296674	-0.00765316	
86	-0.142846	-1917.23	-3.29483	3.61624	0.000339343	-0.0298418	
87	-0.150159	-1935.19	-3.13309	3.73261	0.000380794	-0.0527118	
88	-0.156902	-1944.82	-2.94988	3.83445	0.00042073	-0.0761793	
89	-0.163025	-1945.85	-2.74475	3.92089	0.000458889	-0.100155	
90	-0.168478	-1938.03	-2.51775	3.99107	0.000495025	-0.124543	
91	-0.173208	-1921.18	-2.26951	4.04422	0.000528889	-0.149244	
92	-0.177157	-1895.15	-2.00145	4.07965	0.000560212	-0.174155	
93	-0.180267	-1859.85	-1.71572	4.09674	0.000588708	-0.199165	
94	-0.182478	-1815.23	-1.4151	4.09499	0.000614084	-0.224163	
95	-0.183735	-1761.31	-1.10284	4.07398	0.000636066	-0.249031	
96	-0.183993	-1698.12	-0.782377	4.03343	0.000654426	-0.273651	
97	-0.183218	-1625.79	-0.457071	3.97316	0.000669002	-0.297901	
98	-0.181389	-1544.44	-0.129984	3.89311	0.000679712	-0.321659	
99	-0.1785	-1454.27	0.196297	3.79331	0.000686549	-0.344802	
100	-0.174556	-1355.51	0.519731	3.67392	0.000689566	-0.367208	
101	-0.169574	-1248.42	0.838788	3.53521	0.000688858	-0.388756	
102	-0.163577	-1133.32	1.15234	3.37754	0.000684535	-0.409327	
103	-0.156596	-1010.54	1.45949	3.20133	0.000676709	-0.428803	
104	-0.148663	-880.468	1.75939	3.00713	0.000665484	-0.447071	
105	-0.139815	-743.519	2.05112	2.79554	0.000650958	-0.464018	
106	-0.13009	-600.144	2.33361	2.56723	0.000633228	-0.479537	
107	-0.119526	-450.833	2.60563	2.32294	0.000612398	-0.493521	
108	-0.108162	-296.112	2.86585	2.06349	0.000588588	-0.505869	
109	-0.0960383	-136.544	3.11296	1.78975	0.000561933	-0.516483	
110	-0.0831937	27.2721	3.34573	1.50267	0.00053259	-0.525271	
111	-0.0696689	194.7	3.56305	1.20325	0.000500729	-0.532146	
112	-0.0555062	365.07	3.764	0.892572	0.000466536	-0.537027	
113	-0.0407516	537.682	3.94774	0.571805	0.00043021	-0.539841	
114	-0.0254556	711.805	4.11348	0.242178	0.000391961	-0.54052	
115	-0.00967529	886.685	4.26043	-0.0949985	0.000352013	-0.539008	
116	0.00652537	1061.55	4.3878	-0.438343	0.000310606	-0.535254	
117	0.023075	1235.59	4.49483	-0.786406	0.000267993	-0.529219	
118	0.0398954	1408.03	4.58088	-1.13767	0.000224442	-0.520871	
119	0.0569023	1578.05	4.64563	-1.49058	0.000180225	-0.510189	
120	0.0740071	1744.83	4.68908	-1.84351	0.00013561	-0.497164	
121	0.0911182	1907.58	4.71171	-2.19481	9.0852e-05	-0.481795	
122	0.108143	2065.49	4.7144	-2.54283	4.61821e-05	-0.464093	
123	0.124988	2217.79	4.6983	-2.88588	1.79726e-06	-0.44408	
124	0.141562	2363.7	4.66467	-3.22229	-4.2143e-05	-0.42179	
125	0.157778	2502.49	4.61465	-3.55038	-8.55168e-05	-0.397266	
126	0.173551	2633.43	4.54905	-3.86853	-0.000128235	-0.370564	
127	0.188802	2755.82	4.46825	-4.17513	-0.000170234	-0.341751	
128	0.203454	2868.99	4.37221	-4.46863	-0.00021146	-0.310902	
129	0.217439	2972.31	4.26052	-4.74752	-0.000251866	-0.278107	
130	0.230691	3065.16	4.13264	-5.01036	-0.000291392	-0.243463	
131	0.243149	3146.98	3.98807	-5.25577	-0.00032997	-0.207077	
132	0.254755	3217.23	3.82658	-5.48242	-0.000367508	-0.169069	
133	0.265451	3275.4	3.64834	-5.68906	-0.000403904	-0.129565	
134	0.275183	3321.04	3.45395	-5.87451	-0.000439036	-0.0887035	
135	0.283897	3353.73	3.24436	-6.03767	-0.000472782	-0.0466297	
136	0.291543	3373.11	3.02077	-6.17749	-0.000505018	-0.00349799	
137	0.298069	3378.85	2.78447	-6.29301	-0.00053563	0.0405296	
138	0.303431	3370.68	2.53667	-6.38336	-0.000564526	0.0852837	
139	0.307585	3348.41	2.27841	-6.44774	-0.000591633	0.130589	
140	0.310494	3311.87	2.01055	-6.48546	-0.000616907	0.176263	
141	0.312125	3260.98	1.73381	-6.49591	-0.000640323	0.222119	
142	0.312448	3195.71	1.44887	-6.47861	-0.000661874	0.267968	
143	0.311442	3116.11	1.15647	-6.43318	-0.000681562	0.313613	
144	0.309085	3022.28	0.857495	-6.35936	-0.00069939	0.358858	
145	0.305365	2914.39	0.55304	-6.25701	-0.000715358	0.403505	
146	0.300273	2792.71	0.244375	-6.12614	-0.000729465	0.447354	
147	0.293807	2657.52	-0.0671203	-5.96688	-0.000741706	0.490206	
148	0.285971	2509.2	-0.380063	-5.7795	-0.000752079	0.531863	
149	0.276779	2348.2	-0.693179	-5.56442	-0.000760584	0.572129	
150	0.266254	2175.01	-1.0054	-5.32217	-0.000767222	0.610812	
151	0.254424	1990.19	-1.31589	-5.05347	-0.000771991	0.647721	
152	0.241329	1794.36	-1.62406	-4.75911	-0.000774873	0.682674	
153	0.227015	1588.17	-1.92949	-4.44007	-0.000775829	0.715491	
154	0.211533	1372.34	-2.23183	-4.09742	-0.000774787	0.746	
155	0.194941	1147.65	-2.53067	-3.73235	-0.000771641	0.774034	
156	0.177298	914.892	-2.82544	-3.34617	-0.000766256	0.799435	
157	0.158668	674.929	-3.11538	-2.94027	-0.000758476	0.822055	
158	0.139115	428.65	-3.39952	-2.51616	-0.000748135	0.841752	
159	0.118706	176.986	-3.67672	-2.07542	-0.000735075	0.858397	
160	0.0975082	-79.0972	-3.94577	-1.61971	-0.000719153	0.87187	
161	0.0755924	-338.603	-4.20551	-1.15078	-0.000700253	0.882065	
162	0.0530316	-600.504	-4.45492	-0.670433	-0.000678282	0.888885	
163	0.0299031	-863.748	-4.69316	-0.18054	-0.000653176	0.89225	
164	0.00628808	-1127.26	-4.91955	0.316963	-0.000624892	0.892089	
165	-0.0177272	-1389.95	-5.13351	0.820083	-0.000593404	0.88835	
166	-0.0420518	-1650.7	-5.3344	1.32678	-0.000558697	0.88099	
167	-0.0665906	-1908.41	-5.5214	1.83495	-0.000520769	0.869983	
168	-0.0912443	-2161.94	-5.69335	2.34248	-0.00047963	0.85532	
169	-0.11591	-2410.19	-5.84869	2.8472	-0.000435307	0.837004	
170	-0.140483	-2652.04	-5.98552	3.34692	-0.00038785	0.815056	
171	-0.164854	-2886.4	-6.10165	3.83944	-0.000337344	0.78951	
172	-0.188913	-3112.17	-6.19485	4.32256	-0.000283913	0.760419	
173	-0.212549	-3328.31	-6.26307	4.79408	-0.000227726	0.72785	
174	-0.235647	-3533.8	-6.30467	5.25183	-0.000168998	0.691886	
175	-0.258096	-3727.63	-6.31858	5.69366	-0.000107985	0.652627	
176	-0.279784	-3908.86	-6.30437	6.11747	-4.49711e-05	0.610186	
177	-0.300603	-4076.58	-6.26223	6.52121	1.97442e-05	0.564695	
178	-0.320448	-4229.93	-6.19276	6.9029	8.58582e-05	0.516297	
179	-0.339219	-4368.11	-6.09677	7.26065	0.000153077	0.46515	
180	-0.356823	-4490.36	-5.97503	7.59264	0.000221116	0.411427	
181	-0.373173	-4595.99	-5.8281	7.89716	0.000289704	0.355314	
182	-0.388186	-4684.37	-5.65614	8.17259	0.000358567	0.297008	
183	-0.401788	-4754.93	-5.45897	8.41745	0.000427421	0.236719	
184	-0.413907	-4807.17	-5.2361	8.63037	0.000495963	0.174667	
185	-0.424478	-4840.65	-4.98696	8.81008	0.000563855	0.111082	
186	-0.43344	-4855.02	-4.71105	8.95549	0.00063073	0.0462035	
187	-0.440737	-4849.98	-4.40815	9.06559	0.000696183	-0.01972	
188	-0.446317	-4825.32	-4.07844	9.13955	0.000759787	-0.0864338	
189	-0.450134	-4780.91	-3.7226	9.17664	0.000821098	-0.153676	
190	-0.452145	-4716.68	-3.34181	9.1763	0.000879668	-0.22118	
191	-0.452314	-4632.67	-2.93764	9.13809	0.000935055	-0.288673	
192	-0.450609	-4528.97	-2.51204	9.06173	0.00098684	-0.355881	
193	-0.447007	-4405.77	-2.06717	8.9471	0.00103463	-0.422525	
194	-0.441489	-4263.36	-1.60536	8.7942	0.00107809	-0.488326	
195	-0.434044	-4102.08	-1.12907	8.60323	0.0011169	-0.553004	
196	-0.424673	-3922.39	-0.640786	8.37451	0.00115081	-0.616281	
197	-0.413384	-3724.8	-0.143052	8.10855	0.00117964	-0.677881	
198	-0.400198	-3509.94	0.361572	7.80602	0.00120322	-0.737532	
199	-0.385148	-3278.48	0.870527	7.46776	0.00122144	-0.794967	
200	-0.368278	-3031.2	1.38128	7.09476	0.00123425	-0.849925	
201	-0.349645	-2768.93	1.89137	6.6882	0.00124157	-0.902156	
202	-0.329315	-2492.61	2.3984	6.2494	0.00124338	-0.951415	
203	-0.307363	-2203.2	2.9001	5.77985	0.00123967	-0.997468	
204	-0.283872	-1901.77	3.39427	5.28118	0.00123041	-1.04009	
205	-0.25893	-1589.42	3.87882	4.75519	0.00121562	-1.07908	
206	-0.23263	-1267.35	4.35172	4.20381	0.0011953	-1.11424	
207	-0.205069	-936.807	4.81099	3.62911	0.00116949	-1.14537	
208	-0.176347	-599.114	5.25465	3.03332	0.00113823	-1.17232	
209	-0.146568	-255.661	5.68073	2.4188	0.0011016	-1.19492	
210	-0.115839	92.0926	6.08723	1.78804	0.00105972	-1.21304	
211	-0.0842725	442.626	6.47216	1.14368	0.0010127	-1.22657	
212	-0.0519846	794.358	6.83348	0.48852	0.000960711	-1.2354	
213	-0.0190978	1145.66	7.16913	-0.174533	0.00090396	-1.23945	
214	0.0142603	1494.86	7.47706	-0.842428	0.00084268	-1.23867	
215	0.0479568	1840.25	7.75519	-1.51199	0.000777143	-1.23301	
216	0.0818539	2180.13	8.00143	-2.17996	0.000707655	-1.22245	
217	0.115809	2512.8	8.21371	-2.84297	0.000634556	-1.20702	
218	0.149677	2836.57	8.38996	-3.49761	0.000558211	-1.18673	
219	0.183309	3149.81	8.52815	-4.14043	0.000479007	-1.16163	
220	0.216553	3450.93	8.62625	-4.76802	0.000397349	-1.1318	
221	0.249256	3738.45	8.68229	-5.37698	0.000313654	-1.09733	
222	0.281263	4010.97	8.69427	-5.96403	0.00022835	-1.05834	
223	0.312415	4267.18	8.66025	-6.526	0.000141869	-1.01496	
224	0.342553	4505.93	8.57834	-7.0599	5.46489e-05	-0.967349	
225	0.371518	4726.15	8.44682	-7.56296	-3.28658e-05	-0.915675	
226	0.399147	4926.92	8.26423	-8.03262	-0.000120229	-0.860127	
227	0.425283	5107.46	8.0296	-8.46661	-0.000206989	-0.800912	
228	0.449772	5267.1	7.74266	-8.86292	-0.000292695	-0.738251	
229	0.472467	5405.29	7.40407	-9.21985	-0.000376895	-0.672378	
230	0.493232	5521.59	7.01558	-9.53599	-0.000459145	-0.603541	
231	0.511943	5615.68	6.58015	-9.8102	-0.000539013	-0.532004	
232	0.528492	5687.31	6.10191	-10.0416	-0.000616086	-0.458038	
233	0.542786	5736.33	5.58596	-10.2297	-0.000689982	-0.381928	
234	0.55475	5762.66	5.03809	-10.3741	-0.000760354	-0.30397	
235	0.564323	5766.29	4.46442	-10.4745	-0.000826895	-0.22447	
236	0.571461	5747.27	3.87101	-10.5311	-0.000889338	-0.143742	
237	0.576128	5705.72	3.26348	-10.5441	-0.00094745	-0.0621095	
238	0.578302	5641.8	2.64686	-10.5137	-0.00100103	0.0200962	
239	0.577968	5555.75	2.02545	-10.4403	-0.00104987	0.102538	
240	0.575117	5447.87	1.4029	-10.3246	-0.00109379	0.184873	
241	0.569747	5318.52	0.782384	-10.167	-0.00113259	0.266755	
242	0.561864	5168.13	0.166831	-9.96836	-0.00116607	0.34784	
243	0.551483	4997.21	-0.440904	-9.72938	-0.00119404	0.427782	
244	0.53863	4806.36	-1.03789	-9.45093	-0.0012163	0.506242	
245	0.523345	4596.25	-1.62111	-9.13397	-0.00123269	0.582888	
246	0.505685	4367.65	-2.1875	-8.77958	-0.0012431	0.657396	
247	0.485721	4121.41	-2.73409	-8.38896	-0.00124745	0.729456	
248	0.463546	3858.49	-3.25817	-7.96344	-0.00124574	0.798771	
249	0.439269	3579.89	-3.75729	-7.50454	-0.00123802	0.86506	
250	0.413012	3286.75	-4.2294	-7.01391	-0.0012244	0.928056	
251	0.384914	2980.24	-4.67268	-6.4934	-0.00120507	0.987509	
252	0.355121	2661.61	-5.08552	-5.94502	-0.00118024	1.04318	
253	0.323787	2332.17	-5.46638	-5.37096	-0.00115018	1.09486	
254	0.291069	1993.28	-5.81375	-4.77354	-0.00111519	1.14233	
255	0.257127	1646.33	-6.1262	-4.15526	-0.00107562	1.1854	
256	0.222119	1292.74	-6.40249	-3.51873	-0.00103182	1.2239	
257	0.186201	933.961	-6.64186	-2.86666	-0.000984175	1.25765	
258	0.149529	571.432	-6.84413	-2.20184	-0.000933087	1.28653	
259	0.112257	206.606	-7.00996	-1.52712	-0.000878957	1.31039	
260	0.0745414	-159.074	-7.14079	-0.84538	-0.000822188	1.32913	
261	0.0365385	-524.173	-7.23875	-0.159499	-0.000763173	1.34266	
262	-0.0015913	-887.274	-7.30635	0.527657	-0.000702289	1.35093	
263	-0.0396845	-1246.98	-7.34608	1.21326	-0.000639891	1.35389	
264	-0.0775748	-1601.91	-7.36002	1.89452	-0.000576308	1.35153	
265	-0.115094	-1950.71	-7.34952	2.56873	-0.000511837	1.34386	
266	-0.152076	-2292.06	-7.31504	3.23325	-0.000446744	1.33091	
267	-0.188357	-2624.64	-7.25623	3.88551	-0.000381264	1.31274	
268	-0.22378	-2947.2	-7.17218	4.52302	-0.000315605	1.28941	
269	-0.2582	-3258.47	-7.06178	5.14337	-0.000249949	1.26103	
270	-0.29148	-3557.25	-6.92423	5.74421	-0.000184465	1.22771	
271	-0.323497	-3842.36	-6.75936	6.32328	-0.000119312	1.18956	
272	-0.35414	-4112.65	-6.5679	6.87835	-5.46551e-05	1.14674	
273	-0.383306	-4367.04	-6.35154	7.40729	9.32201e-06	1.09941	
274	-0.410897	-4604.49	-6.11278	7.908	7.24102e-05	1.04774	
275	-0.436822	-4824.01	-5.85464	8.37847	0.000134369	0.991929	
276	-0.460988	-5024.7	-5.58024	8.81676	0.000194929	0.932195	
277	-0.483306	-5205.71	-5.29252	9.22103	0.000253811	0.868767	
278	-0.503688	-5366.3	-4.9939	9.58952	0.000310743	0.801894	
279	-0.522051	-5505.8	-4.68616	9.92063	0.000365493	0.731838	
280	-0.538319	-5623.64	-4.37044	10.2129	0.000417888	0.658878	
281	-0.552427	-5719.35	-4.04741	10.4649	0.00046784	0.583303	
282	-0.564321	-5792.54	-3.71746	10.6756	0.000515339	0.505414	
283	-0.573957	-5842.95	-3.38093	10.8439	0.000560448	0.42552	
284	-0.581304	-5870.4	-3.03835	10.9692	0.000603274	0.343939	
285	-0.586338	-5874.81	-2.69058	11.0509	0.000643935	0.260993	
286	-0.589042	-5856.18	-2.33883	11.0886	0.000682534	0.17701	
287	-0.589408	-5814.63	-1.98461	11.0822	0.000719139	0.0923209	
288	-0.587433	-5750.34	-1.62963	11.0317	0.000753778	0.00726018	
289	-0.583128	-5663.59	-1.27558	10.9374	0.000786455	-0.0778373	
290	-0.576513	-5554.74	-0.923925	10.7998	0.000817165	-0.162636	
291	-0.567625	-5424.21	-0.57573	10.6194	0.000845919	-0.246803	
292	-0.556515	-5272.53	-0.231528	10.3971	0.000872749	-0.330007	
293	-0.543247	-5100.26	0.108743	10.1338	0.000897712	-0.41192	
294	-0.527898	-4908.08	0.4457	9.83048	0.000920868	-0.492222	
295	-0.510552	-4696.71	0.780387	9.48846	0.000942254	-0.570598	
296	-0.491294	-4466.94	1.11407	9.10903	0.000961858	-0.646741	
297	-0.470212	-4219.67	1.44799	8.69364	0.000979593	-0.720352	
298	-0.447392	-3955.81	1.7831	8.24388	0.000995298	-0.791143	
299	-0.422915	-3676.39	2.11986	7.76142	0.00100874	-0.858836	
300	-0.396866	-3382.48	2.45811	7.24806	0.00101965	-0.923163	
301	-0.369329	-3075.22	2.797	6.70571	0.00102774	-0.983869	
302	-0.340391	-2755.82	3.13509	6.13642	0.00103275	-1.04071	
303	-0.310146	-2425.53	3.47049	5.54231	0.00103443	-1.09347	
304	-0.278693	-2085.66	3.80109	4.92565	0.00103264	-1.14192	
305	-0.246139	-1737.56	4.1247	4.2888	0.00102723	-1.18588	
306	-0.212599	-1382.63	4.43933	3.63424	0.00101812	-1.22517	
307	-0.178197	-1022.28	4.7432	2.96453	0.00100527	-1.25963	
308	-0.143064	-657.963	5.03484	2.28233	0.000988641	-1.28913	
309	-0.107338	-291.126	5.31304	1.59037	0.000968198	-1.31355	
310	-0.0711648	76.7662	5.57678	0.891429	0.000943917	-1.3328	
311	-0.034693	444.254	5.8251	0.188347	0.000915776	-1.3468	
312	0.00192486	809.884	6.05707	-0.51603	0.000883757	-1.3555	
313	0.0385363	1172.22	6.27171	-1.21885	0.000847847	-1.35887	
314	0.074991	1529.84	6.468	-1.91727	0.000808043	-1.35691	
315	0.111143	1881.36	6.64484	-2.60849	0.000764351	-1.34963	
316	0.14685	2225.4	6.8011	-3.28975	0.00071679	-1.33705	
317	0.181979	2560.64	6.93561	-3.95836	0.000665392	-1.31924	
318	0.2164	2885.79	7.0471	-4.61167	0.000610212	-1.29626	
319	0.249989	3199.57	7.13426	-5.24716	0.000551331	-1.26822	
320	0.282627	3500.78	7.19561	-5.86235	0.000488867	-1.23522	
321	0.314198	3788.25	7.2296	-6.45488	0.000422983	-1.1974	
322	0.344591	4060.86	7.23455	-7.02248	0.000353892	-1.15491	
323	0.373695	4317.53	7.20882	-7.56297	0.000281859	-1.10791	
324	0.401403	4557.25	7.15089	-8.07428	0.0002072	-1.05661	
325	0.42761	4779.08	7.05951	-8.55443	0.000130276	-1.00119	
326	0.452215	4982.12	6.93387	-9.00157	5.14891e-05	-0.941886	
327	0.475119	5165.56	6.77364	-9.41395	-2.87337e-05	-0.878926	
328	0.496226	5328.66	6.57905	-9.78993	-0.000109946	-0.812561	
329	0.515448	5470.76	6.35087	-10.128	-0.000191694	-0.743055	
330	0.532697	5591.29	6.09027	-10.4268	-0.000273527	-0.670685	
331	0.547898	5689.76	5.79876	-10.685	-0.000355004	-0.595738	
332	0.560978	5765.76	5.47804	-10.9016	-0.000435702	-0.51851	
333	0.571877	5819	5.12989	-11.0757	-0.000515221	-0.439306	
334	0.580544	5849.28	4.75609	-11.2065	-0.000593181	-0.35844	
335	0.586938	5856.48	4.35842	-11.2934	-0.000669225	-0.27623	
336	0.591029	5840.59	3.93868	-11.3361	-0.000743004	-0.192999	
337	0.592798	5801.68	3.49865	-11.3343	-0.00081417	-0.109075	
338	0.592235	5739.93	3.04018	-11.2879	-0.000882369	-0.0247859	
339	0.589338	5655.61	2.56519	-11.1973	-0.000947228	0.0595371	
340	0.584115	5549.07	2.07565	-11.0628	-0.00100836	0.143564	
341	0.576584	5420.73	1.5736	-10.8849	-0.00106535	0.226967	
342	0.566769	5271.14	1.06106	-10.6643	-0.00111781	0.309419	
343	0.554707	5100.87	0.540046	-10.402	-0.00116533	0.3906	
344	0.540444	4910.62	0.0125438	-10.099	-0.00120755	0.470192	
345	0.524034	4701.12	-0.519506	-9.75664	-0.00124412	0.547885	
346	0.505544	4473.21	-1.05417	-9.37618	-0.00127474	0.623378	
347	0.485046	4227.76	-1.58945	-8.95919	-0.00129914	0.696374	
348	0.462623	3965.74	-2.12326	-8.50729	-0.00131707	0.766591	
349	0.438362	3688.16	-2.65329	-8.02226	-0.00132831	0.833753	
350	0.412356	3396.1	-3.17698	-7.50597	-0.00133268	0.897599	
351	0.384704	3090.71	-3.69149	-6.96043	-0.00133002	0.957879	
352	0.355508	2773.16	-4.19363	-6.38772	-0.00132022	1.01436	
353	0.324875	2444.72	-4.67998	-5.79003	-0.00130325	1.06681	
354	0.292919	2106.67	-5.14696	-5.16966	-0.00127916	1.11504	
355	0.259757	1760.34	-5.59092	-4.52898	-0.0012481	1.15885	
356	0.225514	1407.12	-6.00837	-3.87046	-0.00121033	1.19807	
357	0.190323	1048.39	-6.39606	-3.19664	-0.00116616	1.23255	
358	0.154321	685.582	-6.75117	-2.51014	-0.00111602	1.26216	
359	0.117655	320.15	-7.07137	-1.81363	-0.00106037	1.28679	
360	0.0804769	-46.4564	-7.35483	-1.10985	-0.000999697	1.30633	
361	0.0429418	-412.776	-7.60023	-0.401587	-0.000934513	1.32072	
362	0.00520978	-777.351	-7.80661	0.308355	-0.000865329	1.3299	
363	-0.0325584	-1138.74	-7.97333	1.01715	-0.000792648	1.33384	
364	-0.0702024	-1495.5	-8.09996	1.72196	-0.000716959	1.33254	
365	-0.107563	-1846.23	-8.18622	2.41999	-0.000638742	1.32598	
366	-0.144485	-2189.56	-8.23198	3.10844	-0.000558468	1.31422	
367	-0.180814	-2524.12	-8.23731	3.78458	-0.000476603	1.29729	
368	-0.216402	-2848.62	-8.20261	4.44573	-0.00039361	1.27527	
369	-0.251105	-3161.78	-8.12862	5.08929	-0.000309952	1.24824	
370	-0.284783	-3462.39	-8.01651	5.71272	-0.000226088	1.21632	
371	-0.317302	-3749.28	-7.86787	6.31359	-0.000142469	1.17964	
372	-0.348534	-4021.32	-7.68459	6.88958	-5.95249e-05	1.13833	
373	-0.378359	-4277.46	-7.46875	7.43845	2.23368e-05	1.09258	
374	-0.406663	-4516.69	-7.2224	7.95809	0.000102742	1.04255	
375	-0.43334	-4738.09	-6.94744	8.4465	0.000181352	0.988443	
376	-0.458291	-4940.76	-6.64549	8.90182	0.000257858	0.93048	
377	-0.481424	-5123.93	-6.31789	9.32229	0.000331978	0.868886	
378	-0.502652	-5286.85	-5.9658	9.70629	0.000403446	0.803904	
379	-0.521894	-5428.88	-5.59034	10.0523	0.000472007	0.73579	
380	-0.539075	-5549.45	-5.19278	10.3591	0.000537413	0.664813	
381	-0.554124	-5648.07	-4.77475	10.6253	0.000599422	0.591251	
382	-0.566979	-5724.35	-4.33831	10.8501	0.000657806	0.515393	
383	-0.577584	-5777.98	-3.88602	11.0323	0.000712355	0.43754	
384	-0.585892	-5808.74	-3.42084	11.1714	0.000762897	0.357996	
385	-0.591865	-5816.5	-2.94596	11.2667	0.000809296	0.277076	
386	-0.595477	-5801.23	-2.46466	11.3178	0.000851466	0.195098	
387	-0.59671	-5763.01	-1.9801	11.3244	0.000889371	0.112386	
388	-0.595559	-5701.98	-1.49518	11.2866	0.000923022	0.0292652	
389	-0.592031	-5618.4	-1.01247	11.2045	0.000952481	-0.053936	
390	-0.586143	-5512.62	-0.534173	11.0783	0.000977844	-0.13689	
391	-0.577923	-5385.05	-0.0622046	10.9086	0.000999241	-0.219271	
392	-0.567412	-5236.23	0.401796	10.6961	0.00101682	-0.300754	
393	-0.55466	-5066.75	0.856395	10.4415	0.00103075	-0.381021	
394	-0.539727	-4877.3	1.30034	10.146	0.00104118	-0.459756	
395	-0.522682	-4668.62	1.73255	9.81072	0.00104827	-0.536653	
396	-0.503603	-4441.56	2.15211	9.43706	0.00105214	-0.61141	
397	-0.482573	-4197	2.5583	9.02651	0.0010529	-0.683737	
398	-0.459681	-3935.91	2.95053	8.58073	0.00105064	-0.753349	
399	-0.43502	-3659.33	3.32831	8.1015	0.00104539	-0.819974	
400	-0.408687	-3368.33	3.69117	7.59073	0.00103721	-0.883352	
401	-0.380784	-3064.05	4.03855	7.05043	0.0010261	-0.943233	
402	-0.351414	-2747.69	4.36973	6.48274	0.00101209	-0.99938	
403	-0.320686	-2420.49	4.6838	5.88988	0.000995182	-1.05157	
404	-0.288714	-2083.74	4.97962	5.27415	0.000975416	-1.0996	
405	-0.255617	-1738.74	5.25595	4.63796	0.000952834	-1.14328	
406	-0.221521	-1386.88	5.51146	3.98377	0.000927501	-1.18243	
407	-0.186557	-1029.53	5.74493	3.31413	0.00089951	-1.2169	
408	-0.150862	-668.115	5.9553	2.63164	0.000868976	-1.24655	
409	-0.114578	-304.063	6.14179	1.93896	0.000836033	-1.27127	
410	-0.0778511	61.1761	6.30389	1.2388	0.000800826	-1.29095	
411	-0.0408292	426.149	6.44139	0.533914	0.000763505	-1.30552	
412	-0.00366232	789.404	6.55432	-0.17293	0.000724209	-1.31492	
413	0.0334994	1149.49	6.64286	-0.878933	0.000683061	-1.31911	
414	0.0705071	1504.99	6.70735	-1.58129	0.000640164	-1.31809	
415	0.107214	1854.47	6.74818	-2.27722	0.000595591	-1.31185	
416	0.143475	2196.55	6.76586	-2.96394	0.000549392	-1.30042	
417	0.179149	2529.89	6.76098	-3.63872	0.000501593	-1.28385	
418	0.214097	2853.16	6.73426	-4.29888	0.000452207	-1.2622	
419	0.248186	3165.1	6.68656	-4.94178	0.000401236	-1.23555	
420	0.281284	3464.47	6.61889	-5.56489	0.000348679	-1.20403	
421	0.313265	3750.09	6.53239	-6.16575	0.000294539	-1.16774	
422	0.344006	4020.87	6.42819	-6.74198	0.00023883	-1.12683	
423	0.37339	4275.72	6.30737	-7.29133	0.000181579	-1.08147	
424	0.401306	4513.66	6.17085	-7.81166	0.000122836	-1.03182	
425	0.427647	4733.75	6.01926	-8.30095	6.26716e-05	-0.978099	
426	0.452314	4935.12	5.85289	-8.7573	1.18624e-06	-0.920505	
427	0.475214	5117	5.67167	-9.17895	-6.14923e-05	-0.859268	
428	0.496259	5278.65	5.47519	-9.56427	-0.000125207	-0.79463	
429	0.51537	5419.44	5.26279	-9.91179	-0.000189774	-0.726844	
430	0.532472	5538.81	5.03367	-10.2202	-0.000254977	-0.65618	
431	0.547501	5636.28	4.78704	-10.4882	-0.000320576	-0.582914	
432	0.560397	5711.46	4.52224	-10.7149	-0.000386294	-0.507336	
433	0.571107	5764.04	4.23886	-10.8994	-0.000451824	-0.429743	
434	0.579589	5793.81	3.93686	-11.0408	-0.000516825	-0.350443	
435	0.585805	5800.64	3.61658	-11.1388	-0.000580924	-0.269749	
436	0.589728	5784.5	3.27875	-11.1928	-0.000643727	-0.187979	
437	0.591337	5745.44	2.92445	-11.2027	-0.00070483	-0.105459	
438	0.590624	5683.63	2.55503	-11.1683	-0.000763837	-0.022516	
439	0.587587	5599.3	2.17203	-11.0899	-0.000820375	0.0605218	
440	0.582236	5492.79	1.77705	-10.9677	-0.000874105	0.143325	
441	0.57459	5364.54	1.3717	-10.8021	-0.00092473	0.225564	
442	0.564678	5215.05	0.957512	-10.5939	-0.000971989	0.306914	
443	0.552541	5044.92	0.535914	-10.3438	-0.00101565	0.387053	
444	0.538224	4854.83	0.10823	-10.0528	-0.00105549	0.465664	
445	0.521786	4645.55	-0.324294	-9.72222	-0.0010913	0.542435	
446	0.50329	4417.91	-0.760447	-9.35326	-0.00112287	0.617065	
447	0.48281	4172.81	-1.199	-8.94744	-0.00114996	0.689258	
448	0.460425	3911.22	-1.63867	-8.50641	-0.00117235	0.75873	
449	0.436225	3634.18	-2.07804	-8.03193	-0.00118984	0.825205	
450	0.410306	3342.78	-2.51558	-7.52591	-0.00120223	0.888422	
451	0.382768	3038.17	-2.94962	-6.99038	-0.00120937	0.94813	
452	0.353723	2721.55	-3.37833	-6.42748	-0.00121115	1.00409	
453	0.323284	2394.16	-3.79979	-5.83943	-0.00120749	1.05609	
454	0.291573	2057.29	-4.21199	-5.22858	-0.00119835	1.10391	
455	0.258711	1712.26	-4.61286	-4.59732	-0.00118374	1.14738	
456	0.224829	1360.42	-5.0003	-3.94816	-0.00116367	1.1863	
457	0.190056	1003.17	-5.37219	-3.28362	-0.00113819	1.22054	
458	0.154525	641.918	-5.72644	-2.60634	-0.00110737	1.24995	
459	0.118374	278.08	-6.06095	-1.91895	-0.00107132	1.27442	
460	0.0817385	-86.9021	-6.3736	-1.22415	-0.00103014	1.29385	
461	0.0447605	-451.582	-6.66229	-0.524686	-0.000984	1.30815	
462	0.00758247	-814.515	-6.92494	0.176708	-0.000933087	1.31728	
463	-0.0296505	-1174.26	-7.15947	0.877266	-0.000877634	1.32119	
464	-0.0667909	-1529.39	-7.3639	1.57422	-0.000817918	1.31986	
465	-0.103689	-1878.49	-7.53642	2.26482	-0.000754258	1.3133	
466	-0.140195	-2220.18	-7.67548	2.94632	-0.00068701	1.30154	
467	-0.176159	-2553.11	-7.77984	3.61603	-0.000616558	1.28462	
468	-0.211431	-2875.94	-7.84871	4.27126	-0.000543302	1.2626	
469	-0.245865	-3187.4	-7.88177	4.90943	-0.000467643	1.23557	
470	-0.279322	-3486.27	-7.87914	5.52798	-0.000389974	1.20364	
471	-0.311666	-3771.36	-7.84135	6.12447	-0.000310673	1.16693	
472	-0.342767	-4041.54	-7.76922	6.69651	-0.000230092	1.1256	
473	-0.372505	-4295.76	-7.66373	7.24184	-0.000148566	1.07979	
474	-0.400766	-4533.02	-7.52588	7.7583	-6.64129e-05	1.02969	
475	-0.42744	-4752.37	-7.35653	8.24385	1.60574e-05	0.975498	
476	-0.452428	-4952.98	-7.15639	8.6966	9.85352e-05	0.917428	
477	-0.475633	-5134.04	-6.92593	9.11475	0.000180705	0.855708	
478	-0.496967	-5294.84	-6.66545	9.49668	0.000262239	0.79058	
479	-0.516346	-5434.75	-6.37514	9.84091	0.000342799	0.722301	
480	-0.533696	-5553.23	-6.05521	10.1461	0.000422029	0.651139	
481	-0.548947	-5649.79	-5.70601	10.4111	0.000499562	0.577377	
482	-0.562038	-5724.06	-5.32816	10.6348	0.000575018	0.501304	
483	-0.572915	-5775.74	-4.92261	10.8164	0.000648008	0.423223	
484	-0.581534	-5804.62	-4.49072	10.9553	0.000718139	0.34344	
485	-0.587857	-5810.57	-4.03429	11.0507	0.000785017	0.262272	
486	-0.591857	-5793.56	-3.55548	11.1025	0.000848257	0.180041	
487	-0.593515	-5753.65	-3.05684	11.1104	0.000907488	0.0970733	
488	-0.592819	-5690.99	-2.54118	11.0742	0.000962366	0.0136971	
489	-0.589769	-5605.83	-2.01154	10.9943	0.00101257	-0.0697562	
490	-0.584373	-5498.5	-1.47107	10.8707	0.00105784	-0.152955	
491	-0.576649	-5369.41	-0.923049	10.7042	0.00109792	-0.23557	
492	-0.566624	-5219.08	-0.370749	10.4951	0.00113263	-0.317271	
493	-0.554337	-5048.1	0.182548	10.2445	0.00116183	-0.397735	
494	-0.539838	-4857.15	0.7336	9.95324	0.00118543	-0.476643	
495	-0.523183	-4646.99	1.27921	9.62248	0.00120339	-0.553682	
496	-0.504442	-4418.45	1.81627	9.25355	0.00121571	-0.628545	
497	-0.483692	-4172.44	2.34173	8.84792	0.00122246	-0.700937	
498	-0.46102	-3909.94	2.85268	8.4072	0.00122373	-0.77057	
499	-0.436519	-3631.99	3.34636	7.93316	0.00121964	-0.83717	
500	-0.410291	-3339.69	3.82023	7.4277	0.00121036	-0.900471	
501	-0.382441	-3034.19	4.27198	6.89284	0.00119606	-0.960224	
502	-0.353083	-2716.7	4.69962	6.33072	0.00117691	-1.01619	
503	-0.322335	-2388.46	5.10152	5.74359	0.0011531	-1.06815	
504	-0.290318	-2050.77	5.47635	5.13378	0.00112481	-1.1159	
505	-0.25716	-1704.96	5.82315	4.50372	0.00109222	-1.15925	
506	-0.22299	-1352.39	6.14122	3.8559	0.00105552	-1.19803	
507	-0.187943	-994.43	6.43004	3.19289	0.0010149	-1.23207	
508	-0.152154	-632.5	6.68921	2.51731	0.000970539	-1.26126	
509	-0.115763	-268.02	6.91835	1.83181	0.000922658	-1.28546	
510	-0.0789111	97.5758	7.11704	1.1391	0.000871478	-1.30459	
511	-0.0417431	462.846	7.28479	0.441894	0.000817242	-1.31857	
512	-0.00440497	826.35	7.42104	-0.257061	0.000760217	-1.32733	
513	0.0329553	1186.65	7.52523	-0.955022	0.000700687	-1.33085	
514	0.0701883	1542.32	7.59687	-1.64924	0.000638956	-1.3291	
515	0.107143	1891.96	7.63559	-2.33698	0.000575344	-1.3221	
516	0.143671	2234.17	7.64128	-3.01554	0.000510177	-1.30986	
517	0.179621	2567.61	7.61412	-3.68222	0.000443778	-1.29244	
518	0.214848	2890.94	7.55461	-4.33438	0.000376458	-1.26991	
519	0.249208	3202.89	7.46356	-4.96944	0.000308507	-1.24234	
520	0.282563	3502.21	7.34211	-5.58486	0.000240186	-1.20986	
521	0.31478	3787.73	7.19161	-6.1782	0.000171723	-1.17259	
522	0.345734	4058.32	7.01359	-6.74709	0.000103318	-1.13067	
523	0.375303	4312.9	6.80973	-7.28926	3.51485e-05	-1.08428	
524	0.403375	4550.47	6.58177	-7.80254	-3.26199e-05	-1.03359	
525	0.429844	4770.11	6.33149	-8.2849	-9.98237e-05	-0.978805	
526	0.454608	4970.94	6.06067	-8.73442	-0.000166291	-0.920144	
527	0.477573	5152.17	5.77107	-9.1493	-0.000231837	-0.857837	
528	0.498652	5313.1	5.46435	-9.52792	-0.000296259	-0.792129	
529	0.517763	5453.1	5.14211	-9.86878	-0.000359344	-0.723279	
530	0.53483	5571.61	4.80578	-10.1705	-0.00042087	-0.651557	
531	0.549788	5668.17	4.45664	-10.432	-0.000480611	-0.577248	
532	0.562575	5742.4	4.09584	-10.6522	-0.000538347	-0.500645	
533	0.573139	5794	3.72433	-10.8302	-0.000593866	-0.422049	
534	0.581438	5822.78	3.343	-10.9654	-0.000646965	-0.341772	
535	0.587436	5828.6	2.95269	-11.0571	-0.000697453	-0.260131	
536	0.591108	5811.45	2.55427	-11.1052	-0.000745153	-0.177449	
537	0.592438	5771.38	2.14872	-11.1093	-0.000789905	-0.0940535	
538	0.591419	5708.55	1.73718	-11.0695	-0.000831565	-0.0102736	
539	0.588056	5623.2	1.32098	-10.9859	-0.000870011	0.0735589	
540	0.582362	5515.65	0.901623	-10.8588	-0.000905146	0.157112	
541	0.574361	5386.33	0.48074	-10.6888	-0.000936891	0.240056	
542	0.564088	5235.75	0.0600559	-10.4763	-0.00096519	0.322062	
543	0.551586	5064.49	-0.358689	-10.2224	-0.000990002	0.402806	
544	0.536909	4873.23	-0.773784	-9.92795	-0.0010113	0.481969	
545	0.520119	4662.72	-1.18358	-9.59409	-0.00102906	0.559236	
546	0.501286	4433.81	-1.58652	-9.22215	-0.00104328	0.634303	
547	0.480487	4187.38	-1.9811	-8.81359	-0.00105395	0.706872	
548	0.457805	3924.43	-2.36591	-8.37003	-0.0010611	0.776657	
549	0.433331	3645.99	-2.73959	-7.89321	-0.00106474	0.843382	
550	0.407161	3353.16	-3.10091	-7.38504	-0.00106492	0.906783	
551	0.379397	3047.1	-3.44874	-6.84752	-0.0010617	0.966612	
552	0.350148	2729.03	-3.78215	-6.2828	-0.00105514	1.02263	
553	0.319527	2400.2	-4.10048	-5.69313	-0.00104531	1.07462	
554	0.287654	2061.9	-4.40332	-5.08084	-0.00103227	1.12238	
555	0.254652	1715.46	-4.69058	-4.44837	-0.00101608	1.16571	
556	0.220651	1362.26	-4.96239	-3.79824	-0.000996761	1.20446	
557	0.185786	1003.68	-5.21905	-3.13301	-0.000974344	1.23845	
558	0.150195	641.12	-5.46087	-2.45533	-0.000948839	1.26757	
559	0.114018	276.016	-5.68807	-1.76787	-0.000920247	1.2917	
560	0.0774007	-90.2001	-5.90061	-1.07334	-0.000888562	1.31074	
561	0.0404869	-456.09	-6.09813	-0.374489	-0.000853776	1.32461	
562	0.00342269	-820.213	-6.2799	0.325943	-0.000815886	1.33327	
563	-0.0336458	-1181.14	-6.44484	1.0252	-0.000774892	1.33667	
564	-0.0705731	-1537.44	-6.59163	1.72053	-0.000730811	1.33481	
565	-0.107215	-1887.71	-6.71882	2.40921	-0.000683678	1.32769	
566	-0.143429	-2230.58	-6.82497	3.08852	-0.000633556	1.31533	
567	-0.179075	-2564.67	-6.90874	3.75579	-0.000580539	1.29779	
568	-0.214013	-2888.68	-6.96899	4.4084	-0.000524753	1.27514	
569	-0.248111	-3201.32	-7.00482	5.04376	-0.000466358	1.24746	
570	-0.281235	-3501.35	-7.01553	5.65937	-0.000405537	1.21487	
571	-0.313257	-3787.59	-7.00058	6.25277	-0.000342493	1.17749	
572	-0.344054	-4058.89	-6.95957	6.82161	-0.000277441	1.13548	
573	-0.373504	-4314.19	-6.89213	7.36363	-0.000210605	1.08898	
574	-0.401494	-4552.47	-6.79799	7.87667	-0.000142213	1.0382	
575	-0.427911	-4772.81	-6.67691	8.35867	-7.25003e-05	0.983334	
576	-0.452652	-4974.32	-6.52879	8.80771	-1.71191e-06	0.924592	
577	-0.475618	-5156.22	-6.35367	9.22201	6.98943e-05	0.862209	
578	-0.496717	-5317.79	-6.15181	9.59991	0.000142044	0.796432	
579	-0.515866	-5458.4	-5.92369	9.93991	0.000214449	0.72752	
580	-0.532987	-5577.5	-5.67003	10.2407	0.000286804	0.655746	
581	-0.548013	-5674.63	-5.39171	10.501	0.000358795	0.581391	
582	-0.560886	-5749.4	-5.08972	10.7198	0.000430106	0.504749	
583	-0.571553	-5801.52	-4.76514	10.8964	0.000500419	0.426123	
584	-0.579974	-5830.79	-4.41904	11.0299	0.00056942	0.345821	
585	-0.586115	-5837.1	-4.05246	11.1199	0.000636801	0.26416	
586	-0.589951	-5820.42	-3.66644	11.166	0.00070226	0.181461	
587	-0.591467	-5780.81	-3.26205	11.168	0.000765496	0.0980501	
588	-0.590657	-5718.43	-2.84039	11.126	0.00082621	0.0142547	
589	-0.587522	-5633.52	-2.40267	11.0401	0.000884099	-0.0695952	
590	-0.582075	-5526.4	-1.95026	10.9107	0.000938858	-0.153169	
591	-0.574337	-5397.5	-1.48467	10.7382	0.000990177	-0.236139	
592	-0.564337	-5247.33	-1.00761	10.5233	0.00103774	-0.318177	
593	-0.552116	-5076.45	-0.520962	10.2669	0.00108124	-0.398959	
594	-0.537721	-4885.56	-0.0267934	9.96989	0.00112038	-0.478168	
595	-0.521207	-4675.4	0.472665	9.63351	0.00115485	-0.555491	
596	-0.50264	-4446.79	0.975008	9.25904	0.00118439	-0.630623	
597	-0.482091	-4200.65	1.47767	8.84794	0.00120877	-0.703267	
598	-0.459638	-3937.94	1.97795	8.40183	0.00122778	-0.773137	
599	-0.43537	-3659.7	2.47303	7.92245	0.00124126	-0.839959	
600	-0.409378	-3367.04	2.96004	7.41168	0.00124911	-0.903468	
601	-0.381764	-3061.11	3.43615	6.87154	0.00125127	-0.963416	
602	-0.352633	-2743.12	3.89863	6.30416	0.00124772	-1.01957	
603	-0.322098	-2414.34	4.34493	5.71179	0.00123848	-1.0717	
604	-0.290278	-2076.06	4.77279	5.09677	0.0012236	-1.11961	
605	-0.257299	-1729.62	5.18022	4.46153	0.00120315	-1.16311	
606	-0.223289	-1376.38	5.56555	3.8086	0.00117721	-1.20202	
607	-0.188383	-1017.74	5.92737	3.14055	0.00114589	-1.23621	
608	-0.152721	-655.112	6.26444	2.46004	0.00110928	-1.26552	
609	-0.116444	-289.917	6.57568	1.76975	0.0010675	-1.28985	
610	-0.079698	76.4048	6.86001	1.07241	0.00102069	-1.30911	
611	-0.0426282	442.414	7.11637	0.370776	0.000968986	-1.32321	
612	-0.00538271	806.671	7.34362	-0.332393	0.000912584	-1.3321	
613	0.0318909	1167.74	7.54057	-1.03433	0.000851698	-1.33575	
614	0.0690455	1524.21	7.70602	-1.73228	0.000786583	-1.33414	
615	0.105935	1874.67	7.83875	-2.4235	0.00071754	-1.32728	
616	0.142414	2217.75	7.93764	-3.10527	0.000644906	-1.3152	
617	0.178341	2552.08	8.00169	-3.77494	0.000569062	-1.29794	
618	0.213573	2876.35	8.03007	-4.42986	0.000490424	-1.27558	
619	0.247973	3189.28	8.02212	-5.06746	0.000409438	-1.2482	
620	0.281404	3489.63	7.97741	-5.68524	0.00032658	-1.2159	
621	0.313733	3776.21	7.89573	-6.28075	0.000242341	-1.17883	
622	0.34483	4047.89	7.77709	-6.85165	0.000157228	-1.13712	
623	0.374572	4303.59	7.62173	-7.39567	7.17463e-05	-1.09094	
624	0.402839	4542.31	7.43014	-7.91066	-1.36014e-05	-1.04048	
625	0.429517	4763.09	7.20307	-8.39457	-9.83262e-05	-0.985924	
626	0.454498	4965.07	6.94158	-8.84547	-0.000181956	-0.927498	
627	0.477684	5147.45	6.64706	-9.26158	-0.000264038	-0.865431	
628	0.49898	5309.51	6.32121	-9.64122	-0.00034414	-0.799966	
629	0.518302	5450.61	5.96609	-9.9829	-0.000421853	-0.731363	
630	0.535571	5570.21	5.58408	-10.2853	-0.000496786	-0.659892	
631	0.550718	5667.83	5.17784	-10.5471	-0.00056858	-0.585834	
632	0.56368	5743.1	4.7502	-10.7673	-0.000636906	-0.50948	
633	0.574404	5795.72	4.30417	-10.9452	-0.000701476	-0.431131	
634	0.582848	5825.49	3.84274	-11.0799	-0.000762049	-0.351095	
635	0.588975	5832.3	3.36888	-11.1709	-0.000818436	-0.269686	
636	0.592764	5816.12	2.88537	-11.218	-0.000870493	-0.187225	
637	0.5942	5777.02	2.39481	-11.2209	-0.000918117	-0.104036	
638	0.593279	5715.15	1.89958	-11.1795	-0.000961234	-0.0204459	
639	0.590008	5630.76	1.40177	-11.0942	-0.000999784	0.0632171	
640	0.5844	5524.18	0.903326	-10.9652	-0.00103371	0.146624	
641	0.57648	5395.83	0.405986	-10.7931	-0.00106296	0.229446	
642	0.56628	5246.2	-0.0885902	-10.5784	-0.00108749	0.311357	
643	0.553841	5075.89	-0.578785	-10.3222	-0.00110724	0.392036	
644	0.539212	4885.57	-1.06296	-10.0253	-0.00112221	0.471164	
645	0.522451	4675.98	-1.53944	-9.68892	-0.00113241	0.548429	
646	0.503624	4447.95	-2.00645	-9.31441	-0.0011379	0.623526	
647	0.482807	4202.37	-2.46217	-8.9032	-0.00113879	0.696161	
648	0.460083	3940.22	-2.90469	-8.45692	-0.00113524	0.766047	
649	0.435543	3662.53	-3.33211	-7.97731	-0.00112742	0.832908	
650	0.409285	3370.39	-3.74255	-7.46626	-0.00111552	0.896481	
651	0.381415	3064.96	-4.1342	-6.92575	-0.00109975	0.956516	
652	0.352042	2747.46	-4.5054	-6.35794	-0.00108031	1.01278	
653	0.321285	2419.12	-4.85464	-5.76505	-0.00105737	1.06504	
654	0.289263	2081.26	-5.18067	-5.14942	-0.00103112	1.11311	
655	0.256104	1735.21	-5.48247	-4.5135	-0.00100172	1.15678	
656	0.221937	1382.34	-5.75927	-3.85979	-0.000969336	1.19589	
657	0.186898	1024.03	-6.01056	-3.19088	-0.000934141	1.23028	
658	0.151126	661.705	-6.23599	-2.50943	-0.000896299	1.25983	
659	0.11476	296.789	-6.43539	-1.81814	-0.000855976	1.2844	
660	0.0779472	-69.2809	-6.6087	-1.11973	-0.000813332	1.30391	
661	0.0408322	-435.064	-6.75591	-0.416985	-0.000768519	1.31828	
662	0.00356322	-799.122	-6.87703	0.287328	-0.000721673	1.32745	
663	-0.0337114	-1160.02	-6.97211	0.990426	-0.000672916	1.33138	
664	-0.0708437	-1516.35	-7.04125	1.68954	-0.000622358	1.33007	
665	-0.107687	-1866.7	-7.08459	2.38191	-0.000570103	1.32351	
666	-0.144095	-2209.7	-7.10234	3.06481	-0.000516255	1.31173	
667	-0.179927	-2543.99	-7.09484	3.73557	-0.000460926	1.29478	
668	-0.215042	-2868.27	-7.06253	4.39155	-0.000404244	1.27272	
669	-0.249305	-3181.25	-7.00592	5.03017	-0.000346354	1.24565	
670	-0.282581	-3481.69	-6.92559	5.64893	-0.000287417	1.21366	
671	-0.314744	-3768.42	-6.82211	6.2454	-0.000227605	1.17688	
672	-0.345669	-4040.29	-6.69603	6.81724	-0.000167089	1.13546	
673	-0.375236	-4296.23	-6.54782	7.36219	-0.000106038	1.08956	
674	-0.40333	-4535.23	-6.37787	7.87813	-4.46062e-05	1.03936	
675	-0.429842	-4756.33	-6.18651	8.36301	1.70596e-05	0.985054	
676	-0.454667	-4958.66	-5.97406	8.81493	7.88202e-05	0.926863	
677	-0.477708	-5141.42	-5.7409	9.23212	0.000140533	0.865013	
678	-0.498872	-5303.87	-5.48754	9.61292	0.000202045	0.799748	
679	-0.518076	-5445.38	-5.21471	9.95587	0.000263181	0.731326	
680	-0.535241	-5565.38	-4.92337	10.2596	0.000323748	0.660017	
681	-0.550299	-5663.38	-4.61479	10.5229	0.000383535	0.586103	
682	-0.563188	-5739.01	-4.2905	10.7449	0.000442322	0.509874	
683	-0.573856	-5791.95	-3.95222	10.9245	0.000499897	0.431633	
684	-0.58226	-5821.99	-3.60182	11.0612	0.000556066	0.351687	
685	-0.588365	-5829.01	-3.24116	11.1545	0.000610655	0.270353	
686	-0.592148	-5812.96	-2.87204	11.2039	0.000663518	0.187951	
687	-0.593595	-5773.92	-2.49603	11.2095	0.000714529	0.104808	
688	-0.592699	-5712.02	-2.11448	11.1711	0.000763568	0.0212518	
689	-0.589465	-5627.49	-1.72844	11.0889	0.000810514	-0.0623868	
690	-0.583906	-5520.66	-1.33867	10.9634	0.000855228	-0.145776	
691	-0.576046	-5391.93	-0.945711	10.7951	0.000897551	-0.228586	
692	-0.565915	-5241.8	-0.549952	10.5847	0.0009373	-0.310487	
693	-0.553553	-5070.85	-0.151714	10.333	0.000974271	-0.391153	
694	-0.539007	-4879.73	0.248652	10.0411	0.00100824	-0.470263	
695	-0.522332	-4669.19	0.650686	9.71009	0.001039	-0.547501	
696	-0.503591	-4440.04	1.05376	9.34137	0.00106631	-0.622559	
697	-0.482854	-4193.17	1.45706	8.93639	0.00108998	-0.695137	
698	-0.460199	-3929.55	1.85959	8.49673	0.00110979	-0.764944	
699	-0.43571	-3650.21	2.26017	8.02413	0.00112557	-0.8317	
700	-0.40948	-3356.26	2.65749	7.52043	0.00113715	-0.895139	
701	-0.381609	-3048.84	3.05015	6.98761	0.00114437	-0.955005	
702	-0.352202	-2729.18	3.43665	6.42774	0.00114711	-1.01106	
703	-0.321374	-2398.54	3.81545	5.84299	0.00114525	-1.06307	
704	-0.289244	-2058.24	4.18491	5.23563	0.00113869	-1.11084	
705	-0.255937	-1709.63	4.54334	4.60802	0.00112738	-1.15417	
706	-0.221585	-1354.12	4.88897	3.96257	0.00111125	-1.19288	
707	-0.186322	-993.124	5.21995	3.30179	0.0010903	-1.22683	
708	-0.150289	-628.097	5.5344	2.62821	0.00106453	-1.25586	
709	-0.113628	-260.509	5.83044	1.94443	0.00103397	-1.27988	
710	-0.0764873	108.155	6.10625	1.25307	0.000998696	-1.29878	
711	-0.0390148	476.405	6.36016	0.556764	0.000958784	-1.31248	
712	-0.00136187	842.747	6.59066	-0.141823	0.000914344	-1.32094	
713	0.0363193	1205.69	6.79647	-0.840036	0.000865508	-1.32411	
714	0.0738763	1563.76	6.97658	-1.53523	0.000812427	-1.32199	
715	0.111157	1915.49	7.13016	-2.22477	0.000755277	-1.3146	
716	0.14801	2259.44	7.25663	-2.90606	0.000694259	-1.30195	
717	0.184287	2594.21	7.35552	-3.57653	0.000629603	-1.28411	
718	0.219839	2918.4	7.42647	-4.23365	0.00056157	-1.26116	
719	0.254522	3230.69	7.46914	-4.87497	0.000490457	-1.23318	
720	0.288192	3529.78	7.48325	-5.49806	0.000416594	-1.2003	
721	0.320709	3814.43	7.46847	-6.10058	0.000340346	-1.16266	
722	0.351938	4083.46	7.4245	-6.68026	0.000262108	-1.12042	
723	0.381746	4335.75	7.35101	-7.2349	0.000182294	-1.07376	
724	0.410006	4570.25	7.24771	-7.76238	0.000101332	-1.02287	
725	0.436595	4785.97	7.11437	-8.26069	1.96531e-05	-0.967965	
726	0.461398	4982.03	6.95081	-8.7279	-6.23172e-05	-0.909281	
727	0.484308	5157.62	6.75699	-9.16219	-0.000144162	-0.847064	
728	0.505223	5311.99	6.53302	-9.56183	-0.000225477	-0.781575	
729	0.524051	5444.54	6.27917	-9.92523	-0.000305869	-0.713088	
730	0.54071	5554.71	5.99598	-10.2509	-0.000384956	-0.641891	
731	0.555126	5642.09	5.68423	-10.5375	-0.000462363	-0.56828	
732	0.567236	5706.34	5.34502	-10.7838	-0.000537722	-0.492562	
733	0.576987	5747.24	4.9797	-10.9887	-0.000610673	-0.415051	
734	0.584337	5764.66	4.58992	-11.1512	-0.000680872	-0.336069	
735	0.589254	5758.59	4.17755	-11.2706	-0.000747989	-0.255939	
736	0.59172	5729.14	3.74463	-11.3462	-0.000811714	-0.174992	
737	0.591727	5676.51	3.2933	-11.3775	-0.000871766	-0.0935565	
738	0.589279	5600.99	2.82575	-11.3642	-0.000927883	-0.0119641	
739	0.58439	5503.02	2.34415	-11.3061	-0.000979828	0.0694564	
740	0.577089	5383.08	1.85065	-11.2031	-0.00102738	0.150379	
741	0.567411	5241.81	1.34732	-11.0556	-0.00107034	0.230482	
742	0.555406	5079.9	0.836219	-10.8637	-0.00110852	0.309449	
743	0.541131	4898.15	0.319376	-10.6281	-0.00114175	0.386973	
744	0.524656	4697.43	-0.201167	-10.3494	-0.00116988	0.462754	
745	0.506059	4478.72	-0.723327	-10.0284	-0.00119278	0.536504	
746	0.485429	4243.04	-1.24497	-9.66622	-0.00121036	0.607943	
747	0.462865	3991.5	-1.76393	-9.26405	-0.00122257	0.676806	
748	0.438475	3725.26	-2.27797	-8.82328	-0.0012294	0.742842	
749	0.412376	3445.55	-2.78485	-8.34546	-0.00123084	0.805812	
750	0.384693	3153.62	-3.2823	-7.83232	-0.00122697	0.865493	
751	0.355558	2850.78	-3.76808	-7.28576	-0.00121783	0.92168	
752	0.32511	2538.38	-4.23992	-6.70786	-0.00120353	0.974181	
753	0.293493	2217.76	-4.69556	-6.10083	-0.00118415	1.02282	
754	0.260857	1890.31	-5.1327	-5.46706	-0.0011598	1.06745	
755	0.227354	1557.42	-5.54905	-4.80906	-0.0011306	1.10793	
756	0.193138	1220.46	-5.94223	-4.12951	-0.00109668	1.14413	
757	0.158367	880.809	-6.30986	-3.4312	-0.00105818	1.17595	
758	0.123196	539.827	-6.64955	-2.71702	-0.00101527	1.20331	
759	0.0877804	198.851	-6.95897	-1.98999	-0.000968159	1.22614	
760	0.0522758	-140.816	-7.23589	-1.2532	-0.000917072	1.2444	
761	0.0168333	-477.902	-7.4783	-0.509816	-0.000862284	1.25803	
762	-0.0183981	-811.179	-7.68447	0.236953	-0.000804106	1.26704	
763	-0.0532735	-1139.46	-7.85302	0.983851	-0.000742878	1.27141	
764	-0.0876522	-1461.63	-7.98303	1.72761	-0.000678963	1.27116	
765	-0.121399	-1776.59	-8.074	2.46497	-0.000612737	1.26631	
766	-0.154383	-2083.32	-8.12591	3.19269	-0.000544572	1.25691	
767	-0.186482	-2380.86	-8.13917	3.90756	-0.000474833	1.24302	
768	-0.217579	-2668.31	-8.11454	4.60645	-0.000403862	1.2247	
769	-0.247565	-2944.82	-8.05308	5.28628	-0.000331985	1.20203	
770	-0.27634	-3209.59	-7.95605	5.9441	-0.000259505	1.17511	
771	-0.30381	-3461.89	-7.82484	6.57705	-0.00018671	1.14403	
772	-0.329894	-3701.06	-7.66089	7.18241	-0.000113877	1.10891	
773	-0.354516	-3926.46	-7.46568	7.75761	-4.12768e-05	1.06987	
774	-0.37761	-4137.53	-7.24064	8.30022	3.08251e-05	1.02705	
775	-0.39912	-4333.75	-6.98719	8.80799	0.00010217	0.980586	
776	-0.418998	-4514.63	-6.70676	9.27887	0.000172507	0.930628	
777	-0.437203	-4679.77	-6.40075	9.71096	0.0002416	0.877335	
778	-0.453704	-4828.75	-6.07059	10.1026	0.000309225	0.820874	
779	-0.468475	-4961.24	-5.7178	10.4522	0.000375177	0.761419	
780	-0.4815	-5076.91	-5.34392	10.7587	0.000439262	0.699153	
781	-0.492767	-5175.5	-4.95061	11.0208	0.000501298	0.634266	
782	-0.502271	-5256.75	-4.53963	11.2378	0.000561107	0.566956	
783	-0.510012	-5320.45	-4.11284	11.4089	0.000618515	0.497427	
784	-0.515995	-5366.41	-3.6722	11.5337	0.000673347	0.425894	
785	-0.52023	-5394.48	-3.21975	11.6119	0.000725429	0.352576	
786	-0.522731	-5404.53	-2.75761	11.6435	0.000774594	0.2777	
787	-0.523515	-5396.47	-2.28794	11.6286	0.000820682	0.201501	
788	-0.522603	-5370.23	-1.81293	11.5674	0.000863549	0.124222	
789	-0.520019	-5325.77	-1.33473	11.4605	0.000903068	0.0461095	
790	-0.515789	-5263.11	-0.85549	11.3084	0.000939132	-0.0325803	
791	-0.50994	-5182.28	-0.377283	11.1119	0.000971651	-0.111587	
792	-0.502503	-5083.35	0.0978817	10.872	0.00100055	-0.190642	
793	-0.49351	-4966.45	0.568086	10.5896	0.00102578	-0.269475	
794	-0.482993	-4831.75	1.03151	10.2659	0.00104729	-0.347809	
795	-0.470987	-4679.48	1.48646	9.90231	0.00106502	-0.425362	
796	-0.457527	-4509.89	1.93135	9.50007	0.00107895	-0.50185	
797	-0.442648	-4323.33	2.36478	9.06072	0.00108903	-0.576988	
798	-0.426389	-4120.19	2.78548	8.58585	0.00109522	-0.650488	
799	-0.408788	-3900.94	3.19238	8.07712	0.00109749	-0.722062	
800	-0.389885	-3666.1	3.58459	7.5363	0.00109583	-0.791424	
801	-0.369723	-3416.27	3.96137	6.96525	0.00109023	-0.858289	
802	-0.348347	-3152.14	4.32214	6.36591	0.00108069	-0.922377	
803	-0.325804	-2874.46	4.66642	5.74031	0.00106724	-0.983413	
804	-0.302145	-2584.06	4.99375	5.09058	0.00104995	-1.04113	
805	-0.277423	-2281.84	5.30369	4.41894	0.00102889	-1.09526	
806	-0.251696	-1968.78	5.5957	3.72771	0.00100415	-1.14557	
807	-0.225024	-1645.95	5.86913	3.01928	0.000975845	-1.19181	
808	-0.197472	-1314.45	6.1232	2.29619	0.0009441	-1.23375	
809	-0.169106	-975.485	6.35699	1.56103	0.000909046	-1.2712	
810	-0.140001	-630.293	6.56947	0.816522	0.000870817	-1.30394	
811	-0.110233	-280.179	6.75957	0.065461	0.000829552	-1.33181	
812	-0.0798833	73.5095	6.92623	-0.689254	0.000785389	-1.35464	
813	-0.0490378	429.385	7.0685	-1.44464	0.000738472	-1.37231	
814	-0.0177874	786.027	7.18558	-2.19765	0.000688953	-1.38468	
815	0.0137723	1141.99	7.27687	-2.94514	0.00063699	-1.39168	
816	0.045542	1495.82	7.34203	-3.68395	0.000582752	-1.39321	
817	0.0774179	1846.06	7.38092	-4.41084	0.000526418	-1.38924	
818	0.109293	2191.24	7.39361	-5.12259	0.000468173	-1.37973	
819	0.141057	2529.91	7.38032	-5.81594	0.000408207	-1.36469	
820	0.172599	2860.64	7.34134	-6.48765	0.00034671	-1.34414	
821	0.203802	3182.04	7.27702	-7.13455	0.000283869	-1.31812	
822	0.234553	3492.75	7.18767	-7.75349	0.00021987	-1.2867	
823	0.264733	3791.43	7.07357	-8.34143	0.000154897	-1.24998	
824	0.294225	4076.83	6.93494	-8.89543	8.9135e-05	-1.20807	
825	0.322911	4347.73	6.77196	-9.41268	2.27765e-05	-1.16111	
826	0.350673	4602.97	6.58483	-9.89053	-4.39777e-05	-1.10927	
827	0.377395	4841.47	6.37371	-10.3265	-0.000110918	-1.05271	
828	0.40296	5062.22	6.13882	-10.7184	-0.000177826	-0.991661	
829	0.427256	5264.28	5.88043	-11.064	-0.000244482	-0.926325	
830	0.450174	5446.79	5.59882	-11.3617	-0.000310665	-0.856947	
831	0.471609	5608.95	5.29432	-11.6098	-0.000376163	-0.783783	
832	0.491461	5750.08	4.9673	-11.807	-0.000440768	-0.707105	
833	0.509638	5869.56	4.61812	-11.9524	-0.000504277	-0.6272	
834	0.526051	5966.84	4.2472	-12.0453	-0.000566488	-0.544369	
835	0.54062	6041.47	3.85503	-12.085	-0.000627191	-0.458924	
836	0.553271	6093.1	3.44223	-12.0717	-0.000686163	-0.371188	
837	0.563939	6121.42	3.00962	-12.0053	-0.000743165	-0.281494	
838	0.572563	6126.24	2.55828	-11.8864	-0.000797937	-0.190184	
839	0.579093	6107.43	2.08962	-11.7155	-0.00085021	-0.0976056	
840	0.583487	6064.96	1.60539	-11.4938	-0.000899705	-0.00411483	
841	0.58571	5998.86	1.10766	-11.2225	-0.00094615	0.0899289	
842	0.585737	5909.26	0.598844	-10.9029	-0.000989284	0.184162	
843	0.583552	5796.35	0.081567	-10.5368	-0.00102886	0.278218	
844	0.579147	5660.42	-0.441371	-10.1261	-0.00106466	0.371729	
845	0.572524	5501.81	-0.967101	-9.67275	-0.00109646	0.464326	
846	0.563694	5320.98	-1.49276	-9.17907	-0.00112408	0.555642	
847	0.552675	5118.42	-2.01553	-8.6474	-0.00114734	0.64531	
848	0.539494	4894.75	-2.53273	-8.08019	-0.00116607	0.732968	
849	0.524186	4650.64	-3.04179	-7.48003	-0.0011801	0.818257	
850	0.506794	4386.85	-3.54027	-6.84959	-0.0011893	0.900824	
851	0.487369	4104.21	-4.02589	-6.19159	-0.00119355	0.980321	
852	0.465969	3803.64	-4.49649	-5.50883	-0.00119277	1.05641	
853	0.44266	3486.15	-4.95001	-4.80415	-0.0011869	1.12876	
854	0.417515	3152.82	-5.38453	-4.08042	-0.00117592	1.19706	
855	0.390616	2804.79	-5.79821	-3.34055	-0.00115985	1.26098	
856	0.362048	2443.31	-6.18927	-2.58747	-0.00113874	1.32026	
857	0.331907	2069.69	-6.55598	-1.82414	-0.00111263	1.37459	
858	0.300289	1685.3	-6.89662	-1.05352	-0.00108161	1.42372	
859	0.267301	1291.58	-7.20945	-0.278602	-0.00104575	1.4674	
860	0.23305	890.048	-7.49274	0.497594	-0.00100516	1.50541	
861	0.197651	482.26	-7.74471	1.27205	-0.000959965	1.53754	
862	0.16122	69.8277	-7.96364	2.04173	-0.0009103	1.56359	
863	0.12388	-345.597	-8.14788	2.80357	-0.000856343	1.58342	
864	0.0857557	-762.327	-8.29594	3.55453	-0.000798299	1.59688	
865	0.0469768	-1178.65	-8.40656	4.29154	-0.000736403	1.60385	
866	0.00767616	-1592.83	-8.47876	5.01155	-0.000670918	1.60425	
867	-0.0320096	-2003.14	-8.5119	5.71151	-0.000602129	1.59803	
868	-0.0719406	-2407.84	-8.50568	6.3884	-0.000530339	1.58514	
869	-0.111974	-2805.2	-8.46013	7.03925	-0.000455866	1.56558	
870	-0.151962	-3193.51	-8.37556	7.66113	-0.000379046	1.53938	
871	-0.191758	-3571.1	-8.2525	8.25117	-0.000300232	1.5066	
872	-0.231207	-3936.32	-8.0917	8.80663	-0.000219799	1.46732	
873	-0.270158	-4287.58	-7.89402	9.32482	-0.000138144	1.42166	
874	-0.308452	-4623.35	-7.66047	9.80324	-5.56893e-05	1.36976	
875	-0.345932	-4942.13	-7.3922	10.2395	2.71247e-05	1.3118	
876	-0.382439	-5242.52	-7.09047	10.6314	0.000109846	1.24798	
877	-0.417811	-5523.18	-6.75676	10.9769	0.000192025	1.17854	
878	-0.451891	-5782.86	-6.39269	11.2742	0.000273219	1.10373	
879	-0.484518	-6020.39	-6.00009	11.5218	0.000353014	1.02384	
880	-0.515537	-6234.69	-5.58093	11.7184	0.000431021	0.939176	
881	-0.544793	-6424.78	-5.13729	11.8628	0.000506885	0.850081	
882	-0.572138	-6589.77	-4.67127	11.9543	0.00058028	0.756909	
883	-0.597427	-6728.89	-4.18496	11.9923	0.000650903	0.660039	
884	-0.62052	-6841.45	-3.68037	11.9767	0.000718461	0.559866	
885	-0.641287	-6926.89	-3.1594	11.9076	0.000782666	0.456804	
886	-0.659603	-6984.73	-2.62388	11.7852	0.000843231	0.351282	
887	-0.675355	-7014.64	-2.07559	11.6103	0.000899863	0.24374	
888	-0.688437	-7016.35	-1.51634	11.3838	0.000952273	0.134632	
889	-0.698759	-6989.74	-0.948097	11.1067	0.00100018	0.0244156	
890	-0.706241	-6934.79	-0.373003	10.7807	0.00104333	-0.0864413	
891	-0.710817	-6851.58	0.20651	10.4074	0.00108148	-0.197469	
892	-0.712438	-6740.31	0.787726	9.98872	0.00111446	-0.308196	
893	-0.711069	-6601.28	1.36765	9.52673	0.0011421	-0.41815	
894	-0.706692	-6434.92	1.94308	9.02376	0.00116431	-0.526865	
895	-0.699306	-6241.74	2.51068	8.48228	0.00118104	-0.633875	
896	-0.688925	-6022.38	3.06705	7.9049	0.00119226	-0.738726	
897	-0.675581	-5777.56	3.60889	7.29435	0.001198	-0.84097	
898	-0.659323	-5508.13	4.13299	6.65346	0.00119832	-0.940171	
899	-0.640214	-5215.01	4.63637	5.98518	0.00119333	-1.0359	
900	-0.618336	-4899.26	5.11624	5.29249	0.00118317	-1.12776	
901	-0.593782	-4561.99	5.57003	4.57845	0.001168	-1.21535	
902	-0.566662	-4204.44	5.99542	3.84618	0.00114805	-1.29829	
903	-0.537096	-3827.92	6.39026	3.09881	0.00112353	-1.37622	
904	-0.505219	-3433.82	6.75265	2.33951	0.00109472	-1.44882	
905	-0.471174	-3023.64	7.08088	1.57146	0.00106186	-1.51576	
906	-0.435111	-2598.93	7.37345	0.797883	0.00102525	-1.57674	
907	-0.39719	-2161.31	7.62911	0.0219813	0.00098514	-1.63151	
908	-0.357573	-1712.49	7.84681	-0.753018	0.000941808	-1.6798	
909	-0.316426	-1254.21	8.02578	-1.52389	0.000895514	-1.7214	
910	-0.273918	-788.273	8.16546	-2.28741	0.000846509	-1.75612	
911	-0.230219	-316.536	8.26554	-3.04034	0.000795041	-1.78377	
912	-0.185497	159.123	8.32591	-3.77949	0.000741348	-1.80422	
913	-0.139919	636.79	8.34672	-4.50165	0.00068566	-1.81734	
914	-0.0936512	1114.53	8.32829	-5.20366	0.000628204	-1.82306	
915	-0.0468577	1590.41	8.27121	-5.88237	0.000569195	-1.8213	
916	0.000300605	2062.48	8.17628	-6.53472	0.000508846	-1.81204	
917	0.0476652	2528.81	8.04453	-7.15769	0.000447358	-1.79526	
918	0.0950805	2987.46	7.87724	-7.74834	0.000384928	-1.77099	
919	0.142393	3436.55	7.67588	-8.30385	0.000321746	-1.73929	
920	0.189452	3874.2	7.44215	-8.82151	0.000257995	-1.70022	
921	0.236109	4298.59	7.17791	-9.29878	0.000193859	-1.65391	
922	0.282214	4707.93	6.88518	-9.73326	0.000129517	-1.60048	
923	0.327621	5100.51	6.56608	-10.1227	6.51502e-05	-1.54011	
924	0.37218	5474.64	6.22289	-10.4653	9.42595e-07	-1.47299	
925	0.415741	5828.74	5.85793	-10.7591	-6.29224e-05	-1.39932	
926	0.458153	6161.26	5.47365	-11.0027	-0.000126263	-1.31938	
927	0.499261	6470.77	5.07255	-11.1949	-0.000188903	-1.23342	
928	0.538906	6755.89	4.65717	-11.3347	-0.000250676	-1.14176	
929	0.57693	7015.34	4.23001	-11.4214	-0.00031143	-1.04471	
930	0.613171	7247.92	3.79349	-11.4548	-0.000371026	-0.942634	
931	0.647463	7452.54	3.34985	-11.4348	-0.00042934	-0.835903	
932	0.679643	7628.21	2.90108	-11.3617	-0.000486256	-0.724917	
933	0.709544	7774.02	2.44884	-11.236	-0.000541659	-0.610096	
934	0.737002	7889.18	1.99441	-11.0586	-0.000595428	-0.491882	
935	0.761853	7973.01	1.53872	-10.8306	-0.00064743	-0.370735	
936	0.783939	8024.94	1.08237	-10.5535	-0.000697516	-0.247134	
937	0.803105	8044.5	0.625737	-10.229	-0.000745519	-0.121573	
938	0.819205	8031.37	0.169022	-9.85895	-0.000791257	0.00543808	
939	0.832102	7985.32	-0.28758	-9.44551	-0.00083454	0.133379	
940	0.841671	7906.25	-0.743795	-8.99104	-0.000875176	0.261717	
941	0.847801	7794.18	-1.19917	-8.49804	-0.000912975	0.389911	
942	0.8504	7649.28	-1.653	-7.96918	-0.000947757	0.517415	
943	0.849389	7471.81	-2.1043	-7.40727	-0.000979351	0.643676	
944	0.844714	7262.18	-2.55177	-6.81522	-0.0010076	0.768142	
945	0.836337	7020.94	-2.99383	-6.19603	-0.00103234	0.89026	
946	0.824245	6748.75	-3.42863	-5.55276	-0.00105346	1.00948	
947	0.808448	6446.41	-3.85406	-4.88854	-0.0010708	1.12526	
948	0.788975	6114.85	-4.26782	-4.20652	-0.00108426	1.23705	
949	0.765883	5755.13	-4.66746	-3.50987	-0.00109375	1.34434	
950	0.739248	5368.45	-5.05039	-2.80178	-0.00109918	1.44661	
951	0.709169	4956.11	-5.41398	-2.08543	-0.00110051	1.54337	
952	0.675767	4519.57	-5.75557	-1.36396	-0.00109773	1.63412	
953	0.63918	4060.38	-6.07255	-0.640512	-0.00109086	1.71842	
954	0.599567	3580.24	-6.36245	0.0818047	-0.00107994	1.79583	
955	0.557099	3080.96	-6.62293	0.79993	-0.00106506	1.86594	
956	0.511964	2564.43	-6.85194	1.51085	-0.00104629	1.92836	
957	0.46436	2032.69	-7.04772	2.21159	-0.00102374	1.98274	
958	0.414492	1487.85	-7.20884	2.89925	-0.000997504	2.02877	
959	0.362578	932.141	-7.33429	3.57098	-0.000967664	2.06616	
960	0.308836	367.849	-7.42348	4.22402	-0.000934303	2.09466	
961	0.253492	-202.644	-7.47624	4.85567	-0.000897493	2.11407	
962	0.196772	-776.89	-7.49281	5.46332	-0.000857302	2.12421	
963	0.138905	-1352.39	-7.47388	6.04447	-0.0008138	2.12496	
964	0.080118	-1926.58	-7.42048	6.5967	-0.000767057	2.11624	
965	0.0206391	-2496.88	-7.33396	7.11771	-0.000717153	2.098	
966	-0.0393063	-3060.69	-7.21597	7.60535	-0.000664177	2.07026	
967	-0.0994946	-3615.38	-7.06834	8.05759	-0.000608226	2.03306	
968	-0.159704	-4158.34	-6.89305	8.47252	-0.000549407	1.98651	
969	-0.219715	-4686.97	-6.69213	8.84844	-0.000487837	1.93075	
970	-0.27931	-5198.71	-6.46764	9.18378	-0.000423648	1.86598	
971	-0.338271	-5691.04	-6.22158	9.47715	-0.000356987	1.79242	
972	-0.396382	-6161.51	-5.95587	9.72736	-0.000288024	1.71038	
973	-0.453425	-6607.75	-5.67232	9.93341	-0.000216957	1.62017	
974	-0.509183	-7027.48	-5.37256	10.0945	-0.000144015	1.52216	
975	-0.563435	-7418.51	-5.05812	10.21	-6.94664e-05	1.41676	
976	-0.615958	-7778.81	-4.73031	10.2795	6.38483e-06	1.30444	
977	-0.666529	-8106.45	-4.39032	10.3028	8.31961e-05	1.18567	
978	-0.714919	-8399.68	-4.03916	10.2799	0.000160592	1.06098	
979	-0.760897	-8656.88	-3.67768	10.2111	0.000238171	0.930917	
980	-0.804231	-8876.62	-3.30658	10.0966	0.000315514	0.796075	
981	-0.844688	-9057.65	-2.92639	9.93707	0.000392197	0.657062	
982	-0.882035	-9198.92	-2.53752	9.7333	0.000467798	0.514509	
983	-0.916042	-9299.56	-2.14021	9.48621	0.000541907	0.36907	
984	-0.946484	-9358.92	-1.73459	9.1969	0.00061413	0.221413	
985	-0.973143	-9376.56	-1.3207	8.86666	0.000684088	0.0722195	
986	-0.995809	-9352.23	-0.898502	8.49693	0.000751419	-0.077822	
987	-1.01429	-9285.92	-0.467997	8.0893	0.000815771	-0.228017	
988	-1.02839	-9177.82	-0.0292491	7.64553	0.000876799	-0.377668	
989	-1.03797	-9028.35	0.417511	7.16752	0.000934164	-0.526084	
990	-1.04286	-8838.11	0.871794	6.65731	0.000987536	-0.672575	
991	-1.04296	-8607.93	1.33277	6.11711	0.0010366	-0.816466	
992	-1.03817	-8338.82	1.7992	5.54926	0.00108105	-0.95709	
993	-1.02843	-8031.99	2.26937	4.95624	0.00112063	-1.0938	
994	-1.01371	-7688.83	2.74111	4.34067	0.0011551	-1.22597	
995	-0.993997	-7310.91	3.21174	3.70532	0.00118426	-1.35298	
996	-0.96934	-6899.93	3.67819	3.05307	0.00120795	-1.47427	
997	-0.939804	-6457.78	4.13703	2.38694	0.00122605	-1.58928	
998	-0.905494	-5986.46	4.58453	1.71007	0.00123847	-1.69748	
999	-0.866553	-5488.11	5.01682	1.02569	0.00124514	-1.7984	
