0	0	0	0	0	0	0	
1	0	0	0	0	0	0	
2	0	0.000244961	0	-9.69253e-08	2.4776e-25	1.89712e-09	
3	2.66785e-20	0.00235452	-1.49483e-21	-1.02641e-06	-3.09969e-19	2.06796e-08	
4	3.00585e-15	0.0118416	8.4494e-13	-5.68709e-06	-1.79316e-17	1.1708e-07	
5	1.31034e-13	0.0419874	2.88659e-11	-2.21508e-05	-3.84856e-16	4.63586e-07	
6	2.21365e-12	0.118701	4.38788e-10	-6.84831e-05	-4.81097e-15	1.45231e-06	
7	2.25311e-11	0.285854	4.19933e-09	-0.00017946	-4.18308e-14	3.84881e-06	
8	1.63651e-10	0.61051	2.92422e-08	-0.000415001	-2.77997e-13	8.99106e-06	
9	9.2689e-10	1.18745	1.60398e-07	-0.000869865	-1.49673e-12	1.90274e-05	
10	4.32196e-09	2.14241	7.28469e-07	-0.00168393	-6.7903e-12	3.71825e-05	
11	1.72076e-08	3.63353	2.83445e-06	-0.00305212	-2.67016e-11	6.80359e-05	
12	6.00454e-08	5.85062	9.68489e-06	-0.00523306	-9.29555e-11	0.000117795	
13	1.87249e-07	9.01204	2.9605e-05	-0.00855527	-2.91211e-10	0.000194539	
14	5.29755e-07	13.3591	8.21384e-05	-0.01342	-8.31705e-10	0.000308421	
15	1.37599e-06	19.1482	0.000209227	-0.0202997	-2.18832e-09	0.00047179	
16	3.31294e-06	26.6405	0.000493867	-0.0297318	-5.35025e-09	0.000699244	
17	7.45241e-06	36.0909	0.00108851	-0.0423072	-1.22426e-08	0.00100757	
18	1.57658e-05	47.7353	0.00225444	-0.058653	-2.6378e-08	0.00141556	
19	3.1541e-05	61.7776	0.00441112	-0.0794119	-5.37911e-08	0.0019438	
20	5.99545e-05	78.3778	0.00819098	-0.105216	-1.04282e-07	0.00261422	
21	0.000108722	97.6408	0.0144908	-0.136657	-1.92935e-07	0.00344967	
22	0.000188752	119.607	0.0245065	-0.174261	-3.41809e-07	0.00447334	
23	0.000314695	144.246	0.0397359	-0.218454	-5.81597e-07	0.00570821	
24	0.000505242	171.453	0.0619335	-0.269537	-9.52989e-07	0.00717638	
25	0.000783043	201.047	0.0930059	-0.327659	-1.5074e-06	0.00889848	
26	0.00117411	232.776	0.134847	-0.392806	-2.30673e-06	0.0108931	
27	0.00170666	266.319	0.189121	-0.464776	-3.42196e-06	0.0131764	
28	0.00240943	301.299	0.257021	-0.543188	-4.93047e-06	0.0157614	
29	0.00330955	337.289	0.339029	-0.627474	-6.91221e-06	0.0186583	
30	0.00443029	373.828	0.434737	-0.716894	-9.44514e-06	0.0218739	
31	0.00578888	410.433	0.542747	-0.810553	-1.26006e-05	0.0254118	
32	0.00739482	446.61	0.660695	-0.907424	-1.64389e-05	0.0292729	
33	0.00924891	481.871	0.785394	-1.00638	-2.10071e-05	0.0334556	
34	0.0113432	515.74	0.913092	-1.10621	-2.63372e-05	0.0379563	
35	0.0136617	547.767	1.03979	-1.20568	-3.24477e-05	0.0427701	
36	0.0161825	577.533	1.16157	-1.30355	-3.93464e-05	0.0478911	
37	0.0188795	604.656	1.27493	-1.39858	-4.70343e-05	0.0533133	
38	0.0217254	628.793	1.37692	-1.48962	-5.5511e-05	0.0590303	
39	0.0246933	649.639	1.46528	-1.57557	-6.47784e-05	0.0650357	
40	0.0277584	666.931	1.5384	-1.65542	-7.48439e-05	0.0713228	
41	0.0308987	680.437	1.59516	-1.72829	-8.57201e-05	0.0778838	
42	0.0340942	689.961	1.63481	-1.7934	-9.74236e-05	0.0847088	
43	0.0373261	695.33	1.65679	-1.85007	-0.00010997	0.0917849	
44	0.0405742	696.394	1.66063	-1.89774	-0.000123366	0.099095	
45	0.043815	693.021	1.64589	-1.93594	-0.000137605	0.106616	
46	0.0470192	685.093	1.61222	-1.9643	-0.000152654	0.114318	
47	0.0501506	672.504	1.55939	-1.9825	-0.000168455	0.122163	
48	0.053165	655.157	1.48739	-1.99029	-0.000184911	0.130108	
49	0.0560109	632.966	1.39644	-1.98744	-0.000201888	0.138098	
50	0.0586307	605.859	1.28699	-1.97376	-0.000219218	0.146076	
51	0.0609636	573.777	1.15964	-1.94908	-0.000236694	0.153977	
52	0.062948	536.68	1.01505	-1.91325	-0.000254081	0.161733	
53	0.0645251	494.554	0.85389	-1.8661	-0.000271115	0.169277	
54	0.0656416	447.409	0.676797	-1.80751	-0.000287517	0.17654	
55	0.0662525	395.291	0.484478	-1.73737	-0.000302995	0.183455	
56	0.0663221	338.283	0.277829	-1.65561	-0.000317256	0.189958	
57	0.0658247	276.505	0.0581136	-1.56217	-0.000330009	0.195989	
58	0.0647436	210.125	-0.172886	-1.4571	-0.000340978	0.20149	
59	0.0630699	139.351	-0.412793	-1.34047	-0.000349905	0.206406	
60	0.0608003	64.438	-0.658696	-1.21247	-0.000356558	0.21068	
61	0.0579342	-14.3156	-0.907342	-1.07337	-0.000360731	0.214259	
62	0.0544723	-96.57	-1.15543	-0.923522	-0.000362251	0.217086	
63	0.0504144	-181.947	-1.39999	-0.763416	-0.000360973	0.219107	
64	0.0457598	-270.035	-1.63862	-0.593633	-0.000356781	0.220263	
65	0.0405074	-360.391	-1.86974	-0.414871	-0.000349588	0.220499	
66	0.0346579	-452.551	-2.09258	-0.227925	-0.00033934	0.219759	
67	0.0282168	-546.031	-2.30695	-0.0336885	-0.000326011	0.217992	
68	0.0211976	-640.336	-2.51297	0.166865	-0.000309618	0.215152	
69	0.0136247	-734.963	-2.71062	0.372696	-0.000290217	0.2112	
70	0.00553487	-829.406	-2.89939	0.582715	-0.000267907	0.206103	
71	-0.00302197	-923.162	-3.07802	0.7958	-0.000242831	0.199838	
72	-0.0119848	-1015.73	-3.24447	1.01081	-0.000215162	0.192391	
73	-0.0212844	-1106.61	-3.39602	1.22662	-0.000185093	0.183752	
74	-0.0308476	-1195.32	-3.52962	1.44208	-0.000152818	0.173922	
75	-0.0406015	-1281.38	-3.64227	1.65609	-0.000118518	0.162906	
76	-0.0504764	-1364.29	-3.73144	1.86757	-8.23543e-05	0.150714	
77	-0.0604079	-1443.58	-3.7954	2.07544	-4.447e-05	0.137363	
78	-0.0703364	-1518.77	-3.83335	2.27867	-5.00219e-06	0.122871	
79	-0.0802057	-1589.4	-3.84543	2.47623	3.58962e-05	0.107264	
80	-0.0899607	-1654.99	-3.83249	2.66712	7.80336e-05	0.0905723	
81	-0.099545	-1715.07	-3.79584	2.85032	0.000121162	0.0728334	
82	-0.1089	-1769.18	-3.73688	3.02485	0.000164971	0.0540903	
83	-0.117965	-1816.88	-3.65679	3.18971	0.000209093	0.0343933	
84	-0.126679	-1857.74	-3.55634	3.34391	0.000253129	0.0138003	
85	-0.134982	-1891.33	-3.43577	3.48646	0.000296673	-0.00762412	
86	-0.142818	-1917.28	-3.29487	3.61639	0.000339343	-0.0298081	
87	-0.150132	-1935.22	-3.13309	3.73272	0.000380794	-0.0526735	
88	-0.156875	-1944.84	-2.94984	3.83454	0.000420731	-0.0761363	
89	-0.162999	-1945.85	-2.74468	3.92094	0.00045889	-0.100107	
90	-0.168453	-1938.02	-2.51763	3.99109	0.000495026	-0.12449	
91	-0.173183	-1921.16	-2.26937	4.04421	0.00052889	-0.149187	
92	-0.177132	-1895.12	-2.00129	4.0796	0.000560213	-0.174093	
93	-0.180242	-1859.8	-1.71555	4.09666	0.000588708	-0.199099	
94	-0.182453	-1815.18	-1.41493	4.09488	0.000614084	-0.224092	
95	-0.183711	-1761.24	-1.10268	4.07384	0.000636066	-0.248956	
96	-0.183969	-1698.05	-0.782239	4.03327	0.000654426	-0.273573	
97	-0.183194	-1625.7	-0.456959	3.97297	0.000669002	-0.29782	
98	-0.181365	-1544.34	-0.129901	3.89289	0.000679711	-0.321575	
99	-0.178477	-1454.16	0.196351	3.79307	0.000686548	-0.344715	
100	-0.174535	-1355.39	0.519757	3.67366	0.000689566	-0.367119	
101	-0.169555	-1248.29	0.838791	3.53493	0.000688858	-0.388664	
102	-0.163561	-1133.18	1.15232	3.37723	0.000684535	-0.409233	
103	-0.156583	-1010.39	1.45946	3.20101	0.000676709	-0.428709	
104	-0.148654	-880.312	1.75935	3.00679	0.000665484	-0.446976	
105	-0.13981	-743.353	2.05109	2.79517	0.000650958	-0.463923	
106	-0.130088	-599.97	2.33358	2.56684	0.000633228	-0.479442	
107	-0.119528	-450.65	2.60562	2.32254	0.000612399	-0.493426	
108	-0.108167	-295.921	2.86586	2.06307	0.000588588	-0.505775	
109	-0.0960462	-136.345	3.113	1.78932	0.000561933	-0.516391	
110	-0.0832041	27.4769	3.34579	1.50221	0.00053259	-0.525181	
111	-0.0696816	194.91	3.56314	1.20277	0.000500729	-0.532059	
112	-0.0555211	365.285	3.76411	0.892086	0.000466536	-0.536943	
113	-0.0407683	537.9	3.94785	0.571307	0.00043021	-0.53976	
114	-0.0254741	712.026	4.11359	0.241671	0.000391961	-0.540443	
115	-0.00969549	886.907	4.26054	-0.0955123	0.000352013	-0.538935	
116	0.0065035	1061.77	4.38789	-0.438861	0.000310605	-0.535186	
117	0.0230514	1235.82	4.49489	-0.786924	0.000267993	-0.529156	
118	0.0398699	1408.25	4.58092	-1.13819	0.000224442	-0.520814	
119	0.0568748	1578.26	4.64563	-1.49109	0.000180225	-0.510139	
120	0.0739774	1745.04	4.68906	-1.84401	0.00013561	-0.49712	
121	0.0910862	1907.79	4.71167	-2.19531	9.0852e-05	-0.481758	
122	0.108108	2065.7	4.71434	-2.54332	4.61823e-05	-0.464063	
123	0.124951	2217.99	4.69823	-2.88635	1.79759e-06	-0.444058	
124	0.141524	2363.9	4.66459	-3.22274	-4.21426e-05	-0.421776	
125	0.157739	2502.69	4.61457	-3.55082	-8.55164e-05	-0.39726	
126	0.173511	2633.62	4.54896	-3.86895	-0.000128235	-0.370566	
127	0.18876	2756	4.46817	-4.17553	-0.000170234	-0.341761	
128	0.203413	2869.17	4.37213	-4.46901	-0.00021146	-0.310921	
129	0.217398	2972.48	4.26044	-4.74788	-0.000251866	-0.278134	
130	0.230651	3065.32	4.13256	-5.0107	-0.000291392	-0.243498	
131	0.24311	3147.13	3.988	-5.25608	-0.00032997	-0.207121	
132	0.254717	3217.37	3.82652	-5.48271	-0.000367508	-0.169121	
133	0.265414	3275.53	3.64828	-5.68933	-0.000403904	-0.129625	
134	0.275147	3321.16	3.45389	-5.87475	-0.000439036	-0.0887712	
135	0.283863	3353.84	3.2443	-6.03788	-0.000472782	-0.0467049	
136	0.29151	3373.2	3.02071	-6.17767	-0.000505017	-0.00358033	
137	0.298038	3378.93	2.7844	-6.29316	-0.00053563	0.0404403	
138	0.303401	3370.75	2.53659	-6.38348	-0.000564526	0.0851878	
139	0.307556	3348.46	2.27831	-6.44782	-0.000591633	0.130486	
140	0.310467	3311.91	2.01043	-6.48551	-0.000616907	0.176154	
141	0.312099	3261	1.73368	-6.49592	-0.000640323	0.222005	
142	0.312424	3195.72	1.44872	-6.47859	-0.000661874	0.267848	
143	0.311419	3116.1	1.1563	-6.43311	-0.000681562	0.313488	
144	0.309065	3022.26	0.857306	-6.35925	-0.00069939	0.358729	
145	0.305347	2914.36	0.552839	-6.25687	-0.000715358	0.403372	
146	0.300257	2792.66	0.244166	-6.12596	-0.000729465	0.447217	
147	0.293792	2657.46	-0.0673318	-5.96666	-0.000741706	0.490066	
148	0.285959	2509.13	-0.38027	-5.77925	-0.000752079	0.531721	
149	0.27677	2348.12	-0.693376	-5.56413	-0.000760584	0.571985	
150	0.266247	2174.92	-1.00558	-5.32185	-0.000767222	0.610666	
151	0.25442	1990.09	-1.31605	-5.05312	-0.00077199	0.647575	
152	0.241329	1794.23	-1.6242	-4.75873	-0.000774873	0.682528	
153	0.227018	1588.03	-1.92961	-4.43967	-0.000775829	0.715345	
154	0.211541	1372.2	-2.23193	-4.09699	-0.000774787	0.745855	
155	0.194952	1147.49	-2.53076	-3.73189	-0.000771641	0.773891	
156	0.177313	914.723	-2.82552	-3.34568	-0.000766256	0.799296	
157	0.158687	674.748	-3.11547	-2.93976	-0.000758476	0.821919	
158	0.139137	428.459	-3.39961	-2.51563	-0.000748135	0.84162	
159	0.118731	176.785	-3.67682	-2.07487	-0.000735075	0.85827	
160	0.097536	-79.308	-3.94588	-1.61914	-0.000719154	0.871748	
161	0.0756225	-338.822	-4.20563	-1.15019	-0.000700253	0.881949	
162	0.0530639	-600.732	-4.45505	-0.669827	-0.000678282	0.888776	
163	0.0299372	-863.983	-4.69329	-0.17992	-0.000653176	0.892147	
164	0.00632414	-1127.5	-4.91968	0.317595	-0.000624892	0.891994	
165	-0.0176892	-1390.19	-5.13364	0.820724	-0.000593404	0.888262	
166	-0.0420119	-1650.95	-5.33452	1.32743	-0.000558697	0.88091	
167	-0.0665487	-1908.66	-5.5215	1.83561	-0.000520769	0.869913	
168	-0.0912005	-2162.2	-5.69343	2.34314	-0.00047963	0.855259	
169	-0.115865	-2410.45	-5.84876	2.84785	-0.000435307	0.836952	
170	-0.140435	-2652.3	-5.98556	3.34757	-0.000387851	0.815014	
171	-0.164805	-2886.65	-6.10167	3.84008	-0.000337345	0.789478	
172	-0.188862	-3112.43	-6.19485	4.32319	-0.000283913	0.760398	
173	-0.212496	-3328.56	-6.26305	4.7947	-0.000227726	0.72784	
174	-0.235593	-3534.04	-6.30463	5.25243	-0.000168999	0.691887	
175	-0.258041	-3727.87	-6.31852	5.69424	-0.000107986	0.652639	
176	-0.279728	-3909.1	-6.30431	6.11803	-4.49716e-05	0.61021	
177	-0.300546	-4076.81	-6.26216	6.52175	1.97437e-05	0.564729	
178	-0.32039	-4230.16	-6.19268	6.90342	8.58578e-05	0.516342	
179	-0.339161	-4368.33	-6.09669	7.26114	0.000153076	0.465207	
180	-0.356766	-4490.58	-5.97495	7.5931	0.000221116	0.411495	
181	-0.373116	-4596.2	-5.82802	7.89759	0.000289704	0.355393	
182	-0.388131	-4684.57	-5.65606	8.17299	0.000358566	0.297097	
183	-0.401734	-4755.12	-5.45889	8.41782	0.000427421	0.236818	
184	-0.413855	-4807.34	-5.23602	8.6307	0.000495963	0.174776	
185	-0.424427	-4840.81	-4.98688	8.81038	0.000563855	0.1112	
186	-0.433391	-4855.17	-4.71097	8.95575	0.000630729	0.0463312	
187	-0.44069	-4850.12	-4.40806	9.06581	0.000696183	-0.0195835	
188	-0.446272	-4825.44	-4.07834	9.13973	0.000759787	-0.0862889	
189	-0.45009	-4781.02	-3.7225	9.17678	0.000821098	-0.153523	
190	-0.452103	-4716.77	-3.3417	9.1764	0.000879668	-0.22102	
191	-0.452275	-4632.74	-2.93752	9.13814	0.000935055	-0.288506	
192	-0.450573	-4529.03	-2.5119	9.06174	0.00098684	-0.355708	
193	-0.446974	-4405.82	-2.06702	8.94706	0.00103463	-0.422346	
194	-0.441458	-4263.38	-1.6052	8.79412	0.00107809	-0.488142	
195	-0.434017	-4102.09	-1.12889	8.6031	0.0011169	-0.552816	
196	-0.424649	-3922.38	-0.640599	8.37433	0.00115081	-0.61609	
197	-0.413363	-3724.78	-0.14286	8.10833	0.00117963	-0.677687	
198	-0.400181	-3509.9	0.361764	7.80576	0.00120322	-0.737336	
199	-0.385134	-3278.42	0.870712	7.46745	0.00122144	-0.79477	
200	-0.368269	-3031.12	1.38146	7.09442	0.00123424	-0.849728	
201	-0.349639	-2768.85	1.89153	6.68781	0.00124157	-0.901959	
202	-0.329314	-2492.51	2.39855	6.24898	0.00124338	-0.951219	
203	-0.307366	-2203.08	2.90023	5.77938	0.00123967	-0.997275	
204	-0.283879	-1901.64	3.39438	5.28068	0.00123041	-1.0399	
205	-0.258942	-1589.28	3.87892	4.75466	0.00121562	-1.0789	
206	-0.232647	-1267.19	4.35182	4.20325	0.0011953	-1.11405	
207	-0.20509	-936.638	4.81108	3.62852	0.00116949	-1.14519	
208	-0.176373	-598.935	5.25474	3.03271	0.00113823	-1.17214	
209	-0.146598	-255.476	5.68082	2.41816	0.0011016	-1.19475	
210	-0.115873	92.2821	6.08732	1.78738	0.00105972	-1.21289	
211	-0.0843099	442.818	6.47225	1.14302	0.0010127	-1.22642	
212	-0.0520255	794.549	6.83357	0.487855	0.000960711	-1.23526	
213	-0.0191418	1145.85	7.16923	-0.175196	0.00090396	-1.23932	
214	0.0142134	1495.04	7.47716	-0.843082	0.00084268	-1.23855	
215	0.0479073	1840.43	7.75528	-1.51263	0.000777143	-1.2329	
216	0.0818018	2180.3	8.00152	-2.18058	0.000707655	-1.22236	
217	0.115755	2512.96	8.21378	-2.84356	0.000634556	-1.20693	
218	0.149621	2836.72	8.39002	-3.49816	0.000558211	-1.18665	
219	0.18325	3149.95	8.52818	-4.14095	0.000479007	-1.16157	
220	0.216492	3451.06	8.62626	-4.76849	0.000397349	-1.13175	
221	0.249193	3738.58	8.68225	-5.37741	0.000313655	-1.0973	
222	0.281198	4011.09	8.69419	-5.96441	0.00022835	-1.05832	
223	0.312348	4267.3	8.66011	-6.52634	0.000141869	-1.01496	
224	0.342485	4506.04	8.57815	-7.06021	5.46496e-05	-0.967363	
225	0.371447	4726.27	8.44657	-7.56323	-3.28651e-05	-0.915703	
226	0.399076	4927.05	8.26393	-8.03286	-0.000120228	-0.860171	
227	0.425211	5107.59	8.02925	-8.46682	-0.000206988	-0.800971	
228	0.449699	5267.24	7.74228	-8.86312	-0.000292694	-0.738325	
229	0.472394	5405.44	7.40368	-9.22003	-0.000376895	-0.672467	
230	0.49316	5521.75	7.0152	-9.53616	-0.000459145	-0.603645	
231	0.511872	5615.85	6.57981	-9.81037	-0.000539013	-0.532122	
232	0.528421	5687.49	6.10162	-10.0418	-0.000616086	-0.45817	
233	0.542717	5736.52	5.58574	-10.2299	-0.000689982	-0.382073	
234	0.554682	5762.86	5.03796	-10.3742	-0.000760354	-0.304128	
235	0.564258	5766.49	4.46438	-10.4747	-0.000826895	-0.22464	
236	0.571397	5747.47	3.87106	-10.5313	-0.000889337	-0.143922	
237	0.576068	5705.92	3.26362	-10.5443	-0.00094745	-0.0622989	
238	0.578245	5642	2.64706	-10.5138	-0.00100102	0.0198988	
239	0.577915	5555.94	2.02569	-10.4405	-0.00104987	0.102333	
240	0.575069	5448.06	1.40316	-10.3247	-0.00109379	0.184663	
241	0.569704	5318.69	0.78265	-10.1671	-0.00113259	0.266542	
242	0.561827	5168.29	0.167076	-9.96846	-0.00116607	0.347623	
243	0.551452	4997.36	-0.440696	-9.72945	-0.00119404	0.427563	
244	0.538605	4806.49	-1.03773	-9.45096	-0.0012163	0.506022	
245	0.523327	4596.37	-1.621	-9.13396	-0.00123269	0.582667	
246	0.505672	4367.76	-2.18745	-8.77953	-0.0012431	0.657174	
247	0.485714	4121.51	-2.73411	-8.38886	-0.00124745	0.729234	
248	0.463545	3858.57	-3.25823	-7.96331	-0.00124574	0.79855	
249	0.439272	3579.97	-3.75741	-7.50436	-0.00123802	0.86484	
250	0.413019	3286.82	-4.22955	-7.0137	-0.0012244	0.927838	
251	0.384925	2980.29	-4.67287	-6.49316	-0.00120507	0.987294	
252	0.355135	2661.66	-5.08573	-5.94475	-0.00118024	1.04297	
253	0.323805	2332.21	-5.46659	-5.37066	-0.00115018	1.09465	
254	0.291092	1993.31	-5.81396	-4.77322	-0.00111519	1.14213	
255	0.257155	1646.35	-6.12638	-4.15492	-0.00107562	1.1852	
256	0.222152	1292.76	-6.40266	-3.51838	-0.00103182	1.22371	
257	0.186239	933.969	-6.642	-2.86629	-0.000984175	1.25747	
258	0.149572	571.429	-6.84424	-2.20146	-0.000933087	1.28636	
259	0.112306	206.591	-7.01005	-1.52674	-0.000878958	1.31023	
260	0.0745952	-159.102	-7.14086	-0.844984	-0.000822188	1.32898	
261	0.0365968	-524.214	-7.23882	-0.159091	-0.000763173	1.34253	
262	-0.00152917	-887.329	-7.30641	0.528076	-0.000702289	1.35081	
263	-0.0396193	-1247.05	-7.34615	1.21369	-0.000639891	1.35378	
264	-0.0775072	-1601.99	-7.36009	1.89497	-0.000576309	1.35143	
265	-0.115025	-1950.81	-7.34959	2.56919	-0.000511838	1.34377	
266	-0.152005	-2292.17	-7.31512	3.23373	-0.000446744	1.33084	
267	-0.188285	-2624.77	-7.25632	3.886	-0.000381265	1.31268	
268	-0.223707	-2947.33	-7.17228	4.52353	-0.000315605	1.28937	
269	-0.258126	-3258.61	-7.0619	5.14389	-0.00024995	1.261	
270	-0.291405	-3557.4	-6.92436	5.74474	-0.000184465	1.22769	
271	-0.323421	-3842.52	-6.7595	6.32381	-0.000119312	1.18956	
272	-0.354063	-4112.82	-6.56806	6.87889	-5.46557e-05	1.14675	
273	-0.383228	-4367.22	-6.35172	7.40783	9.3213e-06	1.09943	
274	-0.41082	-4604.67	-6.11297	7.90853	7.24094e-05	1.04778	
275	-0.436745	-4824.19	-5.85482	8.379	0.000134368	0.991984	
276	-0.460913	-5024.88	-5.58041	8.81728	0.000194928	0.932263	
277	-0.483233	-5205.9	-5.29267	9.22153	0.00025381	0.868849	
278	-0.503617	-5366.49	-4.994	9.59001	0.000310742	0.801989	
279	-0.521983	-5505.99	-4.6862	9.92109	0.000365492	0.731946	
280	-0.538254	-5623.84	-4.37043	10.2133	0.000417888	0.658998	
281	-0.552365	-5719.54	-4.04734	10.4653	0.000467839	0.583435	
282	-0.564262	-5792.74	-3.71734	10.676	0.000515339	0.505557	
283	-0.573902	-5843.15	-3.38077	10.8443	0.000560448	0.425675	
284	-0.581252	-5870.6	-3.03817	10.9696	0.000603274	0.344104	
285	-0.586289	-5875.01	-2.69039	11.0512	0.000643935	0.261168	
286	-0.588996	-5856.38	-2.33865	11.0889	0.000682534	0.177195	
287	-0.589365	-5814.83	-1.98446	11.0825	0.000719138	0.0925144	
288	-0.587394	-5750.54	-1.62951	11.032	0.000753777	0.00746148	
289	-0.583093	-5663.79	-1.27548	10.9377	0.000786454	-0.0776291	
290	-0.576482	-5554.93	-0.923851	10.8	0.000817164	-0.162422	
291	-0.567598	-5424.4	-0.575675	10.6196	0.000845917	-0.246584	
292	-0.556492	-5272.7	-0.231482	10.3973	0.000872748	-0.329784	
293	-0.54323	-5100.43	0.10879	10.1339	0.000897711	-0.411694	
294	-0.527886	-4908.24	0.445758	9.83059	0.000920867	-0.491994	
295	-0.510545	-4696.86	0.780464	9.48853	0.000942254	-0.570368	
296	-0.491293	-4467.09	1.11417	9.10907	0.000961858	-0.646511	
297	-0.470217	-4219.8	1.44812	8.69365	0.000979593	-0.720122	
298	-0.447402	-3955.93	1.78326	8.24385	0.000995298	-0.790915	
299	-0.42293	-3676.5	2.12006	7.76135	0.00100874	-0.85861	
300	-0.396886	-3382.58	2.45833	7.24796	0.00101965	-0.92294	
301	-0.369352	-3075.31	2.79724	6.70558	0.00102774	-0.98365	
302	-0.340418	-2755.89	3.13535	6.13625	0.00103274	-1.0405	
303	-0.310176	-2425.59	3.47076	5.54211	0.00103443	-1.09326	
304	-0.278725	-2085.71	3.80136	4.92542	0.00103264	-1.14172	
305	-0.246174	-1737.6	4.12497	4.28854	0.00102723	-1.18569	
306	-0.212637	-1382.66	4.43957	3.63394	0.00101812	-1.22499	
307	-0.178238	-1022.3	4.74342	2.96421	0.00100527	-1.25946	
308	-0.143107	-657.971	5.03503	2.28198	0.000988641	-1.28896	
309	-0.107385	-291.123	5.31321	1.59	0.000968198	-1.31339	
310	-0.0712139	76.7809	5.57691	0.891043	0.000943917	-1.33265	
311	-0.034745	444.28	5.82519	0.187944	0.000915776	-1.34666	
312	0.00187004	809.922	6.05714	-0.51645	0.000883757	-1.35538	
313	0.0384788	1172.27	6.27176	-1.21928	0.000847847	-1.35876	
314	0.0749308	1529.9	6.46804	-1.91772	0.000808043	-1.35681	
315	0.11108	1881.43	6.64488	-2.60896	0.000764351	-1.34954	
316	0.146785	2225.49	6.80115	-3.29023	0.00071679	-1.33698	
317	0.181912	2560.74	6.93566	-3.95884	0.000665393	-1.31918	
318	0.216332	2885.9	7.04717	-4.61217	0.000610213	-1.29622	
319	0.24992	3199.69	7.13434	-5.24767	0.000551332	-1.26819	
320	0.282558	3500.92	7.1957	-5.86287	0.000488868	-1.2352	
321	0.31413	3788.39	7.22969	-6.45541	0.000422984	-1.1974	
322	0.344523	4061.01	7.23464	-7.02301	0.000353893	-1.15492	
323	0.373628	4317.69	7.2089	-7.5635	0.00028186	-1.10794	
324	0.401337	4557.42	7.15096	-8.07481	0.0002072	-1.05665	
325	0.427545	4779.25	7.05957	-8.55497	0.000130277	-1.00125	
326	0.452151	4982.3	6.93391	-9.0021	5.14896e-05	-0.941954	
327	0.475056	5165.74	6.77366	-9.41447	-2.87331e-05	-0.879006	
328	0.496164	5328.85	6.57906	-9.79044	-0.000109945	-0.812654	
329	0.515386	5470.95	6.35085	-10.1285	-0.000191693	-0.743161	
330	0.532637	5591.48	6.09024	-10.4272	-0.000273526	-0.670804	
331	0.547838	5689.95	5.79871	-10.6855	-0.000355003	-0.595868	
332	0.56092	5765.95	5.47797	-10.9021	-0.000435701	-0.518652	
333	0.57182	5819.2	5.1298	-11.0762	-0.00051522	-0.439459	
334	0.58049	5849.48	4.75598	-11.2069	-0.000593181	-0.358604	
335	0.586886	5856.67	4.35831	-11.2938	-0.000669225	-0.276404	
336	0.590981	5840.78	3.93856	-11.3364	-0.000743003	-0.193182	
337	0.592753	5801.87	3.49852	-11.3346	-0.00081417	-0.109267	
338	0.592193	5740.12	3.04005	-11.2882	-0.000882369	-0.0249859	
339	0.5893	5655.8	2.56506	-11.1976	-0.000947228	0.05933	
340	0.584081	5549.25	2.07553	-11.063	-0.00100836	0.143351	
341	0.576554	5420.91	1.57348	-10.8851	-0.00106535	0.226748	
342	0.566744	5271.31	1.06094	-10.6645	-0.00111781	0.309196	
343	0.554687	5101.04	0.539934	-10.4022	-0.00116533	0.390373	
344	0.540428	4910.78	0.0124375	-10.0992	-0.00120755	0.469963	
345	0.524023	4701.28	-0.519608	-9.75675	-0.00124412	0.547654	
346	0.505537	4473.35	-1.05427	-9.37626	-0.00127474	0.623146	
347	0.485045	4227.9	-1.58955	-8.95923	-0.00129913	0.696143	
348	0.462626	3965.86	-2.12336	-8.5073	-0.00131707	0.76636	
349	0.43837	3688.27	-2.6534	-8.02224	-0.00132831	0.833525	
350	0.412369	3396.2	-3.17711	-7.50592	-0.00133268	0.897374	
351	0.384721	3090.8	-3.69163	-6.96035	-0.00133002	0.957657	
352	0.355529	2773.24	-4.19379	-6.3876	-0.00132022	1.01414	
353	0.3249	2444.79	-4.68016	-5.78988	-0.00130325	1.0666	
354	0.292947	2106.73	-5.14715	-5.16948	-0.00127916	1.11483	
355	0.259789	1760.39	-5.59113	-4.52877	-0.0012481	1.15865	
356	0.225549	1407.15	-6.00857	-3.87022	-0.00121033	1.19788	
357	0.190361	1048.41	-6.39626	-3.19637	-0.00116616	1.23237	
358	0.154363	685.591	-6.75136	-2.50984	-0.00111602	1.26199	
359	0.117701	320.146	-7.07154	-1.8133	-0.00106037	1.28662	
360	0.0805256	-46.4711	-7.35499	-1.1095	-0.000999696	1.30618	
361	0.0429942	-412.802	-7.60037	-0.401217	-0.000934513	1.32058	
362	0.00526579	-777.389	-7.80673	0.308744	-0.000865329	1.32977	
363	-0.0324989	-1138.79	-7.97344	1.01755	-0.000792648	1.33373	
364	-0.0701395	-1495.56	-8.10006	1.72239	-0.000716959	1.33243	
365	-0.107497	-1846.3	-8.18631	2.42043	-0.000638743	1.32589	
366	-0.144416	-2189.64	-8.23206	3.10889	-0.000558469	1.31414	
367	-0.180743	-2524.21	-8.23739	3.78504	-0.000476603	1.29722	
368	-0.21633	-2848.72	-8.20269	4.4462	-0.00039361	1.27522	
369	-0.251032	-3161.9	-8.1287	5.08977	-0.000309952	1.2482	
370	-0.284709	-3462.52	-8.01659	5.7132	-0.000226089	1.2163	
371	-0.317227	-3749.41	-7.86795	6.31408	-0.000142469	1.17963	
372	-0.348459	-4021.46	-7.68468	6.89007	-5.95254e-05	1.13834	
373	-0.378284	-4277.61	-7.46884	7.43895	2.23363e-05	1.0926	
374	-0.406589	-4516.85	-7.22249	7.95859	0.000102742	1.04258	
375	-0.433267	-4738.25	-6.94752	8.44701	0.000181352	0.988492	
376	-0.45822	-4940.94	-6.64556	8.90232	0.000257858	0.930543	
377	-0.481354	-5124.1	-6.31795	9.32278	0.000331977	0.868963	
378	-0.502584	-5287.03	-5.96585	9.70677	0.000403445	0.803995	
379	-0.521828	-5429.06	-5.59037	10.0528	0.000472007	0.735894	
380	-0.53901	-5549.64	-5.1928	10.3596	0.000537413	0.664929	
381	-0.554062	-5648.26	-4.77474	10.6258	0.000599422	0.59138	
382	-0.566919	-5724.54	-4.33829	10.8505	0.000657805	0.515535	
383	-0.577527	-5778.17	-3.88598	11.0327	0.000712355	0.437692	
384	-0.585837	-5808.92	-3.42078	11.1718	0.000762897	0.35816	
385	-0.591814	-5816.68	-2.94588	11.267	0.000809296	0.27725	
386	-0.595428	-5801.42	-2.46457	11.3181	0.000851466	0.195282	
387	-0.596665	-5763.19	-1.98	11.3248	0.00088937	0.112579	
388	-0.595518	-5702.16	-1.49507	11.2869	0.000923022	0.0294664	
389	-0.591994	-5618.58	-1.01234	11.2048	0.00095248	-0.0537274	
390	-0.586111	-5512.79	-0.534039	11.0786	0.000977843	-0.136675	
391	-0.577895	-5385.22	-0.0620655	10.9088	0.00099924	-0.21905	
392	-0.567389	-5236.4	0.401936	10.6962	0.00101682	-0.300528	
393	-0.554641	-5066.91	0.856533	10.4417	0.00103075	-0.380791	
394	-0.539713	-4877.45	1.30047	10.1461	0.00104118	-0.459524	
395	-0.522673	-4668.77	1.73268	9.81083	0.00104827	-0.536418	
396	-0.503599	-4441.69	2.15224	9.43714	0.00105214	-0.611175	
397	-0.482573	-4197.13	2.55843	9.02656	0.0010529	-0.683501	
398	-0.459686	-3936.03	2.95066	8.58075	0.00105064	-0.753113	
399	-0.43503	-3659.44	3.32845	8.10149	0.00104539	-0.819741	
400	-0.408702	-3368.43	3.69132	7.59068	0.00103721	-0.883121	
401	-0.380803	-3064.14	4.03871	7.05036	0.0010261	-0.943005	
402	-0.351438	-2747.77	4.36991	6.48264	0.00101209	-0.999158	
403	-0.320714	-2420.56	4.68399	5.88975	0.000995182	-1.05136	
404	-0.288746	-2083.79	4.97982	5.27399	0.000975416	-1.09939	
405	-0.255653	-1738.79	5.25615	4.63777	0.000952833	-1.14308	
406	-0.22156	-1386.91	5.51167	3.98355	0.0009275	-1.18224	
407	-0.1866	-1029.55	5.74514	3.31388	0.000899509	-1.21672	
408	-0.150908	-668.119	5.95551	2.63136	0.000868975	-1.24638	
409	-0.114627	-304.056	6.14199	1.93866	0.000836032	-1.2711	
410	-0.0779029	61.1949	6.30408	1.23848	0.000800826	-1.29079	
411	-0.040884	426.18	6.44157	0.533563	0.000763504	-1.30537	
412	-0.00372013	789.446	6.55448	-0.173302	0.000724208	-1.31478	
413	0.0334387	1149.55	6.64301	-0.879323	0.000683061	-1.31899	
414	0.0704437	1505.05	6.70749	-1.5817	0.000640164	-1.31798	
415	0.107148	1854.54	6.74831	-2.27764	0.000595591	-1.31175	
416	0.143406	2196.64	6.76597	-2.96437	0.000549392	-1.30034	
417	0.179078	2529.99	6.76108	-3.63917	0.000501593	-1.28378	
418	0.214025	2853.27	6.73434	-4.29933	0.000452208	-1.26214	
419	0.248113	3165.21	6.68664	-4.94224	0.000401236	-1.23551	
420	0.28121	3464.59	6.61897	-5.56536	0.000348679	-1.204	
421	0.31319	3750.23	6.53246	-6.16622	0.000294539	-1.16773	
422	0.343931	4021.01	6.42826	-6.74245	0.00023883	-1.12683	
423	0.373316	4275.87	6.30744	-7.29181	0.00018158	-1.08148	
424	0.401233	4513.82	6.17092	-7.81214	0.000122836	-1.03186	
425	0.427576	4733.91	6.01933	-8.30142	6.2672e-05	-0.978148	
426	0.452244	4935.29	5.85295	-8.75777	1.18656e-06	-0.920568	
427	0.475146	5117.17	5.67171	-9.17941	-6.1492e-05	-0.859346	
428	0.496193	5278.83	5.47522	-9.56473	-0.000125207	-0.794721	
429	0.515306	5419.63	5.2628	-9.91224	-0.000189773	-0.726949	
430	0.53241	5539	5.03366	-10.2206	-0.000254977	-0.656297	
431	0.547441	5636.47	4.78701	-10.4887	-0.000320575	-0.583044	
432	0.560339	5711.65	4.52219	-10.7153	-0.000386293	-0.507478	
433	0.571052	5764.23	4.2388	-10.8998	-0.000451823	-0.429897	
434	0.579537	5794	3.93678	-11.0412	-0.000516824	-0.350608	
435	0.585756	5800.83	3.61649	-11.1391	-0.000580923	-0.269924	
436	0.589682	5784.68	3.27865	-11.1931	-0.000643726	-0.188164	
437	0.591295	5745.62	2.92434	-11.203	-0.000704829	-0.105653	
438	0.590585	5683.81	2.55492	-11.1686	-0.000763836	-0.022717	
439	0.587551	5599.48	2.17191	-11.0902	-0.000820374	0.0603137	
440	0.582204	5492.97	1.77693	-10.9679	-0.000874105	0.14311	
441	0.574562	5364.71	1.37157	-10.8023	-0.000924729	0.225344	
442	0.564655	5215.21	0.957381	-10.594	-0.000971988	0.306689	
443	0.552521	5045.07	0.535778	-10.3439	-0.00101565	0.386824	
444	0.538209	4854.98	0.108089	-10.053	-0.00105549	0.465432	
445	0.521776	4645.69	-0.324438	-9.72231	-0.0010913	0.542202	
446	0.503285	4418.04	-0.760596	-9.35332	-0.00112287	0.61683	
447	0.482809	4172.93	-1.19916	-8.94747	-0.00114996	0.689023	
448	0.46043	3911.34	-1.63882	-8.50641	-0.00117235	0.758495	
449	0.436234	3634.29	-2.0782	-8.0319	-0.00118984	0.824973	
450	0.410319	3342.88	-2.51574	-7.52585	-0.00120223	0.888192	
451	0.382786	3038.26	-2.94978	-6.99029	-0.00120937	0.947904	
452	0.353745	2721.62	-3.37849	-6.42736	-0.00121115	1.00387	
453	0.323311	2394.22	-3.79996	-5.83929	-0.00120749	1.05587	
454	0.291603	2057.34	-4.21216	-5.22841	-0.00119835	1.1037	
455	0.258746	1712.29	-4.61303	-4.59712	-0.00118374	1.14717	
456	0.224867	1360.45	-5.00047	-3.94793	-0.00116367	1.18611	
457	0.190097	1003.19	-5.37236	-3.28337	-0.00113819	1.22035	
458	0.15457	641.918	-5.72661	-2.60605	-0.00110737	1.24978	
459	0.118422	278.068	-6.06111	-1.91864	-0.00107132	1.27425	
460	0.0817899	-86.9259	-6.37376	-1.22383	-0.00103014	1.29369	
461	0.0448149	-451.618	-6.66245	-0.524335	-0.000984	1.30801	
462	0.00763963	-814.562	-6.92509	0.177079	-0.000933087	1.31714	
463	-0.0295907	-1174.32	-7.15961	0.877656	-0.000877634	1.32106	
464	-0.0667287	-1529.46	-7.36404	1.57463	-0.000817918	1.31975	
465	-0.103625	-1878.57	-7.53655	2.26524	-0.000754258	1.31321	
466	-0.140129	-2220.28	-7.67559	2.94676	-0.000687011	1.30146	
467	-0.17609	-2553.21	-7.77994	3.61647	-0.000616559	1.28455	
468	-0.21136	-2876.05	-7.84881	4.27171	-0.000543302	1.26254	
469	-0.245794	-3187.52	-7.88185	4.90989	-0.000467643	1.23553	
470	-0.279249	-3486.4	-7.87922	5.52845	-0.000389975	1.20362	
471	-0.311592	-3771.5	-7.84142	6.12493	-0.000310673	1.16693	
472	-0.342693	-4041.69	-7.76929	6.69698	-0.000230093	1.1256	
473	-0.372432	-4295.92	-7.66379	7.24231	-0.000148567	1.07981	
474	-0.400693	-4533.18	-7.52593	7.75877	-6.64133e-05	1.02972	
475	-0.427368	-4752.54	-7.35658	8.24432	1.60571e-05	0.975549	
476	-0.452357	-4953.15	-7.15643	8.69705	9.8535e-05	0.917493	
477	-0.475564	-5134.21	-6.92596	9.1152	0.000180704	0.855787	
478	-0.4969	-5295.02	-6.66547	9.49713	0.000262239	0.790672	
479	-0.516281	-5434.94	-6.37515	9.84135	0.000342798	0.722406	
480	-0.533633	-5553.42	-6.05521	10.1465	0.000422028	0.651258	
481	-0.548886	-5649.98	-5.706	10.4115	0.000499561	0.577508	
482	-0.561979	-5724.26	-5.32813	10.6352	0.000575017	0.501447	
483	-0.572859	-5775.94	-4.92257	10.8168	0.000648007	0.423376	
484	-0.58148	-5804.81	-4.49067	10.9556	0.000718138	0.343604	
485	-0.587806	-5810.76	-4.03423	11.0511	0.000785016	0.262447	
486	-0.59181	-5793.75	-3.55541	11.1028	0.000848256	0.180225	
487	-0.59347	-5753.84	-3.05676	11.1106	0.000907488	0.0972655	
488	-0.592778	-5691.18	-2.54109	11.0745	0.000962365	0.0138971	
489	-0.589732	-5606.01	-2.01144	10.9945	0.00101257	-0.0695492	
490	-0.58434	-5498.67	-1.47097	10.871	0.00105784	-0.152742	
491	-0.57662	-5369.58	-0.922936	10.7043	0.00109792	-0.235351	
492	-0.5666	-5219.24	-0.37063	10.4953	0.00113263	-0.317048	
493	-0.554318	-5048.25	0.182673	10.2446	0.00116183	-0.397509	
494	-0.539822	-4857.3	0.733731	9.95334	0.00118543	-0.476414	
495	-0.523172	-4647.13	1.27935	9.62255	0.00120339	-0.55345	
496	-0.504436	-4418.58	1.81641	9.2536	0.00121571	-0.628313	
497	-0.483691	-4172.57	2.34188	8.84793	0.00122246	-0.700705	
498	-0.461024	-3910.06	2.85283	8.40718	0.00122373	-0.770339	
499	-0.436528	-3632.1	3.34652	7.93312	0.00121964	-0.83694	
500	-0.410304	-3339.79	3.82039	7.42763	0.00121036	-0.900245	
501	-0.382459	-3034.27	4.27214	6.89274	0.00119606	-0.960002	
502	-0.353105	-2716.77	4.69979	6.33059	0.00117691	-1.01597	
503	-0.322361	-2388.52	5.10168	5.74343	0.0011531	-1.06794	
504	-0.290349	-2050.82	5.47652	5.13359	0.00112481	-1.1157	
505	-0.257194	-1705	5.82332	4.5035	0.00109222	-1.15905	
506	-0.223029	-1352.41	6.14139	3.85566	0.00105552	-1.19783	
507	-0.187985	-994.442	6.43021	3.19262	0.0010149	-1.23189	
508	-0.152199	-632.5	6.68938	2.51701	0.000970539	-1.26108	
509	-0.115811	-268.008	6.91852	1.83149	0.000922657	-1.2853	
510	-0.078963	97.6005	7.11721	1.13876	0.000871477	-1.30444	
511	-0.041798	462.883	7.28495	0.441532	0.000817242	-1.31842	
512	-0.00446274	826.399	7.4212	-0.257444	0.000760217	-1.3272	
513	0.0328949	1186.71	7.52539	-0.955423	0.000700687	-1.33073	
514	0.0701253	1542.4	7.59701	-1.64966	0.000638956	-1.329	
515	0.107078	1892.04	7.63573	-2.33742	0.000575344	-1.32201	
516	0.143603	2234.27	7.64141	-3.01598	0.000510177	-1.30979	
517	0.179552	2567.71	7.61424	-3.68267	0.000443778	-1.29238	
518	0.214777	2891.05	7.55472	-4.33484	0.000376459	-1.26986	
519	0.249136	3203.01	7.46367	-4.96991	0.000308508	-1.24231	
520	0.28249	3502.34	7.3422	-5.58534	0.000240186	-1.20984	
521	0.314707	3787.87	7.19169	-6.17868	0.000171723	-1.17258	
522	0.34566	4058.47	7.01366	-6.74757	0.000103318	-1.13068	
523	0.375229	4313.06	6.80979	-7.28974	3.51488e-05	-1.0843	
524	0.403302	4550.64	6.58182	-7.80302	-3.26196e-05	-1.03362	
525	0.429771	4770.28	6.33154	-8.28537	-9.98234e-05	-0.978856	
526	0.454537	4971.11	6.06071	-8.73488	-0.000166291	-0.920209	
527	0.477503	5152.35	5.7711	-9.14976	-0.000231836	-0.857916	
528	0.498584	5313.29	5.46437	-9.52837	-0.000296259	-0.792221	
529	0.517697	5453.29	5.14212	-9.86922	-0.000359344	-0.723384	
530	0.534767	5571.8	4.80578	-10.171	-0.000420869	-0.651675	
531	0.549726	5668.36	4.45663	-10.4324	-0.00048061	-0.577378	
532	0.562516	5742.59	4.09581	-10.6526	-0.000538347	-0.500786	
533	0.573083	5794.2	3.72429	-10.8306	-0.000593865	-0.422202	
534	0.581384	5822.97	3.34295	-10.9657	-0.000646964	-0.341935	
535	0.587386	5828.79	2.95263	-11.0575	-0.000697452	-0.260304	
536	0.591061	5811.64	2.55419	-11.1055	-0.000745152	-0.177631	
537	0.592394	5771.57	2.14863	-11.1096	-0.000789904	-0.094244	
538	0.591379	5708.74	1.73708	-11.0698	-0.000831564	-0.0104718	
539	0.588019	5623.38	1.32087	-10.9862	-0.00087001	0.0733537	
540	0.582329	5515.83	0.901504	-10.8591	-0.000905145	0.156901	
541	0.574332	5386.5	0.480616	-10.6889	-0.00093689	0.23984	
542	0.564064	5235.91	0.0599272	-10.4765	-0.000965189	0.321841	
543	0.551567	5064.65	-0.358821	-10.2225	-0.000990002	0.402582	
544	0.536895	4873.38	-0.77392	-9.92804	-0.0010113	0.481741	
545	0.52011	4662.87	-1.18372	-9.59416	-0.00102906	0.559007	
546	0.501281	4433.94	-1.58666	-9.22219	-0.00104328	0.634072	
547	0.480487	4187.51	-1.98125	-8.8136	-0.00105395	0.706642	
548	0.457809	3924.55	-2.36606	-8.37001	-0.0010611	0.776428	
549	0.43334	3646.09	-2.73976	-7.89316	-0.00106474	0.843154	
550	0.407174	3353.26	-3.10108	-7.38495	-0.00106492	0.906559	
551	0.379415	3047.19	-3.44891	-6.84741	-0.0010617	0.966391	
552	0.35017	2729.11	-3.78233	-6.28266	-0.00105514	1.02242	
553	0.319554	2400.26	-4.10066	-5.69295	-0.00104531	1.07441	
554	0.287684	2061.95	-4.4035	-5.08064	-0.00103227	1.12217	
555	0.254686	1715.5	-4.69076	-4.44814	-0.00101608	1.16552	
556	0.220689	1362.29	-4.96257	-3.79798	-0.00099676	1.20427	
557	0.185828	1003.69	-5.21923	-3.13273	-0.000974344	1.23827	
558	0.15024	641.122	-5.46105	-2.45503	-0.000948839	1.2674	
559	0.114068	276.006	-5.68824	-1.76754	-0.000920247	1.29154	
560	0.0774532	-90.2227	-5.90078	-1.07299	-0.000888562	1.31059	
561	0.0405425	-456.125	-6.09829	-0.374118	-0.000853777	1.32447	
562	0.00348124	-820.26	-6.28005	0.326335	-0.000815886	1.33314	
563	-0.0335846	-1181.2	-6.44498	1.02561	-0.000774893	1.33655	
564	-0.0705096	-1537.51	-6.59176	1.72096	-0.000730811	1.3347	
565	-0.10715	-1887.8	-6.71895	2.40965	-0.000683678	1.32759	
566	-0.143362	-2230.67	-6.82509	3.08898	-0.000633556	1.31525	
567	-0.179006	-2564.78	-6.90885	3.75626	-0.000580539	1.29773	
568	-0.213944	-2888.8	-6.9691	4.40888	-0.000524754	1.27509	
569	-0.24804	-3201.45	-7.00492	5.04425	-0.000466358	1.24743	
570	-0.281163	-3501.48	-7.01562	5.65986	-0.000405537	1.21485	
571	-0.313185	-3787.73	-7.00067	6.25327	-0.000342493	1.17749	
572	-0.343981	-4059.04	-6.95964	6.82211	-0.000277441	1.13548	
573	-0.373432	-4314.34	-6.8922	7.36413	-0.000210605	1.08901	
574	-0.401422	-4552.64	-6.79805	7.87716	-0.000142213	1.03824	
575	-0.42784	-4772.98	-6.67696	8.35916	-7.25008e-05	0.983384	
576	-0.452582	-4974.49	-6.52882	8.8082	-1.7125e-06	0.924656	
577	-0.475549	-5156.4	-6.35369	9.22249	6.98936e-05	0.862288	
578	-0.49665	-5317.97	-6.15182	9.60038	0.000142044	0.796524	
579	-0.5158	-5458.59	-5.9237	9.94037	0.000214448	0.727625	
580	-0.532923	-5577.69	-5.67003	10.2411	0.000286803	0.655863	
581	-0.547952	-5674.82	-5.39169	10.5014	0.000358794	0.581521	
582	-0.560827	-5749.59	-5.0897	10.7202	0.000430105	0.504891	
583	-0.571497	-5801.71	-4.76511	10.8968	0.000500418	0.426276	
584	-0.57992	-5830.98	-4.41899	11.0303	0.000569419	0.345985	
585	-0.586064	-5837.29	-4.05241	11.1202	0.0006368	0.264334	
586	-0.589904	-5820.61	-3.66638	11.1663	0.000702259	0.181644	
587	-0.591423	-5781	-3.26198	11.1684	0.000765495	0.098242	
588	-0.590616	-5718.61	-2.84031	11.1263	0.000826209	0.0144545	
589	-0.587485	-5633.69	-2.40259	11.0404	0.000884099	-0.0693881	
590	-0.582042	-5526.57	-1.95017	10.9109	0.000938858	-0.152956	
591	-0.574308	-5397.67	-1.48458	10.7384	0.000990177	-0.23592	
592	-0.564313	-5247.48	-1.00752	10.5235	0.00103774	-0.317953	
593	-0.552095	-5076.6	-0.520869	10.2671	0.00108124	-0.398732	
594	-0.537704	-4885.7	-0.0266972	9.97005	0.00112038	-0.477938	
595	-0.521195	-4675.53	0.472764	9.63364	0.00115485	-0.555258	
596	-0.502632	-4446.91	0.975111	9.25914	0.00118439	-0.630389	
597	-0.482087	-4200.76	1.47778	8.84802	0.00120877	-0.703033	
598	-0.459639	-3938.04	1.97806	8.40188	0.00122778	-0.772904	
599	-0.435375	-3659.79	2.47314	7.92247	0.00124126	-0.839726	
600	-0.409387	-3367.12	2.96016	7.41167	0.00124911	-0.903238	
601	-0.381777	-3061.18	3.43627	6.87151	0.00125127	-0.963189	
602	-0.35265	-2743.18	3.89875	6.3041	0.00124772	-1.01934	
603	-0.322119	-2414.39	4.34505	5.71171	0.00123848	-1.07148	
604	-0.290304	-2076.09	4.77291	5.09666	0.0012236	-1.1194	
605	-0.257328	-1729.64	5.18035	4.46139	0.00120315	-1.1629	
606	-0.223322	-1376.39	5.56568	3.80843	0.00117721	-1.20182	
607	-0.18842	-1017.74	5.92749	3.14036	0.00114589	-1.23602	
608	-0.152761	-655.094	6.26457	2.45982	0.00110928	-1.26534	
609	-0.116488	-289.888	6.57581	1.76951	0.0010675	-1.28968	
610	-0.0797449	76.4457	6.86015	1.07214	0.00102069	-1.30894	
611	-0.0426782	442.466	7.11651	0.370478	0.000968987	-1.32306	
612	-0.00543569	806.733	7.34377	-0.332719	0.000912584	-1.33196	
613	0.0318352	1167.82	7.54073	-1.03469	0.000851698	-1.33562	
614	0.0689871	1524.29	7.70618	-1.73267	0.000786584	-1.33402	
615	0.105874	1874.76	7.83892	-2.42392	0.00071754	-1.32718	
616	0.142351	2217.84	7.93784	-3.10573	0.000644906	-1.31511	
617	0.178276	2552.18	8.00191	-3.77543	0.000569062	-1.29787	
618	0.213507	2876.45	8.0303	-4.43039	0.000490424	-1.27552	
619	0.247905	3189.38	8.02238	-5.06803	0.000409438	-1.24815	
620	0.281334	3489.73	7.9777	-5.68586	0.000326579	-1.21587	
621	0.313661	3776.31	7.89605	-6.28142	0.000242341	-1.17881	
622	0.344758	4047.98	7.77744	-6.85237	0.000157227	-1.13712	
623	0.374498	4303.68	7.62212	-7.39645	7.1746e-05	-1.09096	
624	0.402763	4542.39	7.43056	-7.9115	-1.36018e-05	-1.04051	
625	0.429439	4763.16	7.20354	-8.39547	-9.83265e-05	-0.985972	
626	0.454419	4965.12	6.9421	-8.84645	-0.000181956	-0.927562	
627	0.477603	5147.48	6.64763	-9.26263	-0.000264038	-0.865512	
628	0.498898	5309.52	6.32183	-9.64236	-0.000344141	-0.800064	
629	0.518218	5450.6	5.96678	-9.98412	-0.000421853	-0.731478	
630	0.535486	5570.17	5.58483	-10.2866	-0.000496787	-0.660024	
631	0.55063	5667.77	5.17865	-10.5485	-0.000568581	-0.585983	
632	0.56359	5743	4.75108	-10.7689	-0.000636906	-0.509647	
633	0.574312	5795.58	4.30511	-10.9468	-0.000701476	-0.431315	
634	0.582753	5825.32	3.84376	-11.0816	-0.00076205	-0.351297	
635	0.588878	5832.08	3.36996	-11.1728	-0.000818437	-0.269906	
636	0.592664	5815.86	2.88651	-11.22	-0.000870494	-0.187463	
637	0.594096	5776.71	2.39602	-11.223	-0.000918118	-0.104292	
638	0.593172	5714.8	1.90083	-11.1818	-0.000961235	-0.0207194	
639	0.589897	5630.36	1.40308	-11.0966	-0.000999785	0.0629256	
640	0.584286	5523.73	0.904666	-10.9677	-0.00103371	0.146314	
641	0.576362	5395.33	0.407354	-10.7956	-0.00106297	0.229118	
642	0.566158	5245.66	-0.0872086	-10.5811	-0.00108749	0.311012	
643	0.553714	5075.3	-0.577405	-10.3249	-0.00110724	0.391672	
644	0.539081	4884.94	-1.0616	-10.0281	-0.00112221	0.470782	
645	0.522315	4675.31	-1.53812	-9.69179	-0.00113241	0.54803	
646	0.503485	4447.24	-2.0052	-9.3173	-0.0011379	0.623111	
647	0.482664	4201.64	-2.461	-8.9061	-0.00113879	0.695729	
648	0.459937	3939.47	-2.90365	-8.45979	-0.00113524	0.765599	
649	0.435395	3661.76	-3.33122	-7.9801	-0.00112742	0.832446	
650	0.409136	3369.63	-3.74185	-7.46893	-0.00111552	0.896005	
651	0.381265	3064.22	-4.13374	-6.92827	-0.00109975	0.956029	
652	0.351894	2746.74	-4.5052	-6.36024	-0.0010803	1.01228	
653	0.321139	2418.46	-4.85477	-5.76708	-0.00105737	1.06454	
654	0.289121	2080.67	-5.18116	-5.15111	-0.00103111	1.11259	
655	0.255968	1734.71	-5.48338	-4.51478	-0.00100171	1.15626	
656	0.221811	1381.94	-5.76065	-3.86059	-0.00096933	1.19537	
657	0.186783	1023.78	-6.01245	-3.19112	-0.000934134	1.22977	
658	0.151025	661.617	-6.23845	-2.50902	-0.000896291	1.25932	
659	0.114678	296.896	-6.43847	-1.81699	-0.000855967	1.28391	
660	0.0778867	-68.9466	-6.61245	-1.11775	-0.000813322	1.30343	
661	0.0407978	-434.47	-6.76037	-0.414082	-0.000768508	1.31782	
662	0.00355937	-798.235	-6.88225	0.291252	-0.00072166	1.32702	
663	-0.03368	-1158.81	-6.97814	0.995468	-0.000672902	1.33099	
664	-0.070772	-1514.77	-7.04811	1.69579	-0.000622343	1.32972	
665	-0.10757	-1864.72	-7.09231	2.38947	-0.000570087	1.32322	
666	-0.143927	-2207.29	-7.11095	3.07377	-0.000516237	1.3115	
667	-0.179702	-2541.12	-7.10435	3.74601	-0.000460906	1.29462	
668	-0.214755	-2864.89	-7.07294	4.40354	-0.000404223	1.27264	
669	-0.248949	-3177.34	-7.01722	5.04377	-0.000346332	1.24566	
670	-0.282152	-3477.23	-6.93775	5.6642	-0.000287394	1.21377	
671	-0.314235	-3763.38	-6.83509	6.26237	-0.000227581	1.1771	
672	-0.345075	-4034.65	-6.70977	6.83592	-0.000167065	1.13581	
673	-0.374552	-4289.99	-6.56225	7.38259	-0.000106013	1.09004	
674	-0.40255	-4528.37	-6.39288	7.90021	-4.45813e-05	1.03999	
675	-0.428963	-4748.87	-6.20199	8.38672	1.70841e-05	0.985842	
676	-0.453685	-4950.61	-5.98988	8.84019	7.88439e-05	0.92782	
677	-0.47662	-5132.8	-5.7569	9.25882	0.000140556	0.86615	
678	-0.497678	-5294.73	-5.50354	9.64092	0.000202066	0.801075	
679	-0.516774	-5435.75	-5.23049	9.98497	0.0002632	0.732851	
680	-0.533834	-5555.33	-4.93872	10.2896	0.000323765	0.661749	
681	-0.548788	-5652.99	-4.62946	10.5536	0.000383548	0.588046	
682	-0.561578	-5728.36	-4.30422	10.7758	0.000442331	0.512034	
683	-0.572154	-5781.15	-3.9647	10.9555	0.000499903	0.434011	
684	-0.580473	-5811.17	-3.61276	11.0918	0.000556066	0.354284	
685	-0.586506	-5818.3	-3.25024	11.1842	0.000610649	0.273165	
686	-0.590228	-5802.54	-2.87893	11.2324	0.000663507	0.190973	
687	-0.591629	-5763.94	-2.50039	11.2362	0.000714511	0.10803	
688	-0.590706	-5702.68	-2.11597	11.1955	0.000763543	0.0246615	
689	-0.587466	-5619.01	-1.7267	11.1105	0.00081048	-0.0588068	
690	-0.581924	-5513.25	-1.33337	10.9815	0.000855186	-0.142047	
691	-0.574106	-5385.83	-0.936525	10.8091	0.0008975	-0.224733	
692	-0.564047	-5237.26	-0.536561	10.594	0.00093724	-0.306541	
693	-0.551787	-5068.12	-0.133827	10.3369	0.0009742	-0.387149	
694	-0.537377	-4879.08	0.271298	10.039	0.00100816	-0.466241	
695	-0.520875	-4670.88	0.678316	9.70143	0.00103891	-0.543507	
696	-0.502345	-4444.35	1.08656	9.32548	0.00106621	-0.618643	
697	-0.481859	-4200.37	1.49516	8.91268	0.00108987	-0.691354	
698	-0.459496	-3939.89	1.90307	8.46466	0.00110967	-0.761355	
699	-0.435342	-3663.94	2.30904	7.98321	0.00112544	-0.82837	
700	-0.40949	-3373.6	2.71169	7.47024	0.00113701	-0.892137	
701	-0.38204	-3070.01	3.10954	6.92779	0.00114423	-0.952404	
702	-0.353098	-2754.35	3.50102	6.35802	0.00114696	-1.00894	
703	-0.322776	-2427.86	3.88449	5.76322	0.00114509	-1.06151	
704	-0.291192	-2091.82	4.25823	5.14577	0.00113853	-1.10991	
705	-0.258469	-1747.53	4.62044	4.50814	0.00112721	-1.15396	
706	-0.224734	-1396.34	4.96926	3.85291	0.00111109	-1.19348	
707	-0.190118	-1039.62	5.30275	3.1827	0.00109014	-1.22831	
708	-0.154756	-678.75	5.61892	2.50022	0.00106437	-1.25831	
709	-0.118785	-315.139	5.9158	1.80822	0.00103382	-1.28337	
710	-0.0823454	49.8049	6.19149	1.10949	0.000998556	-1.30338	
711	-0.0455783	414.668	6.44422	0.406858	0.000958657	-1.31826	
712	-0.00862605	778.037	6.67241	-0.296858	0.000914233	-1.32794	
713	0.0283687	1138.51	6.87471	-0.998825	0.000865414	-1.3324	
714	0.0652637	1494.69	7.05006	-1.69623	0.000812354	-1.3316	
715	0.101918	1845.2	7.19759	-2.38627	0.000755228	-1.32554	
716	0.138191	2188.69	7.31668	-3.0662	0.000694238	-1.31424	
717	0.173947	2523.83	7.40684	-3.73331	0.000629611	-1.29775	
718	0.20905	2849.32	7.46773	-4.38496	0.000561611	-1.27611	
719	0.243366	3163.9	7.49905	-5.01857	0.000490533	-1.24941	
720	0.276767	3466.34	7.50052	-5.63164	0.000416707	-1.21775	
721	0.309125	3755.47	7.47192	-6.22178	0.000340499	-1.18124	
722	0.340316	4030.14	7.41301	-6.78668	0.000262301	-1.14002	
723	0.37022	4289.28	7.32359	-7.32415	0.000182529	-1.09425	
724	0.398719	4531.86	7.2035	-7.8321	0.00010161	-1.0441	
725	0.425704	4756.91	7.05265	-8.30859	1.99729e-05	-0.98976	
726	0.451067	4963.53	6.87105	-8.7518	-6.19554e-05	-0.931443	
727	0.474709	5150.87	6.65884	-9.16004	-0.000143759	-0.869371	
728	0.496534	5318.18	6.41635	-9.53178	-0.000225035	-0.803783	
729	0.516455	5464.76	6.14408	-9.86563	-0.000305391	-0.734932	
730	0.534392	5589.98	5.84282	-10.1604	-0.000384445	-0.663088	
731	0.550272	5693.31	5.51359	-10.4149	-0.000461822	-0.588528	
732	0.564028	5774.3	5.15775	-10.6284	-0.000537155	-0.511546	
733	0.575603	5832.55	4.77693	-10.8001	-0.000610088	-0.432443	
734	0.584947	5867.79	4.37303	-10.9294	-0.000680273	-0.351531	
735	0.592018	5879.81	3.94819	-11.0159	-0.000747381	-0.269132	
736	0.596784	5868.5	3.50469	-11.0594	-0.000811107	-0.185571	
737	0.599221	5833.83	3.04492	-11.0598	-0.000871166	-0.101183	
738	0.599312	5775.86	2.5713	-11.0173	-0.000927298	-0.0163063	
739	0.597052	5694.75	2.08619	-10.9322	-0.000979266	0.0687177	
740	0.592441	5590.74	1.59193	-10.8048	-0.00102685	0.153545	
741	0.585488	5464.17	1.09074	-10.6357	-0.00106985	0.237831	
742	0.576213	5315.47	0.584778	-10.4258	-0.00110808	0.321232	
743	0.564639	5145.14	0.0761691	-10.1758	-0.00114137	0.403407	
744	0.550802	4953.81	-0.433005	-9.88692	-0.00116956	0.484018	
745	0.534744	4742.15	-0.940665	-9.56022	-0.00119253	0.562731	
746	0.516517	4510.95	-1.44472	-9.19703	-0.0012102	0.63922	
747	0.496182	4261.08	-1.94308	-8.79877	-0.0012225	0.713167	
748	0.473806	3993.48	-2.43365	-8.36698	-0.00122941	0.784262	
749	0.44947	3709.19	-2.91437	-7.90331	-0.00123096	0.852208	
750	0.423259	3409.31	-3.38318	-7.40953	-0.00122719	0.916718	
751	0.39527	3095.03	-3.8381	-6.88749	-0.00121816	0.977518	
752	0.365608	2767.6	-4.27715	-6.33915	-0.00120396	1.03435	
753	0.334383	2428.34	-4.69842	-5.76655	-0.00118468	1.08698	
754	0.301715	2078.63	-5.09999	-5.17183	-0.00116044	1.13517	
755	0.267732	1719.9	-5.47991	-4.55719	-0.00113134	1.17873	
756	0.232566	1353.64	-5.83626	-3.92492	-0.00109752	1.21746	
757	0.196356	981.385	-6.16707	-3.27737	-0.00105911	1.2512	
758	0.159246	604.688	-6.47039	-2.61695	-0.00101629	1.2798	
759	0.121386	225.146	-6.74432	-1.94614	-0.000969255	1.30315	
760	0.0829291	-155.628	-6.98707	-1.26743	-0.000918235	1.32115	
761	0.0440326	-536.007	-7.19704	-0.583393	-0.000863503	1.33371	
762	0.00485711	-914.36	-7.37291	0.103394	-0.000805369	1.34079	
763	-0.0344337	-1289.06	-7.51368	0.790323	-0.000744172	1.34236	
764	-0.0736742	-1658.49	-7.61877	1.47477	-0.000680275	1.33842	
765	-0.112697	-2021.05	-7.68801	2.15411	-0.000614052	1.32899	
766	-0.151334	-2375.18	-7.72162	2.82572	-0.000545877	1.3141	
767	-0.189417	-2719.34	-7.72024	3.48697	-0.000476111	1.29384	
768	-0.226779	-3052.06	-7.6848	4.13529	-0.0004051	1.2683	
769	-0.263255	-3371.88	-7.61647	4.76811	-0.000333168	1.23759	
770	-0.298683	-3677.45	-7.51659	5.38291	-0.000260618	1.20185	
771	-0.332905	-3967.44	-7.38655	5.97723	-0.000187741	1.16124	
772	-0.365768	-4240.63	-7.22775	6.54866	-0.000114813	1.11594	
773	-0.397125	-4495.87	-7.04155	7.09488	-4.21064e-05	1.06617	
774	-0.426834	-4732.07	-6.82925	7.61364	3.01122e-05	1.01213	
775	-0.454764	-4948.27	-6.59207	8.10279	0.000101582	0.954061	
776	-0.480787	-5143.59	-6.33119	8.56028	0.000172052	0.892227	
777	-0.504789	-5317.24	-6.04773	8.9842	0.000241283	0.826895	
778	-0.526662	-5468.54	-5.74283	9.37275	0.000309051	0.758347	
779	-0.546308	-5596.92	-5.41766	9.72426	0.000375146	0.686881	
780	-0.563641	-5701.92	-5.07341	10.0372	0.000439376	0.612804	
781	-0.578584	-5783.18	-4.7114	10.3103	0.000501555	0.536431	
782	-0.591072	-5840.46	-4.333	10.5423	0.000561505	0.458087	
783	-0.601052	-5873.63	-3.93972	10.7322	0.000619049	0.378102	
784	-0.608482	-5882.65	-3.53316	10.8792	0.00067401	0.29681	
785	-0.613332	-5867.62	-3.11506	10.9827	0.000726215	0.21455	
786	-0.615584	-5828.71	-2.68721	11.0422	0.000775493	0.131659	
787	-0.615234	-5766.23	-2.2515	11.0575	0.000821686	0.0484776	
788	-0.612288	-5680.56	-1.80986	11.0286	0.000864647	-0.0346581	
789	-0.606767	-5572.17	-1.36426	10.9557	0.000904248	-0.117413	
790	-0.598702	-5441.65	-0.916673	10.8391	0.000940382	-0.199459	
791	-0.588135	-5289.65	-0.469043	10.6794	0.00097296	-0.280469	
792	-0.575123	-5116.9	-0.023293	10.4773	0.00100191	-0.360127	
793	-0.559731	-4924.23	0.418703	10.2339	0.00102717	-0.438124	
794	-0.542035	-4712.52	0.855137	9.95026	0.0010487	-0.514159	
795	-0.522121	-4482.7	1.28428	9.62767	0.00106645	-0.587942	
796	-0.500084	-4235.8	1.70451	9.26762	0.00108038	-0.659192	
797	-0.476029	-3972.86	2.11433	8.87171	0.00109045	-0.727643	
798	-0.450067	-3695.01	2.51239	8.44169	0.00109662	-0.793039	
799	-0.422317	-3403.39	2.8975	7.97945	0.00109888	-0.855139	
800	-0.392906	-3099.21	3.26866	7.48695	0.00109718	-0.913714	
801	-0.361966	-2783.69	3.62501	6.96628	0.00109154	-0.968551	
802	-0.329635	-2458.1	3.96588	6.41961	0.00108196	-1.01945	
803	-0.296055	-2123.72	4.29068	5.84919	0.00106847	-1.06623	
804	-0.261374	-1781.88	4.59891	5.25731	0.00105114	-1.10873	
805	-0.225742	-1433.91	4.89006	4.64633	0.00103002	-1.14679	
806	-0.189311	-1081.15	5.16358	4.01864	0.00100523	-1.18028	
807	-0.152237	-724.969	5.41887	3.37667	0.000976877	-1.20909	
808	-0.114675	-366.734	5.6552	2.72286	0.00094508	-1.23312	
809	-0.0767812	-7.81773	5.87174	2.05967	0.000909975	-1.25228	
810	-0.0387113	350.406	6.06762	1.38955	0.000871696	-1.26653	
811	-0.000620583	706.57	6.24194	0.714975	0.000830381	-1.2758	
812	0.0373371	1059.31	6.39387	0.0383773	0.00078617	-1.28009	
813	0.0750098	1407.28	6.5227	-0.637807	0.000739207	-1.27938	
814	0.112247	1749.15	6.62791	-1.31116	0.000689642	-1.27368	
815	0.148903	2083.61	6.70921	-1.97931	0.000637634	-1.26303	
816	0.184833	2409.37	6.76658	-2.63988	0.000583352	-1.24748	
817	0.219897	2725.18	6.80021	-3.29054	0.000526974	-1.22709	
818	0.25396	3029.82	6.81052	-3.92901	0.000468685	-1.20196	
819	0.286893	3322.12	6.79805	-4.55301	0.000408673	-1.17218	
820	0.31857	3600.92	6.76343	-5.16034	0.000347129	-1.13789	
821	0.348873	3865.16	6.70728	-5.74882	0.000284239	-1.09921	
822	0.377691	4113.79	6.63021	-6.31632	0.000220188	-1.05631	
823	0.404916	4345.84	6.53272	-6.86076	0.000155158	-1.00936	
824	0.43045	4560.41	6.41523	-7.38014	8.93338e-05	-0.95856	
825	0.4542	4756.64	6.2781	-7.87247	2.29076e-05	-0.904102	
826	0.476079	4933.78	6.12159	-8.33589	-4.39214e-05	-0.846212	
827	0.496009	5091.12	5.94594	-8.76856	-0.000110944	-0.785121	
828	0.513915	5228.05	5.75134	-9.16874	-0.000177945	-0.721078	
829	0.529735	5344.06	5.53798	-9.53479	-0.000244703	-0.654339	
830	0.543412	5438.68	5.30603	-9.86516	-0.000311001	-0.585173	
831	0.554897	5511.58	5.05563	-10.1584	-0.000376625	-0.513859	
832	0.564151	5562.5	4.78687	-10.4132	-0.000441368	-0.440684	
833	0.571145	5591.26	4.49984	-10.6283	-0.00050503	-0.365941	
834	0.575856	5597.81	4.19457	-10.8028	-0.000567408	-0.289929	
835	0.578273	5582.16	3.87117	-10.9356	-0.000628293	-0.212953	
836	0.578392	5544.45	3.5298	-11.0261	-0.000687461	-0.13532	
837	0.576217	5484.87	3.17079	-11.0736	-0.000744672	-0.0573378	
838	0.571762	5403.74	2.7947	-11.0779	-0.000799667	0.0206835	
839	0.56505	5301.47	2.40238	-11.0387	-0.000852173	0.0984363	
840	0.55611	5178.52	1.99501	-10.956	-0.000901912	0.175615	
841	0.544982	5035.48	1.57408	-10.83	-0.000948607	0.251918	
842	0.531714	4872.98	1.14139	-10.6611	-0.000991995	0.327048	
843	0.516363	4691.77	0.69897	-10.4498	-0.00103183	0.400715	
844	0.498993	4492.62	0.249007	-10.1971	-0.00106787	0.472635	
845	0.479677	4276.4	-0.206227	-9.90385	-0.00109992	0.542534	
846	0.458497	4044.03	-0.664456	-9.57125	-0.00112777	0.610148	
847	0.435539	3796.5	-1.12345	-9.20066	-0.00115124	0.675221	
848	0.4109	3534.82	-1.58107	-8.7936	-0.00117015	0.737511	
849	0.384681	3260.09	-2.03528	-8.35176	-0.00118433	0.796787	
850	0.35699	2973.42	-2.48415	-7.87698	-0.00119364	0.852834	
851	0.327942	2675.95	-2.92586	-7.3712	-0.00119796	0.905447	
852	0.297655	2368.89	-3.35867	-6.83653	-0.0011972	0.954439	
853	0.266257	2053.43	-3.78095	-6.27514	-0.00119129	0.999636	
854	0.233878	1730.83	-4.19109	-5.68932	-0.00118022	1.04088	
855	0.200653	1402.32	-4.58756	-5.08144	-0.001164	1.07803	
856	0.166722	1069.2	-4.96883	-4.4539	-0.00114266	1.11097	
857	0.132226	732.721	-5.33336	-3.80919	-0.00111626	1.13957	
858	0.0973107	394.188	-5.67956	-3.14982	-0.00108488	1.16376	
859	0.0621213	54.8876	-6.00577	-2.47833	-0.0010486	1.18345	
860	0.0268042	-283.892	-6.31025	-1.79728	-0.00100753	1.19859	
861	-0.00849475	-620.868	-6.59118	-1.10923	-0.000961788	1.20914	
862	-0.0436307	-954.765	-6.84671	-0.416754	-0.000911536	1.21508	
863	-0.0784606	-1284.32	-7.075	0.277592	-0.000856952	1.21639	
864	-0.112844	-1608.29	-7.27432	0.971261	-0.000798252	1.21309	
865	-0.146643	-1925.46	-7.44308	1.66173	-0.000735683	1.2052	
866	-0.179723	-2234.62	-7.57994	2.34649	-0.000669521	1.19277	
867	-0.211956	-2534.62	-7.68384	3.02306	-0.000600064	1.17586	
868	-0.243216	-2824.31	-7.754	3.68901	-0.00052763	1.15453	
869	-0.273384	-3102.6	-7.78994	4.34193	-0.000452552	1.12889	
870	-0.302347	-3368.44	-7.79142	4.97943	-0.000375178	1.09904	
871	-0.329998	-3620.82	-7.75841	5.5992	-0.000295875	1.06509	
872	-0.356236	-3858.79	-7.69108	6.19894	-0.00021503	1.02719	
873	-0.380968	-4081.44	-7.58971	6.77644	-0.00013305	0.985472	
874	-0.404109	-4287.93	-7.45473	7.3295	-5.03654e-05	0.940111	
875	-0.425579	-4477.48	-7.28671	7.85602	3.2578e-05	0.891277	
876	-0.445307	-4649.37	-7.08641	8.35394	0.000115326	0.839158	
877	-0.46323	-4802.95	-6.85477	8.82129	0.000197428	0.783951	
878	-0.479291	-4937.65	-6.59297	9.25619	0.000278449	0.725867	
879	-0.493444	-5052.97	-6.30242	9.65682	0.000357978	0.665126	
880	-0.505647	-5148.47	-5.9847	10.0215	0.000435638	0.601957	
881	-0.515869	-5223.82	-5.64158	10.3486	0.000511089	0.536599	
882	-0.524083	-5278.75	-5.27488	10.6368	0.00058402	0.469298	
883	-0.530273	-5313.08	-4.88647	10.8846	0.000654146	0.400309	
884	-0.534426	-5326.71	-4.47815	11.0908	0.000721195	0.329891	
885	-0.536539	-5319.62	-4.05166	11.2545	0.000784902	0.258312	
886	-0.536611	-5291.89	-3.60869	11.3748	0.000845	0.185843	
887	-0.534651	-5243.67	-3.15087	11.451	0.00090122	0.112757	
888	-0.530671	-5175.19	-2.67987	11.4827	0.000953292	0.0393331	
889	-0.52469	-5086.77	-2.19749	11.4694	0.00100096	-0.0341501	
890	-0.516731	-4978.81	-1.70566	11.4111	0.00104397	-0.107413	
891	-0.506824	-4851.78	-1.20656	11.3079	0.00108211	-0.180175	
892	-0.495006	-4706.22	-0.702593	11.1601	0.0011152	-0.25216	
893	-0.481316	-4542.76	-0.196367	10.9682	0.00114309	-0.323092	
894	-0.465804	-4362.08	0.30938	10.7329	0.00116569	-0.392699	
895	-0.44852	-4164.92	0.811858	10.455	0.00118292	-0.460717	
896	-0.429526	-3952.11	1.30833	10.1358	0.00119475	-0.526884	
897	-0.408886	-3724.5	1.7962	9.77631	0.0012012	-0.590947	
898	-0.386671	-3483.02	2.27307	9.37812	0.0012023	-0.652663	
899	-0.36296	-3228.65	2.73681	8.94277	0.00119813	-0.711796	
900	-0.337838	-2962.38	3.18556	8.47198	0.0011888	-0.768121	
901	-0.311395	-2685.29	3.6177	7.96762	0.00117444	-0.821425	
902	-0.283731	-2398.45	4.03183	7.43166	0.00115522	-0.871507	
903	-0.254952	-2103.01	4.42676	6.8662	0.00113135	-0.918179	
904	-0.225171	-1800.12	4.80146	6.27342	0.00110304	-0.961266	
905	-0.194507	-1490.96	5.155	5.65557	0.00107053	-1.00061	
906	-0.163086	-1176.74	5.48659	5.01499	0.00103405	-1.03607	
907	-0.13104	-858.671	5.79551	4.35407	0.000993849	-1.06751	
908	-0.0985035	-537.994	6.08109	3.67527	0.00095018	-1.09482	
909	-0.0656179	-215.954	6.34273	2.98107	0.000903287	-1.11792	
910	-0.0325262	106.202	6.57985	2.27401	0.000853418	-1.13671	
911	0.000626215	427.224	6.79185	1.55666	0.000800822	-1.15115	
912	0.0336922	745.87	6.97813	0.831598	0.000745749	-1.16119	
913	0.0665244	1060.9	7.13807	0.101458	0.000688451	-1.16681	
914	0.0989757	1371.11	7.27103	-0.631121	0.000629183	-1.16799	
915	0.130901	1675.28	7.37637	-1.36348	0.000568198	-1.16476	
916	0.162157	1972.25	7.45347	-2.09294	0.000505753	-1.15714	
917	0.192605	2260.86	7.50178	-2.81682	0.000442101	-1.14518	
918	0.222112	2540.02	7.52082	-3.53242	0.000377493	-1.12894	
919	0.25055	2808.64	7.51025	-4.23705	0.000312176	-1.1085	
920	0.277799	3065.72	7.46984	-4.92802	0.000246395	-1.08396	
921	0.303749	3310.26	7.39954	-5.60265	0.000180388	-1.05542	
922	0.328296	3541.35	7.29948	-6.2583	0.000114391	-1.02302	
923	0.351348	3758.13	7.17	-6.89233	4.86371e-05	-0.986891	
924	0.372822	3959.8	7.01166	-7.50217	-1.66479e-05	-0.947184	
925	0.392646	4145.62	6.8253	-8.08528	-8.12447e-05	-0.904066	
926	0.410756	4314.93	6.61203	-8.63921	-0.000144946	-0.857714	
927	0.427101	4467.12	6.37329	-9.16157	-0.000207561	-0.808313	
928	0.441638	4601.68	6.11075	-9.65007	-0.000268921	-0.756061	
929	0.454334	4718.16	5.82636	-10.1025	-0.000328882	-0.701164	
930	0.465168	4816.18	5.5222	-10.5169	-0.000387328	-0.643836	
931	0.474126	4895.47	5.20046	-10.8913	-0.000444168	-0.584298	
932	0.481202	4955.79	4.86327	-11.2238	-0.000499328	-0.522778	
933	0.4864	4997.03	4.51265	-11.513	-0.000552748	-0.459508	
934	0.489729	5019.11	4.15039	-11.7573	-0.000604368	-0.394727	
935	0.491205	5022.07	3.77807	-11.9555	-0.000654121	-0.328675	
936	0.490847	5006	3.39699	-12.1067	-0.00070193	-0.261595	
937	0.488681	4971.07	3.00822	-12.2098	-0.000747699	-0.193734	
938	0.484735	4917.54	2.61265	-12.2644	-0.000791317	-0.125336	
939	0.479043	4845.72	2.21105	-12.2699	-0.000832661	-0.0566487	
940	0.47164	4756.01	1.80414	-12.2263	-0.000871599	0.0120838	
941	0.462565	4648.86	1.3926	-12.1335	-0.000907994	0.0806183	
942	0.451861	4524.79	0.977173	-11.9917	-0.000941708	0.148714	
943	0.439574	4384.38	0.558622	-11.8016	-0.000972599	0.216135	
944	0.425751	4228.27	0.137759	-11.5637	-0.00100053	0.282646	
945	0.410446	4057.14	-0.284572	-11.279	-0.00102534	0.348022	
946	0.393713	3871.73	-0.707505	-10.9485	-0.00104689	0.412039	
947	0.375611	3672.83	-1.13016	-10.5736	-0.00106503	0.47448	
948	0.356203	3461.24	-1.55163	-10.1557	-0.0010796	0.535137	
949	0.335555	3237.83	-1.971	-9.69643	-0.00109044	0.593808	
950	0.313739	3003.48	-2.38731	-9.19767	-0.00109744	0.650296	
951	0.290833	2759.09	-2.79954	-8.66136	-0.00110047	0.704418	
952	0.266918	2505.6	-3.2066	-8.08962	-0.00109945	0.755994	
953	0.242081	2243.97	-3.60732	-7.4847	-0.00109432	0.804856	
954	0.216415	1975.16	-4.00042	-6.84896	-0.00108506	0.850844	
955	0.190017	1700.14	-4.38454	-6.18489	-0.00107165	0.893809	
956	0.16299	1419.9	-4.7582	-5.49507	-0.00105412	0.93361	
957	0.13544	1135.42	-5.11985	-4.7822	-0.0010325	0.970118	
958	0.107477	847.696	-5.46782	-4.04905	-0.00100684	1.00321	
959	0.0792158	557.714	-5.80042	-3.29845	-0.000977183	1.03278	
960	0.0507716	266.457	-6.11586	-2.53333	-0.000943582	1.05873	
961	0.0222632	-25.0992	-6.41233	-1.75666	-0.000906098	1.08096	
962	-0.00618983	-315.985	-6.68801	-0.971473	-0.000864799	1.09941	
963	-0.034468	-605.242	-6.94108	-0.180837	-0.000819771	1.114	
964	-0.0624525	-891.924	-7.16971	0.61215	-0.000771119	1.12467	
965	-0.0900268	-1175.09	-7.37217	1.40437	-0.000718965	1.1314	
966	-0.117078	-1453.84	-7.54676	2.19269	-0.000663455	1.13413	
967	-0.143496	-1727.24	-7.6919	2.97399	-0.000604753	1.13285	
968	-0.169179	-1994.43	-7.8061	3.74517	-0.000543038	1.12756	
969	-0.19403	-2254.53	-7.88807	4.50316	-0.000478509	1.11825	
970	-0.217958	-2506.69	-7.93667	5.24492	-0.000411378	1.10494	
971	-0.240883	-2750.08	-7.95099	5.96749	-0.000341874	1.08766	
972	-0.262732	-2983.9	-7.93039	6.66798	-0.000270246	1.06645	
973	-0.283439	-3207.35	-7.8745	7.34359	-0.000196764	1.04137	
974	-0.30295	-3419.68	-7.78331	7.99162	-0.000121726	1.01248	
975	-0.321216	-3620.15	-7.6571	8.60949	-4.54543e-05	0.979855	
976	-0.338199	-3808.05	-7.49654	9.19475	3.17018e-05	0.943599	
977	-0.353866	-3982.7	-7.30264	9.74506	0.000109367	0.903816	
978	-0.368195	-4143.46	-7.07672	10.2583	0.000187147	0.860625	
979	-0.381165	-4289.72	-6.82039	10.7323	0.000264635	0.814161	
980	-0.392766	-4420.88	-6.53547	11.1654	0.000341419	0.76457	
981	-0.402988	-4536.43	-6.22397	11.5559	0.000417096	0.712012	
982	-0.411828	-4635.87	-5.88794	11.9021	0.000491278	0.656659	
983	-0.419286	-4718.74	-5.52944	12.2027	0.000563597	0.598695	
984	-0.425366	-4784.66	-5.15045	12.4566	0.00063371	0.538317	
985	-0.430071	-4833.27	-4.7528	12.6628	0.0007013	0.475732	
986	-0.433407	-4864.29	-4.3381	12.8203	0.000766067	0.411159	
987	-0.435383	-4877.5	-3.90778	12.9285	0.000827725	0.344827	
988	-0.436004	-4872.72	-3.46301	12.9869	0.000885998	0.276972	
989	-0.435277	-4849.87	-3.00483	12.9952	0.000940612	0.207842	
990	-0.433208	-4808.91	-2.5341	12.9531	0.000991301	0.13769	
991	-0.429803	-4749.89	-2.05165	12.8607	0.0010378	0.0667759	
992	-0.425066	-4672.93	-1.55831	12.7181	0.00107988	-0.00463405	
993	-0.419	-4578.21	-1.055	12.5256	0.00111729	-0.0762699	
994	-0.411611	-4466.01	-0.542783	12.2836	0.00114985	-0.147858	
995	-0.402903	-4336.67	-0.0228938	11.9928	0.00117738	-0.219124	
996	-0.39288	-4190.6	0.503209	11.6541	0.00119973	-0.289792	
997	-0.38155	-4028.29	1.03384	11.2684	0.00121678	-0.359584	
998	-0.36892	-3850.32	1.5671	10.8369	0.00122845	-0.428229	
999	-0.355003	-3657.31	2.10085	10.361	0.00123465	-0.495453	
1000	-0.339813	-3449.96	2.63275	9.84205	0.00123534	-0.560991	
1001	-0.323369	-3229.04	3.16025	9.28193	0.0012305	-0.62458	
1002	-0.305695	-2995.37	3.6806	8.6825	0.00122013	-0.685966	
1003	-0.28682	-2749.84	4.19088	8.04585	0.00120428	-0.744901	
1004	-0.266782	-2493.37	4.68804	7.37426	0.00118301	-0.801147	
1005	-0.245624	-2226.96	5.16891	6.6702	0.00115645	-0.854475	
1006	-0.223399	-1951.61	5.63027	5.9363	0.00112474	-0.904668	
1007	-0.200166	-1668.41	6.06893	5.17539	0.00108806	-0.951521	
1008	-0.175994	-1378.43	6.48183	4.39044	0.00104663	-0.994843	
1009	-0.150962	-1082.81	6.86609	3.58457	0.00100068	-1.03446	
1010	-0.125157	-782.684	7.21914	2.76105	0.00095048	-1.0702	
1011	-0.0986732	-479.228	7.53877	1.92327	0.000896312	-1.10192	
1012	-0.0716148	-173.616	7.82318	1.07473	0.000838488	-1.12949	
1013	-0.0440925	132.968	8.071	0.218983	0.000777333	-1.15279	
1014	-0.0162235	439.335	8.28128	-0.640309	0.000713186	-1.17173	
1015	0.0118692	744.299	8.45344	-1.49947	0.000646386	-1.18623	
1016	0.0400582	1046.68	8.58718	-2.35478	0.000577273	-1.19623	
1017	0.0682129	1345.32	8.68244	-3.20255	0.00050618	-1.20167	
1018	0.0962007	1639.07	8.7393	-4.03911	0.000433428	-1.20255	
1019	0.123888	1926.79	8.7579	-4.86082	0.000359333	-1.19884	
1020	0.151144	2207.39	8.73846	-5.66414	0.000284204	-1.19056	
1021	0.177837	2479.8	8.68123	-6.44562	0.000208352	-1.17774	
1022	0.20384	2742.98	8.58654	-7.20193	0.000132095	-1.16042	
1023	0.229032	2995.93	8.45484	-7.92985	5.57552e-05	-1.13867	
1024	0.253296	3237.71	8.28674	-8.62634	-2.03343e-05	-1.11256	
1025	0.276525	3467.39	8.08307	-9.28853	-9.58388e-05	-1.08219	
1026	0.298616	3684.12	7.84492	-9.9137	-0.000170426	-1.04768	
1027	0.319478	3887.08	7.57358	-10.4993	-0.000243773	-1.00914	
1028	0.339028	4075.52	7.27059	-11.0431	-0.000315575	-0.966723	
1029	0.357193	4248.74	6.93764	-11.5429	-0.000385543	-0.920579	
1030	0.373909	4406.07	6.57653	-11.9968	-0.000453414	-0.870877	
1031	0.389122	4546.94	6.18914	-12.4032	-0.000518943	-0.817798	
1032	0.402788	4670.82	5.77736	-12.7604	-0.000581904	-0.761535	
1033	0.41487	4777.22	5.3431	-13.0672	-0.000642086	-0.702291	
1034	0.425339	4865.74	4.88829	-13.3224	-0.00069929	-0.640281	
1035	0.434175	4936.04	4.4149	-13.5253	-0.000753334	-0.57573	
1036	0.441364	4987.81	3.92496	-13.675	-0.000804046	-0.508873	
1037	0.446898	5020.85	3.42062	-13.7711	-0.000851276	-0.439951	
1038	0.450775	5034.98	2.9041	-13.8132	-0.00089489	-0.369216	
1039	0.453	5030.12	2.3777	-13.8011	-0.00093478	-0.296927	
1040	0.453579	5006.22	1.84382	-13.7349	-0.000970858	-0.223348	
1041	0.452525	4963.32	1.30486	-13.6148	-0.00100306	-0.148751	
1042	0.449853	4901.53	0.763221	-13.4412	-0.00103134	-0.0734127	
1043	0.445582	4821.01	0.221247	-13.2145	-0.00105567	0.00238706	
1044	0.439731	4722	-0.318776	-12.9357	-0.00107603	0.0783637	
1045	0.432325	4604.81	-0.854644	-12.6056	-0.00109241	0.15423	
1046	0.423391	4469.8	-1.38423	-12.2252	-0.00110482	0.229699	
1047	0.412956	4317.43	-1.90548	-11.7959	-0.00111325	0.30448	
1048	0.401052	4148.2	-2.4164	-11.3192	-0.00111771	0.378285	
1049	0.387716	3962.71	-2.91505	-10.7966	-0.0011182	0.450828	
1050	0.372985	3761.6	-3.39955	-10.23	-0.00111471	0.521823	
1051	0.356902	3545.6	-3.86808	-9.62149	-0.00110724	0.590991	
1052	0.339512	3315.5	-4.31889	-8.97318	-0.00109578	0.658057	
1053	0.320866	3072.14	-4.75032	-8.28745	-0.00108032	0.722752	
1054	0.301019	2816.44	-5.1608	-7.56687	-0.00106087	0.784816	
1055	0.280031	2549.38	-5.54886	-6.81414	-0.00103744	0.843998	
1056	0.257964	2271.99	-5.91313	-6.03213	-0.0010101	0.900055	
1057	0.234889	1985.33	-6.25239	-5.22388	-0.000978919	0.952757	
1058	0.21088	1690.53	-6.56554	-4.39254	-0.000944024	1.00189	
1059	0.186015	1388.75	-6.85167	-3.5414	-0.000905571	1.04725	
1060	0.160381	1081.2	-7.11003	-2.67386	-0.000863753	1.08864	
1061	0.134065	769.084	-7.34009	-1.79343	-0.00081879	1.12589	
1062	0.107161	453.659	-7.54157	-0.903688	-0.000770917	1.15885	
1063	0.0797671	136.182	-7.7144	-0.00827335	-0.000720383	1.18738	
1064	0.0519833	-182.08	-7.85872	0.889118	-0.000667434	1.21135	
1065	0.0239132	-499.862	-7.97482	1.78477	-0.00061231	1.23066	
1066	-0.00433724	-815.899	-8.06312	2.67495	-0.000555237	1.24523	
1067	-0.0326606	-1128.94	-8.12406	3.55594	-0.000496427	1.25499	
1068	-0.0609482	-1437.76	-8.15802	4.42407	-0.000436071	1.2599	
1069	-0.0890906	-1741.14	-8.16529	5.27569	-0.000374348	1.25993	
1070	-0.116978	-2037.91	-8.146	6.10725	-0.000311424	1.25507	
1071	-0.144502	-2326.92	-8.10013	6.91527	-0.000247462	1.24533	
1072	-0.171553	-2607.06	-8.0275	7.69639	-0.000182628	1.23076	
1073	-0.198025	-2877.27	-7.92786	8.44736	-0.000117095	1.2114	
1074	-0.223812	-3136.51	-7.8009	9.16508	-5.10492e-05	1.18733	
1075	-0.248811	-3383.82	-7.64638	9.84661	1.53096e-05	1.15863	
1076	-0.272922	-3618.27	-7.46415	10.4892	8.17699e-05	1.12541	
1077	-0.296046	-3838.98	-7.25423	11.0902	0.000148111	1.08781	
1078	-0.318089	-4045.11	-7.0168	11.6472	0.000214107	1.04595	
1079	-0.338959	-4235.91	-6.75223	12.158	0.000279528	1.00001	
1080	-0.358567	-4410.65	-6.46107	12.6206	0.000344143	0.950157	
1081	-0.376828	-4568.67	-6.14403	13.0332	0.00040772	0.896583	
1082	-0.393661	-4709.36	-5.80198	13.3942	0.000470024	0.839494	
1083	-0.408989	-4832.17	-5.43592	13.7022	0.000530816	0.779108	
1084	-0.422741	-4936.61	-5.04701	13.9561	0.00058986	0.715657	
1085	-0.434852	-5022.26	-4.6366	14.1549	0.000646917	0.649383	
1086	-0.445262	-5088.75	-4.2062	14.298	0.000701761	0.58054	
1087	-0.453922	-5135.79	-3.75755	14.3847	0.000754173	0.509392	
1088	-0.460789	-5163.14	-3.29256	14.4148	0.000803952	0.436211	
1089	-0.465831	-5170.64	-2.81327	14.3881	0.000850913	0.361275	
1090	-0.469022	-5158.21	-2.32188	14.3049	0.00089489	0.284872	
1091	-0.47035	-5125.83	-1.82057	14.1652	0.000935734	0.207292	
1092	-0.46981	-5073.58	-1.31155	13.9698	0.000973309	0.128832	
1093	-0.46741	-5001.6	-0.796874	13.7192	0.00100749	0.0497909	
1094	-0.463166	-4910.11	-0.278492	13.4143	0.00103816	-0.0295305	
1095	-0.457103	-4799.43	0.241833	13.0562	0.00106521	-0.10883	
1096	-0.449259	-4669.94	0.7625	12.6463	0.00108854	-0.187805	
1097	-0.439675	-4522.12	1.28205	12.1858	0.00110804	-0.266154	
1098	-0.428405	-4356.53	1.7991	11.6765	0.00112361	-0.34358	
1099	-0.415506	-4173.78	2.31231	11.1203	0.00113514	-0.419787	
1100	-0.401043	-3974.59	2.82029	10.519	0.00114254	-0.494483	
1101	-0.385083	-3759.74	3.32155	9.87503	0.00114568	-0.567383	
1102	-0.367699	-3530.07	3.81448	9.19065	0.00114448	-0.638208	
1103	-0.348964	-3286.49	4.29727	8.46846	0.00113883	-0.706685	
1104	-0.328956	-3029.97	4.76795	7.71119	0.00112867	-0.77255	
1105	-0.307752	-2761.52	5.22441	6.92174	0.00111393	-0.835549	
1106	-0.285431	-2482.2	5.66437	6.10316	0.00109458	-0.895436	
1107	-0.262072	-2193.13	6.08548	5.25866	0.00107063	-0.951977	
1108	-0.237756	-1895.43	6.48535	4.39156	0.0010421	-1.00495	
1109	-0.212564	-1590.29	6.86161	3.50534	0.00100906	-1.05414	
1110	-0.186577	-1278.88	7.21199	2.60353	0.00097158	-1.09936	
1111	-0.159878	-962.424	7.53437	1.68979	0.000929791	-1.14042	
1112	-0.132552	-642.138	7.82683	0.767845	0.000883833	-1.17715	
1113	-0.104685	-319.257	8.08768	-0.158546	0.000833881	-1.2094	
1114	-0.0763662	4.98142	8.31555	-1.08558	0.000780131	-1.23703	
1115	-0.0476861	329.338	8.5093	-2.00945	0.000722806	-1.25993	
1116	-0.0187396	652.574	8.66812	-2.92634	0.000662144	-1.27799	
1117	0.0103752	973.457	8.79141	-3.8325	0.000598398	-1.29112	
1118	0.0395564	1290.76	8.87883	-4.72419	0.000531827	-1.29928	
1119	0.0686981	1603.28	8.93021	-5.59776	0.000462695	-1.3024	
1120	0.0976907	1909.81	8.94554	-6.44965	0.000391267	-1.30046	
1121	0.126421	2209.18	8.92493	-7.2764	0.000317809	-1.29346	
1122	0.154773	2500.22	8.86862	-8.07467	0.000242594	-1.28142	
1123	0.182627	2781.8	8.77694	-8.84125	0.000165902	-1.26436	
1124	0.209864	3052.83	8.65031	-9.57308	8.80274e-05	-1.24236	
1125	0.236364	3312.24	8.48923	-10.2673	9.28268e-06	-1.21547	
1126	0.262007	3558.99	8.29426	-10.9211	-7.00015e-05	-1.1838	
1127	0.286676	3792.11	8.06602	-11.532	-0.000149475	-1.14747	
1128	0.310254	4010.66	7.80514	-12.0976	-0.000228771	-1.10662	
1129	0.332632	4213.76	7.51225	-12.6158	-0.000307506	-1.06139	
1130	0.353704	4400.59	7.18793	-13.0845	-0.000385286	-1.01196	
1131	0.37337	4570.39	6.83278	-13.5019	-0.000461709	-0.958517	
1132	0.391539	4722.47	6.44737	-13.8665	-0.000536369	-0.901275	
1133	0.408127	4856.22	6.03229	-14.1768	-0.00060886	-0.840454	
1134	0.42306	4971.09	5.58828	-14.4317	-0.000678777	-0.776289	
1135	0.436275	5066.61	5.11622	-14.6301	-0.000745727	-0.709031	
1136	0.447719	5142.41	4.6173	-14.7713	-0.000809331	-0.638943	
1137	0.45735	5198.18	4.09302	-14.8547	-0.000869232	-0.566299	
1138	0.465136	5233.71	3.54532	-14.8798	-0.000925098	-0.491383	
1139	0.471057	5248.87	2.97656	-14.8466	-0.000976633	-0.414489	
1140	0.475101	5243.59	2.3895	-14.7551	-0.00102358	-0.335916	
1141	0.477267	5217.93	1.78732	-14.6055	-0.00106571	-0.255972	
1142	0.477561	5171.98	1.17346	-14.3982	-0.00110285	-0.174969	
1143	0.475998	5105.94	0.551591	-14.1339	-0.00113486	-0.0932246	
1144	0.4726	5020.08	-0.0745003	-13.8136	-0.00116165	-0.0110581	
1145	0.467396	4914.74	-0.701022	-13.4383	-0.00118315	0.071209	
1146	0.460419	4790.34	-1.32424	-13.0094	-0.00119932	0.153255	
1147	0.451711	4647.36	-1.94053	-12.5284	-0.00121018	0.234758	
1148	0.441315	4486.35	-2.54644	-11.997	-0.00121572	0.315399	
1149	0.429281	4307.94	-3.13865	-11.4173	-0.00121601	0.394862	
1150	0.415662	4112.8	-3.71405	-10.7914	-0.00121109	0.472833	
1151	0.400513	3901.66	-4.26967	-10.1217	-0.00120103	0.549008	
1152	0.383894	3675.33	-4.80276	-9.41092	-0.00118594	0.623086	
1153	0.365868	3434.66	-5.31072	-8.66169	-0.0011659	0.694775	
1154	0.346499	3180.56	-5.7912	-7.87703	-0.00114103	0.763792	
1155	0.325854	2913.99	-6.24206	-7.06005	-0.00111149	0.829864	
1156	0.304007	2635.95	-6.66147	-6.21403	-0.00107742	0.892732	
1157	0.281029	2347.51	-7.04789	-5.34236	-0.00103899	0.952145	
1158	0.256999	2049.75	-7.40007	-4.44856	-0.000996419	1.00787	
1159	0.231995	1743.84	-7.71712	-3.53625	-0.000949904	1.05968	
1160	0.206102	1430.94	-7.99843	-2.60911	-0.000899682	1.10739	
1161	0.179405	1112.28	-8.24364	-1.67089	-0.000845995	1.15078	
1162	0.151992	789.095	-8.45268	-0.725387	-0.000789101	1.18971	
1163	0.123954	462.658	-8.62562	0.223598	-0.000729269	1.22401	
1164	0.0953847	134.257	-8.76272	1.17225	-0.000666784	1.25354	
1165	0.0663799	-194.805	-8.86433	2.11678	-0.000601943	1.2782	
1166	0.0370382	-523.219	-8.93093	3.05342	-0.000535065	1.29789	
1167	0.0074606	-849.677	-8.96305	3.97846	-0.000466481	1.31252	
1168	-0.0222494	-1172.87	-8.96129	4.88825	-0.00039654	1.32206	
1169	-0.0519859	-1491.52	-8.9263	5.77921	-0.000325594	1.32645	
1170	-0.0816408	-1804.35	-8.85879	6.64785	-0.000253998	1.32569	
1171	-0.111104	-2110.12	-8.75947	7.49079	-0.000182096	1.31978	
1172	-0.140263	-2407.62	-8.62909	8.30475	-0.000110214	1.30874	
1173	-0.169005	-2695.67	-8.46838	9.08656	-3.86577e-05	1.29263	
1174	-0.197214	-2973.16	-8.27806	9.8332	3.22947e-05	1.27151	
1175	-0.224773	-3238.99	-8.05882	10.5418	0.00010239	1.24545	
1176	-0.251566	-3492.15	-7.81134	11.2095	0.000171399	1.21457	
1177	-0.277475	-3731.66	-7.53627	11.8338	0.000239112	1.17898	
1178	-0.302382	-3956.62	-7.23426	12.4122	0.000305335	1.13883	
1179	-0.32617	-4166.16	-6.90599	12.9424	0.000369885	1.09427	
1180	-0.348726	-4359.51	-6.55217	13.4224	0.000432588	1.04547	
1181	-0.369939	-4535.94	-6.17358	13.8501	0.000493275	0.992623	
1182	-0.389699	-4694.79	-5.77109	14.224	0.000551781	0.93593	
1183	-0.407906	-4835.45	-5.34569	14.5424	0.00060794	0.87561	
1184	-0.424462	-4957.41	-4.89853	14.8039	0.000661587	0.811894	
1185	-0.439279	-5060.2	-4.43095	15.0076	0.00071256	0.745026	
1186	-0.452275	-5143.43	-3.94448	15.1524	0.000760698	0.675262	
1187	-0.463379	-5206.76	-3.44095	15.2378	0.000805848	0.602871	
1188	-0.472528	-5249.93	-2.92241	15.2632	0.000847865	0.528128	
1189	-0.479672	-5272.77	-2.39121	15.2285	0.00088662	0.451322	
1190	-0.484772	-5275.14	-1.84994	15.1336	0.000921996	0.372747	
1191	-0.487801	-5257.02	-1.30141	14.979	0.000953893	0.292706	
1192	-0.488745	-5218.42	-0.748594	14.765	0.000982227	0.211507	
1193	-0.487604	-5159.47	-0.194521	14.4924	0.00100693	0.129465	
1194	-0.48439	-5080.34	0.357779	14.1623	0.00102794	0.0468966	
1195	-0.479132	-4981.32	0.905378	13.7758	0.00104524	-0.0358765	
1196	-0.471867	-4862.75	1.44553	13.3345	0.00105879	-0.118533	
1197	-0.46265	-4725.07	1.9757	12.8401	0.00106861	-0.20075	
1198	-0.451545	-4568.79	2.49367	12.2944	0.00107473	-0.282207	
1199	-0.438627	-4394.52	2.99747	11.6997	0.0010772	-0.362586	
1200	-0.423983	-4202.93	3.48542	11.0582	0.00107609	-0.441573	
1201	-0.407706	-3994.78	3.95612	10.3725	0.00107149	-0.518859	
1202	-0.389898	-3770.9	4.40836	9.64544	0.00106349	-0.594143	
1203	-0.370663	-3532.19	4.84117	8.87977	0.00105216	-0.667132	
1204	-0.350112	-3279.61	5.25371	8.07858	0.00103755	-0.737541	
1205	-0.328356	-3014.2	5.64528	7.24507	0.00101972	-0.805099	
1206	-0.305506	-2737.02	6.0153	6.38255	0.000998673	-0.869542	
1207	-0.281673	-2449.19	6.36327	5.49446	0.000974419	-0.930624	
1208	-0.256964	-2151.89	6.68879	4.58431	0.000946952	-0.98811	
1209	-0.231484	-1846.3	6.9915	3.65572	0.00091627	-1.04178	
1210	-0.205333	-1533.65	7.27106	2.71235	0.000882375	-1.09143	
1211	-0.178607	-1215.18	7.52711	1.75792	0.000845285	-1.13687	
1212	-0.151398	-892.143	7.75927	0.796179	0.000805034	-1.17793	
1213	-0.12379	-565.8	7.96702	-0.169103	0.000761676	-1.21445	
1214	-0.0958676	-237.417	8.14974	-1.13415	0.000715286	-1.24629	
1215	-0.0677076	91.7391	8.30665	-2.0952	0.000665961	-1.27334	
1216	-0.0393858	420.41	8.43683	-3.04851	0.000613823	-1.29548	
1217	-0.010976	747.343	8.53924	-3.99038	0.000559013	-1.31264	
1218	0.0174494	1071.3	8.61278	-4.91715	0.000501698	-1.32475	
1219	0.0458177	1391.05	8.65634	-5.82522	0.000442059	-1.33174	
1220	0.0740555	1705.38	8.66888	-6.71106	0.000380292	-1.33361	
1221	0.102087	2013.11	8.64952	-7.57123	0.000316602	-1.33032	
1222	0.129834	2313.06	8.59756	-8.40239	0.000251194	-1.32189	
1223	0.157215	2604.08	8.51256	-9.20127	0.000184275	-1.30833	
1224	0.184144	2885.05	8.39432	-9.96474	0.000116046	-1.28971	
1225	0.210532	3154.88	8.24291	-10.6898	4.67081e-05	-1.26607	
1226	0.236284	3412.52	8.05863	-11.3735	-2.35338e-05	-1.23749	
1227	0.261303	3656.95	7.84194	-12.0133	-9.44684e-05	-1.20409	
1228	0.285489	3887.19	7.59351	-12.6064	-0.000165869	-1.16598	
1229	0.308737	4102.31	7.3141	-13.1505	-0.000237491	-1.1233	
1230	0.330945	4301.44	7.00459	-13.6434	-0.000309063	-1.07621	
1231	0.352006	4483.77	6.66597	-14.0831	-0.000380293	-1.02488	
1232	0.37182	4648.54	6.29931	-14.4677	-0.000450863	-0.969525	
1233	0.390285	4795.08	5.90578	-14.7956	-0.000520435	-0.91034	
1234	0.407305	4922.78	5.48671	-15.0654	-0.000588654	-0.847561	
1235	0.42279	5031.12	5.04351	-15.276	-0.000655153	-0.781433	
1236	0.436656	5119.64	4.57776	-15.4265	-0.000719558	-0.712215	
1237	0.448826	5187.99	4.09117	-15.5163	-0.000781493	-0.640181	
1238	0.459233	5235.89	3.58562	-15.5448	-0.000840588	-0.565615	
1239	0.467816	5263.17	3.06309	-15.5121	-0.00089648	-0.488813	
1240	0.474529	5269.72	2.5257	-15.4181	-0.000948822	-0.410081	
1241	0.47933	5255.55	1.97564	-15.2633	-0.000997283	-0.32973	
1242	0.482193	5220.73	1.4152	-15.0482	-0.00104155	-0.248079	
1243	0.4831	5165.43	0.846681	-14.7738	-0.00108135	-0.165452	
1244	0.482042	5089.9	0.272413	-14.4411	-0.00111643	-0.0821756	
1245	0.479021	4994.48	-0.305283	-14.0515	-0.00114655	0.00142244	
1246	0.47405	4879.56	-0.884112	-13.6065	-0.00117153	0.0850132	
1247	0.46715	4745.64	-1.46181	-13.108	-0.00119122	0.168269	
1248	0.458349	4593.25	-2.03613	-12.558	-0.00120552	0.250864	
1249	0.447686	4423.01	-2.60488	-11.9586	-0.00121436	0.332477	
1250	0.435205	4235.62	-3.16582	-11.3122	-0.00121771	0.412789	
1251	0.420959	4031.79	-3.71676	-10.6213	-0.0012156	0.491489	
1252	0.405008	3812.34	-4.25546	-9.88867	-0.0012081	0.568269	
1253	0.387418	3578.11	-4.77965	-9.11715	-0.00119528	0.642832	
1254	0.368263	3330	-5.28708	-8.30973	-0.00117726	0.714887	
1255	0.347623	3068.98	-5.77546	-7.46954	-0.00115418	0.784153	
1256	0.325583	2796.03	-6.24254	-6.5998	-0.00112617	0.850359	
1257	0.302235	2512.21	-6.68611	-5.70387	-0.00109339	0.913246	
1258	0.277676	2218.6	-7.10404	-4.78519	-0.00105599	0.972567	
1259	0.252008	1916.33	-7.49425	-3.8473	-0.00101413	1.02809	
1260	0.225338	1606.56	-7.8548	-2.89383	-0.000968001	1.07959	
1261	0.197778	1290.5	-8.18382	-1.92844	-0.000917782	1.12686	
1262	0.169442	969.377	-8.47953	-0.954884	-0.000863684	1.16972	
1263	0.140449	644.437	-8.74025	0.0230509	-0.000805929	1.208	
1264	0.11092	316.959	-8.96439	1.00155	-0.000744758	1.24153	
1265	0.0809784	-11.768	-9.15046	1.97676	-0.000680428	1.2702	
1266	0.0507484	-340.444	-9.29711	2.94486	-0.000613211	1.29387	
1267	0.0203546	-667.765	-9.40316	3.902	-0.000543396	1.31247	
1268	-0.0100788	-992.43	-9.46766	4.8444	-0.000471289	1.3259	
1269	-0.0404293	-1313.15	-9.48995	5.76829	-0.000397213	1.33413	
1270	-0.070576	-1628.64	-9.46971	6.66998	-0.000321512	1.33712	
1271	-0.100401	-1937.65	-9.40698	7.54587	-0.000244544	1.33485	
1272	-0.129788	-2238.96	-9.30223	8.39244	-0.000166684	1.32734	
1273	-0.158625	-2531.36	-9.15631	9.2063	-8.83115e-05	1.31463	
1274	-0.186803	-2813.7	-8.97042	9.9842	-9.81127e-06	1.29676	
1275	-0.214214	-3084.88	-8.74608	10.723	6.84385e-05	1.27381	
1276	-0.240756	-3343.82	-8.48505	11.4198	0.00014607	1.24586	
1277	-0.266328	-3589.52	-8.18924	12.0718	0.000222733	1.21305	
1278	-0.290834	-3821.02	-7.86064	12.6765	0.000298091	1.17549	
1279	-0.31418	-4037.43	-7.50125	13.2314	0.00037183	1.13334	
1280	-0.336278	-4237.91	-7.11304	13.7344	0.000443651	1.08676	
1281	-0.357042	-4421.7	-6.69789	14.1835	0.000513269	1.03595	
1282	-0.376393	-4588.09	-6.25763	14.577	0.000580411	0.981093	
1283	-0.394255	-4736.44	-5.79401	14.9134	0.000644817	0.922417	
1284	-0.410557	-4866.2	-5.30874	15.1914	0.000706233	0.860149	
1285	-0.425235	-4976.85	-4.80352	15.4099	0.000764419	0.794535	
1286	-0.43823	-5067.99	-4.28008	15.5682	0.000819147	0.725831	
1287	-0.44949	-5139.26	-3.74016	15.6656	0.000870202	0.654307	
1288	-0.458969	-5190.39	-3.18563	15.7018	0.000917389	0.580243	
1289	-0.466629	-5221.17	-2.61838	15.6766	0.00096053	0.503931	
1290	-0.47244	-5231.49	-2.04043	15.5902	0.000999472	0.42567	
1291	-0.47638	-5221.3	-1.4539	15.4428	0.00103408	0.345768	
1292	-0.478435	-5190.64	-0.860987	15.235	0.00106425	0.26454	
1293	-0.4786	-5139.61	-0.264038	14.9677	0.00108989	0.182307	
1294	-0.476878	-5068.42	0.334485	14.6417	0.00111093	0.0993931	
1295	-0.47328	-4977.34	0.931974	14.2583	0.00112735	0.0161263	
1296	-0.467825	-4866.73	1.52568	13.8189	0.00113911	-0.0671641	
1297	-0.460543	-4737.01	2.11271	13.3252	0.00114624	-0.150149	
1298	-0.451467	-4588.69	2.69006	12.7791	0.00114878	-0.232499	
1299	-0.44064	-4422.36	3.25467	12.1827	0.00114677	-0.31389	
1300	-0.428111	-4238.68	3.80346	11.5382	0.00114032	-0.394002	
1301	-0.413937	-4038.38	4.33344	10.8481	0.00112953	-0.472517	
1302	-0.398178	-3822.26	4.84176	10.1152	0.00111452	-0.549129	
1303	-0.380901	-3591.17	5.32583	9.34221	0.00109543	-0.623537	
1304	-0.362178	-3346.02	5.78335	8.53224	0.00107239	-0.695451	
1305	-0.342083	-3087.81	6.21239	7.68848	0.00104555	-0.76459	
1306	-0.320697	-2817.55	6.6114	6.81425	0.00101505	-0.830688	
1307	-0.298102	-2536.31	6.97923	5.91303	0.00098104	-0.893488	
1308	-0.274384	-2245.2	7.3151	4.98839	0.000943658	-0.95275	
1309	-0.249632	-1945.38	7.61858	4.044	0.000903058	-1.00825	
1310	-0.223937	-1638.02	7.8895	3.08363	0.000859397	-1.05976	
1311	-0.197394	-1324.33	8.12793	2.11109	0.000812837	-1.10711	
1312	-0.170101	-1005.55	8.33409	1.13024	0.000763545	-1.15009	
1313	-0.142159	-682.92	8.50832	0.144953	0.00071169	-1.18856	
1314	-0.11367	-357.707	8.65094	-0.840867	0.000657442	-1.22237	
1315	-0.0847416	-31.1842	8.76229	-1.82334	0.000600973	-1.25138	
1316	-0.0554812	295.371	8.84258	-2.79862	0.000542455	-1.27549	
1317	-0.0259998	620.679	8.89192	-3.76287	0.000482068	-1.29461	
1318	0.00359029	943.465	8.9103	-4.71234	0.00042	-1.30866	
1319	0.0331755	1262.46	8.89757	-5.64334	0.00035645	-1.31758	
1320	0.0626417	1576.41	8.85348	-6.55224	0.000291634	-1.32136	
1321	0.091875	1884.09	8.77775	-7.43552	0.000225782	-1.31996	
1322	0.120762	2184.26	8.67013	-8.28976	0.000159137	-1.31341	
1323	0.149192	2475.76	8.53048	-9.11166	9.19546e-05	-1.30171	
1324	0.177054	2757.43	8.35882	-9.89801	2.44924e-05	-1.28493	
1325	0.204243	3028.14	8.15542	-10.6458	-4.29903e-05	-1.26312	
1326	0.230653	3286.83	7.92079	-11.352	-0.000110238	-1.23637	
1327	0.256186	3532.48	7.65571	-12.0139	-0.000177001	-1.20478	
1328	0.280745	3764.12	7.3612	-12.629	-0.000243037	-1.16849	
1329	0.304235	3980.82	7.0385	-13.1948	-0.000308111	-1.12763	
1330	0.32657	4181.75	6.68901	-13.7089	-0.000371995	-1.08237	
1331	0.347662	4366.1	6.31429	-14.1695	-0.000434467	-1.03289	
1332	0.36743	4533.18	5.916	-14.5746	-0.000495312	-0.979375	
1333	0.385796	4682.32	5.49587	-14.9225	-0.000554324	-0.922047	
1334	0.402683	4812.97	5.05577	-15.212	-0.000611304	-0.86113	
1335	0.418019	4924.61	4.59763	-15.4417	-0.000666063	-0.796867	
1336	0.431737	5016.84	4.12345	-15.6107	-0.000718422	-0.729509	
1337	0.443772	5089.3	3.63534	-15.7184	-0.000768211	-0.659325	
1338	0.454062	5141.73	3.13543	-15.7642	-0.00081527	-0.586589	
1339	0.462554	5173.94	2.62584	-15.7481	-0.000859446	-0.511588	
1340	0.4692	5185.81	2.10863	-15.6699	-0.000900596	-0.434618	
1341	0.473958	5177.32	1.58577	-15.5302	-0.000938583	-0.355978	
1342	0.476795	5148.5	1.05904	-15.3294	-0.000973275	-0.275978	
1343	0.47769	5099.47	0.530076	-15.0684	-0.00100455	-0.19493	
1344	0.476627	5030.42	0.00032379	-14.7481	-0.00103229	-0.113151	
1345	0.473606	4941.61	-0.528895	-14.37	-0.00105639	-0.0309596	
1346	0.468634	4833.38	-1.05633	-13.9355	-0.00107675	0.0513229	
1347	0.461733	4706.15	-1.58074	-13.4464	-0.00109326	0.133376	
1348	0.452933	4560.4	-2.10081	-12.9047	-0.00110584	0.214878	
1349	0.442279	4396.69	-2.6151	-12.3124	-0.00111441	0.295513	
1350	0.429825	4215.66	-3.12201	-11.672	-0.0011189	0.374963	
1351	0.415634	4018	-3.6198	-10.986	-0.00111924	0.45292	
1352	0.399781	3804.48	-4.1066	-10.257	-0.00111541	0.529078	
1353	0.382347	3575.94	-4.58045	-9.48799	-0.00110737	0.603138	
1354	0.36342	3333.28	-5.0394	-8.68184	-0.00109513	0.674809	
1355	0.343093	3077.47	-5.48154	-7.84171	-0.00107869	0.743812	
1356	0.321464	2809.53	-5.90504	-6.97088	-0.00105809	0.809873	
1357	0.298631	2530.53	-6.30822	-6.07271	-0.00103339	0.872735	
1358	0.274695	2241.59	-6.68948	-5.15069	-0.00100465	0.932149	
1359	0.249756	1943.88	-7.04738	-4.2084	-0.000971946	0.987883	
1360	0.223915	1638.6	-7.38056	-3.24951	-0.00093537	1.03972	
1361	0.197271	1326.99	-7.68773	-2.27777	-0.000895019	1.08745	
1362	0.169923	1010.29	-7.96767	-1.29697	-0.000851004	1.13089	
1363	0.14197	689.785	-8.21921	-0.310962	-0.000803445	1.16986	
1364	0.113508	366.749	-8.44124	0.676361	-0.000752475	1.20423	
1365	0.0846378	42.4695	-8.63273	1.6611	-0.000698241	1.23385	
1366	0.0554574	-281.77	-8.79271	2.63936	-0.000640901	1.2586	
1367	0.0260686	-604.693	-8.92029	3.60725	-0.000580632	1.2784	
1368	-0.00342501	-925.039	-9.01469	4.56093	-0.000517624	1.29315	
1369	-0.0329169	-1241.56	-9.07518	5.4966	-0.000452086	1.30282	
1370	-0.0622973	-1553.04	-9.10113	6.41054	-0.000384243	1.30735	
1371	-0.0914534	-1858.27	-9.09197	7.29912	-0.000314341	1.30674	
1372	-0.120269	-2156.08	-9.04721	8.15882	-0.000242647	1.30099	
1373	-0.148627	-2445.33	-8.96645	8.98623	-0.000169447	1.29011	
1374	-0.176407	-2724.91	-8.84941	9.77811	-9.50482e-05	1.27416	
1375	-0.203491	-2993.76	-8.69592	10.5313	-1.97711e-05	1.25319	
1376	-0.229762	-3250.82	-8.50601	11.243	5.60481e-05	1.22729	
1377	-0.255105	-3495.1	-8.2799	11.9102	0.000132064	1.19657	
1378	-0.279411	-3725.65	-8.01801	12.5306	0.000207924	1.16113	
1379	-0.302579	-3941.56	-7.721	13.1016	0.000283272	1.12112	
1380	-0.324512	-4141.97	-7.38978	13.621	0.00035775	1.0767	
1381	-0.345123	-4326.08	-7.02548	14.087	0.000431004	1.02804	
1382	-0.364335	-4493.12	-6.62945	14.4976	0.000502682	0.97534	
1383	-0.382079	-4642.42	-6.20329	14.8514	0.000572445	0.918797	
1384	-0.398293	-4773.35	-5.74883	15.147	0.000639965	0.858639	
1385	-0.412928	-4885.38	-5.2681	15.3831	0.000704929	0.795104	
1386	-0.42594	-4978.02	-4.76336	15.559	0.000767043	0.728444	
1387	-0.437293	-5050.88	-4.23702	15.6739	0.000826031	0.658922	
1388	-0.446957	-5103.66	-3.69166	15.7273	0.000881633	0.586815	
1389	-0.454908	-5136.14	-3.12994	15.7191	0.000933608	0.512409	
1390	-0.461129	-5148.18	-2.55456	15.6491	0.000981731	0.436001	
1391	-0.465602	-5139.76	-1.96818	15.5177	0.00102579	0.357894	
1392	-0.468317	-5110.91	-1.3734	15.3252	0.0010656	0.278399	
1393	-0.469264	-5061.77	-0.772675	15.0725	0.00110097	0.197832	
1394	-0.468435	-4992.59	-0.168368	14.7604	0.00113176	0.116512	
1395	-0.465829	-4903.66	0.437282	14.3902	0.00115784	0.0347626	
1396	-0.461442	-4795.37	1.0421	13.9633	0.00117908	-0.0470938	
1397	-0.455279	-4668.21	1.64394	13.4814	0.00119538	-0.128733	
1398	-0.447346	-4522.72	2.2406	12.9464	0.00120667	-0.209834	
1399	-0.437658	-4359.49	2.82981	12.3604	0.00121284	-0.290077	
1400	-0.426233	-4179.22	3.40917	11.7257	0.00121385	-0.369147	
1401	-0.413099	-3982.62	3.97615	11.0449	0.00120962	-0.446733	
1402	-0.398294	-3770.49	4.52813	10.3208	0.00120013	-0.522532	
1403	-0.381864	-3543.66	5.06241	9.55626	0.00118537	-0.596246	
1404	-0.363866	-3303.01	5.57629	8.75433	0.00116536	-0.667589	
1405	-0.344367	-3049.47	6.06711	7.91825	0.0011402	-0.73628	
1406	-0.323445	-2784.02	6.53234	7.05134	0.00110999	-0.80205	
1407	-0.301188	-2507.66	6.96959	6.15707	0.00107491	-0.864642	
1408	-0.277692	-2221.44	7.37664	5.23897	0.00103517	-0.923809	
1409	-0.253062	-1926.45	7.75151	4.30068	0.000990987	-0.979319	
1410	-0.227409	-1623.82	8.09241	3.34588	0.000942629	-1.03095	
1411	-0.200846	-1314.7	8.39776	2.37829	0.000890353	-1.0785	
1412	-0.173491	-1000.29	8.6662	1.4017	0.000834427	-1.12178	
1413	-0.145463	-681.807	8.89661	0.419903	0.000775113	-1.16061	
1414	-0.116879	-360.507	9.0881	-0.563305	0.000712672	-1.19484	
1415	-0.0878552	-37.6597	9.23998	-1.54411	0.000647367	-1.22433	
1416	-0.0585068	285.445	9.35184	-2.51872	0.000579461	-1.24895	
1417	-0.0289456	607.505	9.4235	-3.48336	0.000509226	-1.26861	
1418	0.000718512	927.214	9.455	-4.43428	0.00043695	-1.28323	
1419	0.0303774	1243.27	9.44659	-5.36777	0.000362938	-1.29274	
1420	0.059924	1554.37	9.39872	-6.28019	0.000287523	-1.29711	
1421	0.0892517	1859.25	9.31199	-7.16795	0.000211059	-1.29631	
1422	0.118253	2156.66	9.18713	-8.02756	0.000133929	-1.29036	
1423	0.146821	2445.38	9.02499	-8.8556	5.65345e-05	-1.27928	
1424	0.174845	2724.24	8.82654	-9.64878	-2.0708e-05	-1.26311	
1425	0.202214	2992.12	8.59281	-10.4039	-9.73802e-05	-1.24192	
1426	0.228817	3247.94	8.32495	-11.118	-0.000173072	-1.21581	
1427	0.254541	3490.7	8.02418	-11.7882	-0.000247392	-1.18488	
1428	0.279275	3719.45	7.69184	-12.4118	-0.000319977	-1.14926	
1429	0.302905	3933.32	7.32935	-12.9862	-0.000390497	-1.1091	
1430	0.325326	4131.48	6.93825	-13.5093	-0.000458656	-1.06457	
1431	0.346432	4313.2	6.5202	-13.9788	-0.000524192	-1.01586	
1432	0.366124	4477.81	6.07698	-14.393	-0.000586874	-0.963153	
1433	0.384312	4624.69	5.61053	-14.7503	-0.000646497	-0.906674	
1434	0.400912	4753.31	5.12295	-15.0492	-0.000702878	-0.846647	
1435	0.415851	4863.21	4.61651	-15.2888	-0.000755856	-0.783315	
1436	0.429064	4953.97	4.09365	-15.4679	-0.000805289	-0.716929	
1437	0.440501	5025.27	3.55694	-15.5862	-0.000851057	-0.64775	
1438	0.45012	5076.82	3.00909	-15.6431	-0.000893061	-0.576053	
1439	0.457892	5108.42	2.45287	-15.6385	-0.000931229	-0.502117	
1440	0.463799	5119.93	1.89103	-15.5726	-0.000965512	-0.426231	
1441	0.467832	5111.28	1.32629	-15.4456	-0.000995885	-0.348691	
1442	0.469993	5082.47	0.76119	-15.2581	-0.00102234	-0.269799	
1443	0.47029	5033.56	0.198114	-15.011	-0.0010449	-0.189862	
1444	0.468741	4964.71	-0.360794	-14.7051	-0.00106357	-0.109193	
1445	0.465366	4876.13	-0.913616	-14.3418	-0.00107838	-0.0281063	
1446	0.460193	4768.14	-1.45865	-13.9223	-0.00108936	0.0530782	
1447	0.453254	4641.12	-1.99438	-13.4484	-0.00109653	0.134041	
1448	0.444583	4495.54	-2.51941	-12.9219	-0.0010999	0.21446	
1449	0.434216	4331.96	-3.03241	-12.3447	-0.00109949	0.294016	
1450	0.422193	4151.02	-3.5321	-11.719	-0.0010953	0.372391	
1451	0.408557	3953.45	-4.01717	-11.0473	-0.00108735	0.44927	
1452	0.393351	3740.03	-4.48632	-10.3321	-0.00107568	0.524344	
1453	0.376625	3511.66	-4.93822	-9.57612	-0.00106031	0.597311	
1454	0.358431	3269.28	-5.37152	-8.78232	-0.00104132	0.667876	
1455	0.338824	3013.91	-5.7849	-7.95377	-0.00101876	0.735756	
1456	0.317869	2746.6	-6.17705	-7.09371	-0.000992733	0.800678	
1457	0.295635	2468.5	-6.54671	-6.2055	-0.000963337	0.862382	
1458	0.272199	2180.74	-6.89262	-5.29268	-0.00093068	0.920625	
1459	0.247646	1884.53	-7.21356	-4.35885	-0.000894873	0.975174	
1460	0.222069	1581.1	-7.50833	-3.40775	-0.000856031	1.02582	
1461	0.19557	1271.67	-7.77572	-2.44318	-0.000814266	1.07236	
1462	0.168257	957.493	-8.01454	-1.469	-0.000769698	1.11463	
1463	0.140248	639.83	-8.22365	-0.489126	-0.000722451	1.15245	
1464	0.111662	319.935	-8.40197	0.492527	-0.00067266	1.18569	
1465	0.082625	-0.942714	-8.54854	1.47203	-0.000620475	1.21423	
1466	0.0532672	-321.559	-8.66256	2.44549	-0.000566063	1.23796	
1467	0.0237189	-640.681	-8.74344	3.40903	-0.000509605	1.2568	
1468	-0.00588844	-957.087	-8.79086	4.35885	-0.000451299	1.27068	
1469	-0.0354245	-1269.57	-8.80475	5.29122	-0.000391349	1.27955	
1470	-0.0647612	-1576.94	-8.78532	6.20249	-0.000329964	1.28338	
1471	-0.0937739	-1878.02	-8.73301	7.08911	-0.00026735	1.28216	
1472	-0.122343	-2171.65	-8.64846	7.94765	-0.000203703	1.2759	
1473	-0.150355	-2456.7	-8.53245	8.7748	-0.000139214	1.26463	
1474	-0.177702	-2732.05	-8.38586	9.56736	-7.40605e-05	1.24838	
1475	-0.204283	-2996.62	-8.20956	10.3223	-8.41598e-06	1.22722	
1476	-0.230005	-3249.35	-8.00442	11.0367	5.75501e-05	1.20124	
1477	-0.254781	-3489.23	-7.77123	11.7077	0.000123667	1.17053	
1478	-0.278527	-3715.26	-7.51073	12.3328	0.000189758	1.13521	
1479	-0.301168	-3926.54	-7.22361	12.9096	0.000255639	1.09543	
1480	-0.32263	-4122.17	-6.91053	13.4357	0.000321117	1.05133	
1481	-0.342843	-4301.36	-6.57217	13.909	0.000385986	1.0031	
1482	-0.361739	-4463.36	-6.20926	14.3276	0.000450032	0.950927	
1483	-0.379253	-4607.5	-5.82262	14.6898	0.000513029	0.895022	
1484	-0.39532	-4733.2	-5.41319	14.994	0.000574738	0.835608	
1485	-0.409878	-4839.96	-4.98204	15.239	0.000634913	0.772926	
1486	-0.422866	-4927.37	-4.5304	15.4237	0.000693294	0.707228	
1487	-0.434226	-4995.11	-4.05958	15.5472	0.000749614	0.63878	
1488	-0.443904	-5042.97	-3.57103	15.609	0.0008036	0.567856	
1489	-0.451851	-5070.8	-3.06632	15.6087	0.000854976	0.494741	
1490	-0.458023	-5078.57	-2.54711	15.5462	0.000903472	0.419726	
1491	-0.462383	-5066.33	-2.01516	15.4217	0.000948823	0.343107	
1492	-0.464903	-5034.19	-1.47236	15.2358	0.000990778	0.265185	
1493	-0.465565	-4982.39	-0.920706	14.9891	0.0010291	0.186266	
1494	-0.46436	-4911.19	-0.362336	14.6826	0.00106358	0.106655	
1495	-0.46129	-4820.96	0.200504	14.3177	0.00109401	0.026658	
1496	-0.456371	-4712.1	0.765459	13.8958	0.00112022	-0.0534173	
1497	-0.449626	-4585.1	1.3301	13.4188	0.00114204	-0.133266	
1498	-0.441091	-4440.48	1.89198	12.8885	0.00115932	-0.212584	
1499	-0.430812	-4278.83	2.44865	12.3073	0.00117194	-0.291071	
