0	0	0.00471729	0	-1.86652e-06	0	5.15478e-20	
1	0	0.00471729	0	-1.86652e-06	0	5.15478e-20	
2	4.53704e-28	0.0279758	-3.1605e-25	-1.28947e-05	2.1287e-23	4.82909e-19	
3	4.53704e-28	0.0279758	-3.1605e-25	-1.28947e-05	2.1287e-23	4.80611e-19	
4	-3.56911e-20	0.0870271	1.44672e-10	-4.70041e-05	3.90061e-22	4.68873e-18	
5	2.03494e-19	0.0870271	1.44672e-10	-4.70041e-05	6.23333e-23	4.69563e-18	
6	-9.77331e-19	0.196631	5.17639e-09	-0.000123451	8.65564e-22	4.9996e-17	
7	6.8689e-19	0.196631	5.17639e-09	-0.000123451	-1.67342e-21	5.00391e-17	
8	-1.80462e-18	0.368021	7.20487e-08	-0.000265024	3.24043e-21	4.38642e-16	
9	5.20336e-18	0.368021	7.20487e-08	-0.000265024	-3.2454e-21	4.38755e-16	
10	3.41157e-18	0.608107	6.04675e-07	-0.000495863	6.91974e-21	2.91224e-15	
11	1.11044e-17	0.608107	6.04675e-07	-0.000495863	-5.9294e-21	2.91235e-15	
12	3.90932e-17	0.918972	3.62401e-06	-0.000839082	1.57463e-20	1.43039e-14	
13	3.14493e-17	0.918972	3.62401e-06	-0.000839082	-7.00165e-21	1.43039e-14	
14	1.31622e-16	1.29768	1.69528e-05	-0.00131436	8.71681e-21	4.70769e-14	
15	9.11549e-17	1.29768	1.69528e-05	-0.00131436	-8.64402e-21	4.7077e-14	
16	6.06722e-16	1.73642	6.53606e-05	-0.00193572	-2.97222e-20	4.09925e-14	
17	5.20325e-16	1.73642	6.53606e-05	-0.00193572	-3.97906e-20	4.09927e-14	
18	2.6774e-15	2.22299	0.000215407	-0.00270962	-3.13033e-19	-7.54942e-13	
19	2.51346e-15	2.22299	0.000215407	-0.00270962	-2.98958e-19	-7.54941e-13	
20	4.37011e-15	2.74152	0.000622778	-0.00363355	-2.34907e-18	-7.01181e-12	
21	4.12713e-15	2.74152	0.000622778	-0.00363355	-2.34495e-18	-7.01181e-12	
22	-7.862e-14	3.27344	0.00161019	-0.00469522	-1.55263e-17	-4.08308e-11	
23	-7.89196e-14	3.27344	0.00161019	-0.00469522	-1.55206e-17	-4.08308e-11	
24	-1.12168e-12	3.79863	0.00377792	-0.00587235	-8.48224e-17	-1.90024e-10	
25	-1.12203e-12	3.79863	0.00377792	-0.00587235	-8.48991e-17	-1.90024e-10	
26	-9.45178e-12	4.29667	0.00813614	-0.00713321	-3.79799e-16	-7.60361e-10	
27	-9.45214e-12	4.29667	0.00813614	-0.00713321	-3.80021e-16	-7.60361e-10	
28	-6.1908e-11	4.748	0.0162295	-0.00843776	-1.33725e-15	-2.7076e-09	
29	-6.19083e-11	4.748	0.0162295	-0.00843776	-1.33758e-15	-2.7076e-09	
30	-3.41244e-10	5.13518	0.0302044	-0.00973946	-3.08053e-15	-8.75537e-09	
31	-3.41244e-10	5.13518	0.0302044	-0.00973946	-3.0809e-15	-8.75537e-09	
32	-1.64313e-09	5.4439	0.0527554	-0.0109877	1.41873e-15	-2.6058e-08	
33	-1.64313e-09	5.4439	0.0527554	-0.0109877	1.41874e-15	-2.6058e-08	
34	-7.06517e-09	5.66392	0.0868917	-0.0121309	6.68297e-14	-7.20805e-08	
35	-7.06517e-09	5.66392	0.0868917	-0.0121309	6.68304e-14	-7.20805e-08	
36	-2.75313e-08	5.78972	0.135489	-0.0131197	4.80645e-13	-1.86699e-07	
37	-2.75313e-08	5.78972	0.135489	-0.0131197	4.80646e-13	-1.86699e-07	
38	-9.82792e-08	5.82096	0.200649	-0.0139113	2.48329e-12	-4.55492e-07	
39	-9.82792e-08	5.82096	0.200649	-0.0139113	2.48329e-12	-4.55492e-07	
40	-3.24056e-07	5.76255	0.282945	-0.0144726	1.07448e-11	-1.05178e-06	
41	-3.24056e-07	5.76255	0.282945	-0.0144726	1.07448e-11	-1.05178e-06	
42	-9.93513e-07	5.62435	0.380729	-0.0147845	4.10592e-11	-2.30788e-06	
43	-9.93513e-07	5.62435	0.380729	-0.0147845	4.10592e-11	-2.30788e-06	
44	-2.84754e-06	5.42045	0.489682	-0.0148443	1.42219e-10	-4.82839e-06	
45	-2.84754e-06	5.42045	0.489682	-0.0148443	1.42219e-10	-4.82839e-06	
46	-7.66428e-06	5.16799	0.602814	-0.0146667	4.53423e-10	-9.65895e-06	
47	-7.66428e-06	5.16799	0.602814	-0.0146667	4.53423e-10	-9.65895e-06	
48	-1.94462e-05	4.88553	0.711056	-0.0142836	1.34424e-09	-1.85204e-05	
49	-1.94462e-05	4.88553	0.711056	-0.0142836	1.34424e-09	-1.85204e-05	
50	-4.66629e-05	4.5911	0.80443	-0.0137413	3.73294e-09	-3.41086e-05	
51	-4.66629e-05	4.5911	0.80443	-0.0137413	3.73294e-09	-3.41086e-05	
52	-0.000106193	4.30019	0.87368	-0.0130951	9.76439e-09	-6.04415e-05	
53	-0.000106193	4.30019	0.87368	-0.0130951	9.76439e-09	-6.04415e-05	
54	-0.000229747	4.02384	0.912032	-0.012403	2.41637e-08	-0.000103208	
55	-0.000229747	4.02384	0.912032	-0.012403	2.41637e-08	-0.000103208	
56	-0.000473511	3.76727	0.916706	-0.0117181	5.67752e-08	-0.000170035	
57	-0.000473511	3.76727	0.916706	-0.0117181	5.67752e-08	-0.000170035	
58	-0.00093132	3.52921	0.889777	-0.0110821	1.27032e-07	-0.000270555	
59	-0.00093132	3.52921	0.889777	-0.0110821	1.27032e-07	-0.000270555	
60	-0.00175068	3.30241	0.83807	-0.01052	2.71341e-07	-0.000416113	
61	-0.00175068	3.30241	0.83807	-0.01052	2.71341e-07	-0.000416113	
62	-0.00314913	3.07515	0.772035	-0.0100386	5.54479e-07	-0.000618957	
63	-0.00314913	3.07515	0.772035	-0.0100386	5.54479e-07	-0.000618957	
64	-0.00542611	2.83384	0.703744	-0.00962768	1.08595e-06	-0.00089077	
65	-0.00542611	2.83384	0.703744	-0.00962768	1.08595e-06	-0.00089077	
66	-0.00896257	2.5663	0.644439	-0.00926579	2.04162e-06	-0.00124047	
67	-0.00896257	2.5663	0.644439	-0.00926579	2.04162e-06	-0.00124047	
68	-0.0141988	2.26526	0.602204	-0.00892739	3.68941e-06	-0.00167135	
69	-0.0141988	2.26526	0.602204	-0.00892739	3.68941e-06	-0.00167135	
70	-0.0215806	1.93152	0.580328	-0.00859151	6.41589e-06	-0.00217782	
71	-0.0215806	1.93152	0.580328	-0.00859151	6.41589e-06	-0.00217782	
72	-0.0314676	1.57597	0.576794	-0.00824911	1.07472e-05	-0.00274222	
73	-0.0314676	1.57597	0.576794	-0.00824911	1.07472e-05	-0.00274222	
74	-0.0440052	1.22014	0.585053	-0.0079076	1.73551e-05	-0.00333227	
75	-0.0440052	1.22014	0.585053	-0.0079076	1.73551e-05	-0.00333227	
76	-0.0589735	0.894765	0.595904	-0.00759131	2.70354e-05	-0.00390003	
77	-0.0589735	0.894765	0.595904	-0.00759131	2.70354e-05	-0.00390003	
78	-0.0756432	0.636422	0.599982	-0.00733747	4.0647e-05	-0.00438313	
79	-0.0756432	0.636422	0.599982	-0.00733747	4.0647e-05	-0.00438313	
80	-0.0926768	0.482533	0.59022	-0.00718868	5.90019e-05	-0.00470867	
81	-0.0926768	0.482533	0.59022	-0.00718868	5.90019e-05	-0.00470867	
82	-0.108126	0.465286	0.563625	-0.00718312	8.2703e-05	-0.00480025	
83	-0.108126	0.465286	0.563625	-0.00718312	8.2703e-05	-0.00480025	
84	-0.119561	0.605421	0.521899	-0.00734501	0.000111942	-0.00458753	
85	-0.119561	0.605421	0.521899	-0.00734501	0.000111942	-0.00458753	
86	-0.124357	0.906859	0.47078	-0.00767708	0.000146283	-0.00401757	
87	-0.124357	0.906859	0.47078	-0.00767708	0.000146283	-0.00401757	
88	-0.120114	1.35318	0.418322	-0.00815706	0.000184466	-0.00306635	
89	-0.120114	1.35318	0.418322	-0.00815706	0.000184466	-0.00306635	
90	-0.105152	1.90676	0.372644	-0.00873865	0.000224297	-0.00174854	
91	-0.105152	1.90676	0.372644	-0.00873865	0.000224297	-0.00174854	
92	-0.0789841	2.51099	0.339809	-0.00935701	0.00026266	-0.000123527	
93	-0.0789841	2.51099	0.339809	-0.00935701	0.00026266	-0.000123527	
94	-0.0426531	3.09572	0.322449	-0.00993754	0.000295699	0.00170406	
95	-0.0426531	3.09572	0.322449	-0.00993754	0.000295699	0.00170406	
96	0.00117678	3.58532	0.319488	-0.0104063	0.000319185	0.0035905	
97	0.00117678	3.58532	0.319488	-0.0104063	0.000319185	0.0035905	
98	0.048433	3.90848	0.326988	-0.0107001	0.000329041	0.00536596	
99	0.048433	3.90848	0.326988	-0.0107001	0.000329041	0.00536596	
100	0.0941456	4.00853	0.339766	-0.0107751	0.000321955	0.00685335	
101	0.0941456	4.00853	0.339766	-0.0107751	0.000321955	0.00685335	
102	0.133174	3.85261	0.35323	-0.0106128	0.000295999	0.007891	
103	0.133174	3.85261	0.35323	-0.0106128	0.000295999	0.007891	
104	0.161007	3.43838	0.364789	-0.0102221	0.00025112	0.00835607	
105	0.161007	3.43838	0.364789	-0.0102221	0.00025112	0.00835607	
106	0.17448	2.79678	0.374401	-0.00963885	0.000189409	0.00818523	
107	0.17448	2.79678	0.374401	-0.00963885	0.000189409	0.00818523	
108	0.172247	1.99021	0.384078	-0.00892283	0.000115067	0.00738874	
109	0.172247	1.99021	0.384078	-0.00892283	0.000115067	0.00738874	
110	0.154948	1.10566	0.396577	-0.00815133	3.40531e-05	0.00605507	
111	0.154948	1.10566	0.396577	-0.00815133	3.40531e-05	0.00605507	
112	0.12504	0.243558	0.41375	-0.00741125	-4.65694e-05	0.00434409	
113	0.12504	0.243558	0.41375	-0.00741125	-4.65694e-05	0.00434409	
114	0.0863649	-0.496493	0.435172	-0.00678906	-0.000119474	0.00246865	
115	0.0863649	-0.496493	0.435172	-0.00678906	-0.000119474	0.00246865	
116	0.0435469	-1.03097	0.457573	-0.00635961	-0.000177991	0.000666386	
117	0.0435469	-1.03097	0.457573	-0.00635961	-0.000177991	0.000666386	
118	0.00134074	-1.30613	0.475308	-0.00617484	-0.00021696	-0.000834202	
119	0.00134074	-1.30613	0.475308	-0.00617484	-0.00021696	-0.000834202	
120	-0.035984	-1.30759	0.481765	-0.00625418	-0.000233369	-0.00184823	
121	-0.035984	-1.30759	0.481765	-0.00625418	-0.000233369	-0.00184823	
122	-0.0651425	-1.06367	0.471277	-0.00657873	-0.000226702	-0.00226316	
123	-0.0651425	-1.06367	0.471277	-0.00657873	-0.000226702	-0.00226316	
124	-0.0841567	-0.641311	0.440937	-0.00709126	-0.000198921	-0.00205645	
125	-0.0841567	-0.641311	0.440937	-0.00709126	-0.000198921	-0.00205645	
126	-0.0924423	-0.134853	0.391735	-0.00770315	-0.0001541	-0.00129818	
127	-0.0924423	-0.134853	0.391735	-0.00770315	-0.0001541	-0.00129818	
128	-0.0906154	0.350471	0.328684	-0.00830819	-9.77691e-05	-0.000137956	
129	-0.0906154	0.350471	0.328684	-0.00830819	-9.77691e-05	-0.000137956	
130	-0.0800158	0.717303	0.259904	-0.00880106	-3.61142e-05	0.00122163	
131	-0.0800158	0.717303	0.259904	-0.00880106	-3.61142e-05	0.00122163	
132	-0.0620294	0.89335	0.19496	-0.00909691	2.48174e-05	0.00255988	
133	-0.0620294	0.89335	0.19496	-0.00909691	2.48174e-05	0.00255988	
134	-0.0374078	0.843447	0.142933	-0.00914765	7.97162e-05	0.00367409	
135	-0.0374078	0.843447	0.142933	-0.00914765	7.97162e-05	0.00367409	
136	-0.00586816	0.574026	0.110712	-0.0089508	0.000124286	0.00441022	
137	-0.00586816	0.574026	0.110712	-0.0089508	0.000124286	0.00441022	
138	0.0337416	0.129323	0.101868	-0.00854858	0.000155163	0.00468259	
139	0.0337416	0.129323	0.101868	-0.00854858	0.000155163	0.00468259	
140	0.0825709	-0.419425	0.116207	-0.00801732	0.000169572	0.00448051	
141	0.0825709	-0.419425	0.116207	-0.00801732	0.000169572	0.00448051	
142	0.140324	-0.988929	0.149939	-0.00744984	0.000164958	0.0038624	
143	0.140324	-0.988929	0.149939	-0.00744984	0.000164958	0.0038624	
144	0.203715	-1.49938	0.196283	-0.00693543	0.00013889	0.00294075	
145	0.203715	-1.49938	0.196283	-0.00693543	0.00013889	0.00294075	
146	0.26554	-1.88729	0.246367	-0.0065427	8.94856e-05	0.00186222	
147	0.26554	-1.88729	0.246367	-0.0065427	8.94856e-05	0.00186222	
148	0.315078	-2.11351	0.290353	-0.00630912	1.6431e-05	0.000786718	
149	0.315078	-2.11351	0.290353	-0.00630912	1.6431e-05	0.000786718	
150	0.340212	-2.16589	0.318826	-0.0062393	-7.76305e-05	-0.000132136	
151	0.340212	-2.16589	0.318826	-0.0062393	-7.76305e-05	-0.000132136	
152	0.33103	-2.05754	0.324431	-0.00631088	-0.00018585	-0.000764528	
153	0.33103	-2.05754	0.324431	-0.00631088	-0.00018585	-0.000764528	
154	0.283959	-1.82216	0.303585	-0.00648504	-0.000296757	-0.00102008	
155	0.283959	-1.82216	0.303585	-0.00648504	-0.000296757	-0.00102008	
156	0.204951	-1.50825	0.257872	-0.00671766	-0.000395286	-0.000861516	
157	0.204951	-1.50825	0.257872	-0.00671766	-0.000395286	-0.000861516	
158	0.110193	-1.17302	0.194604	-0.00696764	-0.000465492	-0.000314771	
159	0.110193	-1.17302	0.194604	-0.00696764	-0.000465492	-0.000314771	
160	0.0234218	-0.876107	0.126022	-0.00720105	-0.000494601	0.000527525	
161	0.0234218	-0.876107	0.126022	-0.00720105	-0.000494601	0.000527525	
162	-0.0300067	-0.672664	0.0669456	-0.00739152	-0.00047738	0.00151306	
163	-0.0300067	-0.672664	0.0669456	-0.00739152	-0.00047738	0.00151306	
164	-0.0308139	-0.605616	0.0311938	-0.00751891	-0.000419394	0.00245002	
165	-0.0308139	-0.605616	0.0311938	-0.00751891	-0.000419394	0.00245002	
166	0.0271523	-0.697604	0.0276205	-0.0075689	-0.000337714	0.00313991	
167	0.0271523	-0.697604	0.0276205	-0.0075689	-0.000337714	0.00313991	
168	0.133144	-0.944259	0.0569848	-0.00753455	-0.000258201	0.00341828	
169	0.133144	-0.944259	0.0569848	-0.00753455	-0.000258201	0.00341828	
170	0.26085	-1.31116	0.110826	-0.00741989	-0.000209532	0.00319451	
171	0.26085	-1.31116	0.110826	-0.00741989	-0.000209532	0.00319451	
172	0.375065	-1.73668	0.173019	-0.00724321	-0.000215313	0.0024797	
173	0.375065	-1.73668	0.173019	-0.00724321	-0.000215313	0.0024797	
174	0.442006	-2.14175	0.223861	-0.00703769	-0.000286543	0.00139336	
175	0.442006	-2.14175	0.223861	-0.00703769	-0.000286543	0.00139336	
176	0.440082	-2.44539	0.245621	-0.00684716	-0.000416967	0.000143864	
177	0.440082	-2.44539	0.245621	-0.00684716	-0.000416967	0.000143864	
178	0.367447	-2.5831	0.227887	-0.00671691	-0.000583224	-0.00101514	
179	0.367447	-2.5831	0.227887	-0.00671691	-0.000583224	-0.00101514	
180	0.243511	-2.52311	0.170954	-0.00668164	-0.000750328	-0.00184297	
181	0.243511	-2.52311	0.170954	-0.00668164	-0.000750328	-0.00184297	
182	0.103523	-2.27607	0.0860355	-0.00675426	-0.000881251	-0.00217055	
183	0.103523	-2.27607	0.0860355	-0.00675426	-0.000881251	-0.00217055	
184	-0.0122711	-1.89456	-0.00790255	-0.00691977	-0.000947867	-0.00194392	
185	-0.0122711	-1.89456	-0.00790255	-0.00691977	-0.000947867	-0.00194392	
186	-0.0714002	-1.46197	-0.0897572	-0.00713697	-0.000939793	-0.0012404	
187	-0.0714002	-1.46197	-0.0897572	-0.00713697	-0.000939793	-0.0012404	
188	-0.0596192	-1.07287	-0.142579	-0.00734851	-0.000868106	-0.000252299	
189	-0.0596192	-1.07287	-0.142579	-0.00734851	-0.000868106	-0.000252299	
190	0.0145366	-0.809974	-0.158522	-0.00749666	-0.000762431	0.000758418	
191	0.0145366	-0.809974	-0.158522	-0.00749666	-0.000762431	0.000758418	
192	0.122652	-0.723593	-0.140877	-0.00754034	-0.000662049	0.00152334	
193	0.122652	-0.723593	-0.140877	-0.00754034	-0.000662049	0.00152334	
194	0.225793	-0.819153	-0.102613	-0.00746791	-0.000603694	0.00183264	
195	0.225793	-0.819153	-0.102613	-0.00746791	-0.000603694	0.00183264	
196	0.287129	-1.05609	-0.0619942	-0.00730174	-0.000609949	0.00158538	
197	0.287129	-1.05609	-0.0619942	-0.00730174	-0.000609949	0.00158538	
198	0.283571	-1.35841	-0.0368015	-0.00709266	-0.000682041	0.000812654	
199	0.283571	-1.35841	-0.0368015	-0.00709266	-0.000682041	0.000812654	
200	0.212615	-1.63418	-0.039049	-0.0069058	-0.000799464	-0.000332149	
201	0.212615	-1.63418	-0.039049	-0.0069058	-0.000799464	-0.000332149	
202	0.0923336	-1.7987	-0.0718356	-0.00680183	-0.000926624	-0.00161276	
203	0.0923336	-1.7987	-0.0718356	-0.00680183	-0.000926624	-0.00161276	
204	-0.0451644	-1.7955	-0.129169	-0.00681925	-0.00102433	-0.00276872	
205	-0.0451644	-1.7955	-0.129169	-0.00681925	-0.00102433	-0.00276872	
206	-0.164367	-1.60979	-0.198594	-0.00696284	-0.00106236	-0.00357787	
207	-0.164367	-1.60979	-0.198594	-0.00696284	-0.00106236	-0.00357787	
208	-0.237417	-1.27116	-0.265572	-0.00720209	-0.00102904	-0.00390674	
209	-0.237417	-1.27116	-0.265572	-0.00720209	-0.00102904	-0.00390674	
210	-0.252056	-0.845188	-0.318111	-0.00747995	-0.00093463	-0.00373608	
211	-0.252056	-0.845188	-0.318111	-0.00747995	-0.00093463	-0.00373608	
212	-0.214171	-0.416523	-0.350176	-0.00772946	-0.00080761	-0.0031562	
213	-0.214171	-0.416523	-0.350176	-0.00772946	-0.00080761	-0.0031562	
214	-0.144555	-0.0679814	-0.362959	-0.00789342	-0.000685178	-0.00233455	
215	-0.144555	-0.0679814	-0.362959	-0.00789342	-0.000685178	-0.00233455	
216	-0.0713629	0.138653	-0.363804	-0.00794084	-0.00060118	-0.0014661	
217	-0.0713629	0.138653	-0.363804	-0.00794084	-0.00060118	-0.0014661	
218	-0.0209875	0.175386	-0.363332	-0.00787524	-0.000575484	-0.000720947	
219	-0.0209875	0.175386	-0.363332	-0.00787524	-0.000575484	-0.000720947	
220	-0.0102957	0.051437	-0.371808	-0.00773201	-0.00060822	-0.000204056	
221	-0.0102957	0.051437	-0.371808	-0.00773201	-0.00060822	-0.000204056	
222	-0.0425224	-0.192818	-0.395921	-0.00756558	-0.000680598	6.28244e-05	
223	-0.0425224	-0.192818	-0.395921	-0.00756558	-0.000680598	6.28244e-05	
224	-0.107753	-0.498857	-0.436931	-0.00743071	-0.000761822	0.000134238	
225	-0.107753	-0.498857	-0.436931	-0.00743071	-0.000761822	0.000134238	
226	-0.187434	-0.805782	-0.490648	-0.0073642	-0.000819599	0.000114207	
227	-0.187434	-0.805782	-0.490648	-0.0073642	-0.000819599	0.000114207	
228	-0.261138	-1.06427	-0.549129	-0.00737332	-0.000830644	0.000120154	
229	-0.261138	-1.06427	-0.549129	-0.00737332	-0.000830644	0.000120154	
230	-0.313233	-1.24527	-0.603446	-0.00743513	-0.000787688	0.000249624	
231	-0.313233	-1.24527	-0.603446	-0.00743513	-0.000787688	0.000249624	
232	-0.337321	-1.34213	-0.646598	-0.00750695	-0.000700807	0.000558869	
233	-0.337321	-1.34213	-0.646598	-0.00750695	-0.000700807	0.000558869	
234	-0.337152	-1.36685	-0.675623	-0.00754391	-0.000592855	0.00105652	
235	-0.337152	-1.36685	-0.675623	-0.00754391	-0.000592855	0.00105652	
236	-0.323985	-1.34308	-0.692249	-0.00751724	-0.000490828	0.00170955	
237	-0.323985	-1.34308	-0.692249	-0.00751724	-0.000490828	0.00170955	
238	-0.311562	-1.29847	-0.701958	-0.00742591	-0.000416319	0.00245489	
239	-0.311562	-1.29847	-0.701958	-0.00742591	-0.000416319	0.00245489	
240	-0.310649	-1.25851	-0.711829	-0.00729736	-0.000378435	0.00321045	
241	-0.310649	-1.25851	-0.711829	-0.00729736	-0.000378435	0.00321045	
242	-0.325184	-1.24241	-0.727972	-0.00717693	-0.000371576	0.00388228	
243	-0.325184	-1.24241	-0.727972	-0.00717693	-0.000371576	0.00388228	
244	-0.35139	-1.26078	-0.753471	-0.0071103	-0.000378626	0.00436978	
245	-0.35139	-1.26078	-0.753471	-0.0071103	-0.000378626	0.00436978	
246	-0.380058	-1.31383	-0.787562	-0.00712588	-0.000378141	0.00457344	
247	-0.380058	-1.31383	-0.787562	-0.00712588	-0.000378141	0.00457344	
248	-0.400953	-1.38991	-0.826252	-0.00722442	-0.000352674	0.00440974	
249	-0.400953	-1.38991	-0.826252	-0.00722442	-0.000352674	0.00440974	
250	-0.407429	-1.46485	-0.864094	-0.00737969	-0.000295054	0.00383344	
251	-0.407429	-1.46485	-0.864094	-0.00737969	-0.000295054	0.00383344	
252	-0.399292	-1.50372	-0.896335	-0.00754978	-0.00021034	0.00286173	
253	-0.399292	-1.50372	-0.896335	-0.00754978	-0.00021034	0.00286173	
254	-0.38266	-1.46627	-0.92059	-0.00769399	-0.00011294	0.00159035	
255	-0.38266	-1.46627	-0.92059	-0.00769399	-0.00011294	0.00159035	
256	-0.366898	-1.31644	-0.937396	-0.00778822	-2.02963e-05	0.000191203	
257	-0.366898	-1.31644	-0.937396	-0.00778822	-2.02963e-05	0.000191203	
258	-0.359969	-1.03434	-0.949516	-0.00783241	5.41052e-05	-0.00111414	
259	-0.359969	-1.03434	-0.949516	-0.00783241	5.41052e-05	-0.00111414	
260	-0.364296	-0.626907	-0.960397	-0.00784748	0.000105521	-0.00210169	
261	-0.364296	-0.626907	-0.960397	-0.00784748	0.000105521	-0.00210169	
262	-0.375067	-0.133247	-0.972518	-0.00786337	0.000138647	-0.00260091	
263	-0.375067	-0.133247	-0.972518	-0.00786337	0.000138647	-0.00260091	
264	-0.381868	0.378805	-0.986397	-0.00790397	0.000164181	-0.00254156	
265	-0.381868	0.378805	-0.986397	-0.00790397	0.000164181	-0.00254156	
266	-0.373068	0.825519	-1.00066	-0.00797556	0.000192977	-0.00197487	
267	-0.373068	0.825519	-1.00066	-0.00797556	0.000192977	-0.00197487	
268	-0.341112	1.12681	-1.01309	-0.0080636	0.000230536	-0.00106034	
269	-0.341112	1.12681	-1.01309	-0.0080636	0.000230536	-0.00106034	
270	-0.286401	1.22699	-1.02206	-0.00813899	0.000274335	-2.11826e-05	
271	-0.286401	1.22699	-1.02206	-0.00813899	0.000274335	-2.11826e-05	
272	-0.217985	1.11039	-1.02764	-0.00817074	0.000315154	0.000917604	
273	-0.217985	1.11039	-1.02764	-0.00817074	0.000315154	0.000917604	
274	-0.150629	0.806512	-1.03183	-0.00813932	0.000341718	0.00158831	
275	-0.150629	0.806512	-1.03183	-0.00813932	0.000341718	0.00158831	
276	-0.0994141	0.383013	-1.0377	-0.00804515	0.00034644	0.00191789	
277	-0.0994141	0.383013	-1.0377	-0.00804515	0.00034644	0.00191789	
278	-0.0740737	-0.0714673	-1.04785	-0.00790905	0.000329555	0.00193308	
279	-0.0740737	-0.0714673	-1.04785	-0.00790905	0.000329555	0.00193308	
280	-0.0754192	-0.469343	-1.063	-0.00776493	0.000299692	0.00173444	
281	-0.0754192	-0.469343	-1.063	-0.00776493	0.000299692	0.00173444	
282	-0.0953071	-0.744267	-1.08121	-0.00764831	0.000270605	0.00145121	
283	-0.0953071	-0.744267	-1.08121	-0.00764831	0.000270605	0.00145121	
284	-0.120082	-0.863862	-1.09829	-0.00758529	0.000255525	0.00119403	
285	-0.120082	-0.863862	-1.09829	-0.00758529	0.000255525	0.00119403	
286	-0.135981	-0.832143	-1.10921	-0.00758605	0.000261726	0.00102183	
287	-0.135981	-0.832143	-1.10921	-0.00758605	0.000261726	0.00102183	
288	-0.134236	-0.682301	-1.10987	-0.00764439	0.000287754	0.000931935	
289	-0.134236	-0.682301	-1.10987	-0.00764439	0.000287754	0.000931935	
290	-0.113833	-0.463347	-1.09864	-0.00774232	0.000324518	0.000873189	
291	-0.113833	-0.463347	-1.09864	-0.00774232	0.000324518	0.000873189	
292	-0.0809928	-0.225394	-1.07689	-0.00785717	0.000359693	0.000774141	
293	-0.0809928	-0.225394	-1.07689	-0.00785717	0.000359693	0.000774141	
294	-0.0458404	-0.00794129	-1.04842	-0.00796797	0.000383331	0.000574399	
295	-0.0458404	-0.00794129	-1.04842	-0.00796797	0.000383331	0.000574399	
296	-0.0178772	0.166283	-1.018	-0.00805967	0.000392136	0.000248364	
297	-0.0178772	0.166283	-1.018	-0.00805967	0.000392136	0.000248364	
298	-0.00219207	0.291532	-0.989723	-0.00812439	0.000390513	-0.000184892	
299	-0.00219207	0.291532	-0.989723	-0.00812439	0.000390513	-0.000184892	
300	0.00212769	0.374727	-0.965659	-0.00816091	0.000388049	-0.000666164	
301	0.00212769	0.374727	-0.965659	-0.00816091	0.000388049	-0.000666164	
302	0.000995592	0.42895	-0.945464	-0.00817319	0.000394735	-0.00111129	
303	0.000995592	0.42895	-0.945464	-0.00817319	0.000394735	-0.00111129	
304	0.00244811	0.467006	-0.926873	-0.0081688	0.000416183	-0.00143122	
305	0.00244811	0.467006	-0.926873	-0.0081688	0.000416183	-0.00143122	
306	0.0132744	0.496688	-0.906838	-0.00815724	0.000450992	-0.00155182	
307	0.0132744	0.496688	-0.906838	-0.00815724	0.000450992	-0.00155182	
308	0.0365393	0.518523	-0.882811	-0.00814774	0.000491337	-0.00142986	
309	0.0365393	0.518523	-0.882811	-0.00814774	0.000491337	-0.00142986	
310	0.0708093	0.526078	-0.853675	-0.00814665	0.000526304	-0.00106346	
311	0.0708093	0.526078	-0.853675	-0.00814665	0.000526304	-0.00106346	
312	0.111074	0.508456	-0.82006	-0.00815501	0.000546332	-0.000495973	
313	0.111074	0.508456	-0.82006	-0.00815501	0.000546332	-0.000495973	
314	0.150696	0.454332	-0.784013	-0.00816742	0.000546756	0.000187282	
315	0.150696	0.454332	-0.784013	-0.00816742	0.000546756	0.000187282	
316	0.183469	0.356649	-0.748241	-0.00817325	0.000529053	0.000870172	
317	0.183469	0.356649	-0.748241	-0.00817325	0.000529053	0.000870172	
318	0.205076	0.216873	-0.715243	-0.00816052	0.000499556	0.00142437	
319	0.205076	0.216873	-0.715243	-0.00816052	0.000499556	0.00142437	
320	0.213669	0.0476067	-0.686598	-0.00812113	0.000466557	0.00173347	
321	0.213669	0.0476067	-0.686598	-0.00812113	0.000466557	0.00173347	
322	0.209751	-0.127488	-0.662592	-0.00805559	0.000437297	0.00171819	
323	0.209751	-0.127488	-0.662592	-0.00805559	0.000437297	0.00171819	
324	0.195716	-0.276982	-0.642202	-0.00797491	0.000416092	0.00135708	
325	0.195716	-0.276982	-0.642202	-0.00797491	0.000416092	0.00135708	
326	0.175354	-0.367865	-0.623397	-0.00789847	0.00040411	0.000696467	
327	0.175354	-0.367865	-0.623397	-0.00789847	0.00040411	0.000696467	
328	0.153384	-0.373391	-0.603651	-0.00784821	0.000400361	-0.000153963	
329	0.153384	-0.373391	-0.603651	-0.00784821	0.000400361	-0.000153963	
330	0.134879	-0.280631	-0.580554	-0.00784114	0.000402999	-0.00104064	
331	0.134879	-0.280631	-0.580554	-0.00784114	0.000402999	-0.00104064	
332	0.12442	-0.0956489	-0.552421	-0.0078831	0.00041008	-0.00179684	
333	0.12442	-0.0956489	-0.552421	-0.0078831	0.00041008	-0.00179684	
334	0.125002	0.155372	-0.518773	-0.00796606	0.000419515	-0.00227794	
335	0.125002	0.155372	-0.518773	-0.00796606	0.000419515	-0.00227794	
336	0.136969	0.429709	-0.480568	-0.00807017	0.000428591	-0.00239275	
337	0.136969	0.429709	-0.480568	-0.00807017	0.000428591	-0.00239275	
338	0.157447	0.675851	-0.44009	-0.00816959	0.000433788	-0.00212363	
339	0.157447	0.675851	-0.44009	-0.00816959	0.000433788	-0.00212363	
340	0.180706	0.843819	-0.400456	-0.00824	0.000431417	-0.00153066	
341	0.180706	0.843819	-0.400456	-0.00824	0.000431417	-0.00153066	
342	0.199553	0.895743	-0.364834	-0.00826512	0.000419035	-0.000739035	
343	0.199553	0.895743	-0.364834	-0.00826512	0.000419035	-0.000739035	
344	0.207473	0.814345	-0.335547	-0.00824025	0.000396975	8.71627e-05	
345	0.207473	0.814345	-0.335547	-0.00824025	0.000396975	8.71627e-05	
346	0.20081	0.60738	-0.313346	-0.00817225	0.000369033	0.000779013	
347	0.20081	0.60738	-0.313346	-0.00817225	0.000369033	0.000779013	
348	0.180181	0.306995	-0.297097	-0.00807641	0.000341678	0.00119714	
349	0.180181	0.306995	-0.297097	-0.00807641	0.000341678	0.00119714	
350	0.150499	-0.0359847	-0.284039	-0.00797201	0.000321854	0.00125929	
351	0.150499	-0.0359847	-0.284039	-0.00797201	0.000321854	0.00125929	
352	0.119487	-0.361766	-0.270563	-0.00787777	0.000314219	0.000955695	
353	0.119487	-0.361766	-0.270563	-0.00787777	0.000314219	0.000955695	
354	0.0951401	-0.613392	-0.253313	-0.00780849	0.000319082	0.000349318	
355	0.0951401	-0.613392	-0.253313	-0.00780849	0.000319082	0.000349318	
356	0.0830271	-0.748244	-0.230244	-0.00777304	0.00033208	-0.000438611	
357	0.0830271	-0.748244	-0.230244	-0.00777304	0.00033208	-0.000438611	
358	0.0844542	-0.746835	-0.201287	-0.0077736	0.000345839	-0.00125448	
359	0.0844542	-0.746835	-0.201287	-0.0077736	0.000345839	-0.00125448	
360	0.096202	-0.616987	-0.168364	-0.0078058	0.000352948	-0.00194408	
361	0.096202	-0.616987	-0.168364	-0.0078058	0.000352948	-0.00194408	
362	0.111963	-0.392371	-0.134731	-0.00785972	0.000348908	-0.00238366	
363	0.111963	-0.392371	-0.134731	-0.00785972	0.000348908	-0.00238366	
364	0.124928	-0.125577	-0.103854	-0.00792162	0.000333717	-0.00250374	
365	0.124928	-0.125577	-0.103854	-0.00792162	0.000333717	-0.00250374	
366	0.130479	0.122912	-0.0782054	-0.00797642	0.000311406	-0.00230094	
367	0.130479	0.122912	-0.0782054	-0.00797642	0.000311406	-0.00230094	
368	0.127888	0.297553	-0.0584131	-0.00801075	0.000287811	-0.00183541	
369	0.127888	0.297553	-0.0584131	-0.00801075	0.000287811	-0.00183541	
370	0.120293	0.359583	-0.0430837	-0.00801582	0.000267705	-0.00121478	
371	0.120293	0.359583	-0.0430837	-0.00801582	0.000267705	-0.00121478	
372	0.112946	0.295275	-0.0293715	-0.00798939	0.000252696	-0.000568212	
373	0.112946	0.295275	-0.0293715	-0.00798939	0.000252696	-0.000568212	
374	0.110493	0.118727	-0.0140862	-0.00793619	0.00024087	-1.66893e-05	
375	0.110493	0.118727	-0.0140862	-0.00793619	0.00024087	-1.66893e-05	
376	0.114509	-0.131442	0.00508484	-0.00786668	0.000228268	0.000353578	
377	0.114509	-0.131442	0.00508484	-0.00786668	0.000228268	0.000353578	
378	0.122472	-0.400778	0.0287253	-0.00779436	0.000211389	0.000508397	
379	0.122472	-0.400778	0.0287253	-0.00779436	0.000211389	0.000508397	
380	0.12875	-0.63105	0.0555545	-0.00773264	0.000189419	0.000469483	
381	0.12875	-0.63105	0.0555545	-0.00773264	0.000189419	0.000469483	
382	0.127285	-0.77289	0.0830667	-0.00769204	0.000165017	0.000304417	
383	0.127285	-0.77289	0.0830667	-0.00769204	0.000165017	0.000304417	
384	0.114826	-0.79609	0.10868	-0.00767841	0.000143273	0.000105835	
385	0.114826	-0.79609	0.10868	-0.00767841	0.000143273	0.000105835	
386	0.0931719	-0.695187	0.130905	-0.00769244	0.000129287	-3.40505e-05	
387	0.0931719	-0.695187	0.130905	-0.00769244	0.000129287	-3.40505e-05	
388	0.0692606	-0.489199	0.150017	-0.00773016	0.000125549	-4.62744e-05	
389	0.0692606	-0.489199	0.150017	-0.00773016	0.000125549	-4.62744e-05	
390	0.052787	-0.215877	0.167934	-0.00778424	0.000130355	0.000100964	
391	0.052787	-0.215877	0.167934	-0.00778424	0.000130355	0.000100964	
392	0.0522178	0.0777648	0.187337	-0.00784547	0.000138043	0.000400449	
393	0.0522178	0.0777648	0.187337	-0.00784547	0.000138043	0.000400449	
394	0.0708653	0.345962	0.210419	-0.00790428	0.000140959	0.000815172	
395	0.0708653	0.345962	0.210419	-0.00790428	0.000140959	0.000815172	
396	0.104813	0.553031	0.237845	-0.00795203	0.000132348	0.00129401	
397	0.104813	0.553031	0.237845	-0.00795203	0.000132348	0.00129401	
398	0.14378	0.678494	0.268383	-0.00798207	0.000108935	0.00178738	
399	0.14378	0.678494	0.268383	-0.00798207	0.000108935	0.00178738	
400	0.174753	0.717818	0.29943	-0.00799035	7.21605e-05	0.00225731	
401	0.174753	0.717818	0.29943	-0.00799035	7.21605e-05	0.00225731	
402	0.186971	0.679449	0.328184	-0.00797565	2.76163e-05	0.00267923	
403	0.186971	0.679449	0.328184	-0.00797565	2.76163e-05	0.00267923	
404	0.176174	0.579825	0.352951	-0.00793933	-1.69997e-05	0.00303679	
405	0.176174	0.579825	0.352951	-0.00793933	-1.69997e-05	0.00303679	
406	0.146278	0.438285	0.373987	-0.00788502	-5.4563e-05	0.00331412	
407	0.146278	0.438285	0.373987	-0.00788502	-5.4563e-05	0.00331412	
408	0.107734	0.273314	0.393459	-0.00781813	-8.07935e-05	0.00349059	
409	0.107734	0.273314	0.393459	-0.00781813	-8.07935e-05	0.00349059	
410	0.0732787	0.10058	0.414555	-0.00774562	-9.53438e-05	0.00354163	
411	0.0732787	0.10058	0.414555	-0.00774562	-9.53438e-05	0.00354163	
412	0.0528982	-0.0676525	0.440122	-0.00767575	-0.000101448	0.00344554	
413	0.0528982	-0.0676525	0.440122	-0.00767575	-0.000101448	0.00344554	
414	0.050181	-0.222616	0.471446	-0.00761755	-0.000104428	0.00319312	
415	0.050181	-0.222616	0.471446	-0.00761755	-0.000104428	0.00319312	
416	0.0615238	-0.359351	0.507733	-0.00757963	-0.000109715	0.00279502	
417	0.0615238	-0.359351	0.507733	-0.00757963	-0.000109715	0.00279502	
418	0.0783607	-0.477306	0.546475	-0.00756822	-0.000121122	0.00228297	
419	0.0783607	-0.477306	0.546475	-0.00756822	-0.000121122	0.00228297	
420	0.0912256	-0.580667	0.584534	-0.00758488	-0.000139898	0.00170383	
421	0.0912256	-0.580667	0.584534	-0.00758488	-0.000139898	0.00170383	
422	0.0937167	-0.67758	0.619391	-0.00762476	-0.000164747	0.00110904	
423	0.0937167	-0.67758	0.619391	-0.00762476	-0.000164747	0.00110904	
424	0.0846207	-0.7778	0.650016	-0.00767648	-0.000192643	0.000544254	
425	0.0846207	-0.7778	0.650016	-0.00767648	-0.000192643	0.000544254	
426	0.0674419	-0.889112	0.676988	-0.00772437	-0.000220058	4.34101e-05	
427	0.0674419	-0.889112	0.676988	-0.00772437	-0.000220058	4.34101e-05	
428	0.0478661	-1.01369	0.701891	-0.00775271	-0.000244126	-0.00037089	
429	0.0478661	-1.01369	0.701891	-0.00775271	-0.000244126	-0.00037089	
430	0.0306125	-1.14595	0.726349	-0.00775083	-0.000263384	-0.000682637	
431	0.0306125	-1.14595	0.726349	-0.00775083	-0.000263384	-0.000682637	
432	0.0172804	-1.27308	0.751221	-0.00771714	-0.000277932	-0.000877609	
433	0.0172804	-1.27308	0.751221	-0.00771714	-0.000277932	-0.000877609	
434	0.00613391	-1.37825	0.776317	-0.00766022	-0.000289023	-0.000942802	
435	0.00613391	-1.37825	0.776317	-0.00766022	-0.000289023	-0.000942802	
436	-0.00631248	-1.44554	0.800759	-0.00759626	-0.000298317	-0.000871735	
437	-0.00631248	-1.44554	0.800759	-0.00759626	-0.000298317	-0.000871735	
438	-0.0229693	-1.46456	0.823697	-0.00754359	-0.000307061	-0.000673277	
439	-0.0229693	-1.46456	0.823697	-0.00754359	-0.000307061	-0.000673277	
440	-0.0444611	-1.43291	0.844973	-0.00751617	-0.000315475	-0.00037866	
441	-0.0444611	-1.43291	0.844973	-0.00751617	-0.000315475	-0.00037866	
442	-0.0689282	-1.35573	0.865349	-0.00751882	-0.000322531	-4.10123e-05	
443	-0.0689282	-1.35573	0.865349	-0.00751882	-0.000322531	-4.10123e-05	
444	-0.0933223	-1.24267	0.886176	-0.00754592	-0.000326156	0.000275267	
445	-0.0933223	-1.24267	0.886176	-0.00754592	-0.000326156	0.000275267	
446	-0.115314	-1.10425	0.908685	-0.00758426	-0.000323777	0.000512994	
447	-0.115314	-1.10425	0.908685	-0.00758426	-0.000323777	0.000512994	
448	-0.134605	-0.949285	0.933315	-0.00761859	-0.000313052	0.000641674	
449	-0.134605	-0.949285	0.933315	-0.00761859	-0.000313052	0.000641674	
450	-0.152821	-0.785049	0.959412	-0.00763762	-0.000292575	0.000669304	
451	-0.152821	-0.785049	0.959412	-0.00763762	-0.000292575	0.000669304	
452	-0.171998	-0.61969	0.985505	-0.00763789	-0.000262396	0.000640151	
453	-0.171998	-0.61969	0.985505	-0.00763789	-0.000262396	0.000640151	
454	-0.192578	-0.465557	1.00998	-0.007624	-0.000224243	0.000617645	
455	-0.192578	-0.465557	1.00998	-0.007624	-0.000224243	0.000617645	
456	-0.21214	-0.341022	1.03183	-0.00760554	-0.00018139	0.000658047	
457	-0.21214	-0.341022	1.03183	-0.00760554	-0.00018139	0.000658047	
458	-0.225784	-0.26901	1.05106	-0.00759226	-0.000138169	0.000784938	
459	-0.225784	-0.26901	1.05106	-0.00759226	-0.000138169	0.000784938	
460	-0.228202	-0.271807	1.0686	-0.00758984	-9.91818e-05	0.000974906	
461	-0.228202	-0.271807	1.0686	-0.00758984	-9.91818e-05	0.000974906	
462	-0.216481	-0.363577	1.08577	-0.00759798	-6.8321e-05	0.00116066	
463	-0.216481	-0.363577	1.08577	-0.00759798	-6.8321e-05	0.00116066	
464	-0.192197	-0.543304	1.10354	-0.00761144	-4.78119e-05	0.00125106	
465	-0.192197	-0.543304	1.10354	-0.00761144	-4.78119e-05	0.00125106	
466	-0.161591	-0.791086	1.12218	-0.00762311	-3.75319e-05	0.00116094	
467	-0.161591	-0.791086	1.12218	-0.00762311	-3.75319e-05	0.00116094	
468	-0.133511	-1.06969	1.14122	-0.00762746	-3.48847e-05	0.000840091	
469	-0.133511	-1.06969	1.14122	-0.00762746	-3.48847e-05	0.000840091	
470	-0.115901	-1.33133	1.15996	-0.00762267	-3.53969e-05	0.000291572	
471	-0.115901	-1.33133	1.15996	-0.00762267	-3.53969e-05	0.000291572	
472	-0.1124	-1.5279	1.17809	-0.00761079	-3.39895e-05	-0.000426277	
473	-0.1124	-1.5279	1.17809	-0.00761079	-3.39895e-05	-0.000426277	
474	-0.120646	-1.62141	1.19606	-0.00759603	-2.66026e-05	-0.00121331	
475	-0.120646	-1.62141	1.19606	-0.00759603	-2.66026e-05	-0.00121331	
476	-0.133126	-1.5919	1.21507	-0.00758264	-1.16378e-05	-0.00195099	
477	-0.133126	-1.5919	1.21507	-0.00758264	-1.16378e-05	-0.00195099	
478	-0.140275	-1.44064	1.23644	-0.00757323	9.357e-06	-0.00252779	
479	-0.140275	-1.44064	1.23644	-0.00757323	9.357e-06	-0.00252779	
480	-0.13448	-1.18841	1.26086	-0.0075685	3.21319e-05	-0.00285992	
481	-0.13448	-1.18841	1.26086	-0.0075685	3.21319e-05	-0.00285992	
482	-0.113243	-0.870064	1.28781	-0.0075681	5.12734e-05	-0.00290361	
483	-0.113243	-0.870064	1.28781	-0.0075681	5.12734e-05	-0.00290361	
484	-0.0801566	-0.52714	1.31537	-0.00757169	6.23411e-05	-0.00265891	
485	-0.0801566	-0.52714	1.31537	-0.00757169	6.23411e-05	-0.00265891	
486	-0.0433081	-0.200647	1.34082	-0.00757961	6.37945e-05	-0.00216715	
487	-0.0433081	-0.200647	1.34082	-0.00757961	6.37945e-05	-0.00216715	
488	-0.0118791	0.0748754	1.36149	-0.00759245	5.78997e-05	-0.00150426	
489	-0.0118791	0.0748754	1.36149	-0.00759245	5.78997e-05	-0.00150426	
490	0.00756947	0.275426	1.37576	-0.00761004	5.01599e-05	-0.000771358	
491	0.00756947	0.275426	1.37576	-0.00761004	5.01599e-05	-0.000771358	
492	0.0135801	0.389792	1.38364	-0.00763054	4.73963e-05	-8.259e-05	
493	0.0135801	0.389792	1.38364	-0.00763054	4.73963e-05	-8.259e-05	
494	0.0101164	0.420165	1.38669	-0.00765039	5.51844e-05	0.000450248	
495	0.0101164	0.420165	1.38669	-0.00765039	5.51844e-05	0.000450248	
496	0.00474753	0.381183	1.38745	-0.00766538	7.56598e-05	0.000735424	
497	0.00474753	0.381183	1.38745	-0.00766538	7.56598e-05	0.000735424	
498	0.00559575	0.297306	1.38844	-0.0076725	0.000106592	0.000718844	
499	0.00559575	0.297306	1.38844	-0.0076725	0.000106592	0.000718844	
500	0.0183529	0.198545	1.39134	-0.00767147	0.000142119	0.000397293	
501	0.0183529	0.198545	1.39134	-0.00767147	0.000142119	0.000397293	
502	0.0445027	0.114965	1.39659	-0.0076652	0.00017485	-0.000177	
503	0.0445027	0.114965	1.39659	-0.0076652	0.00017485	-0.000177	
504	0.0812738	0.0708956	1.4034	-0.00765876	0.000198458	-0.00090322	
505	0.0812738	0.0708956	1.4034	-0.00765876	0.000198458	-0.00090322	
506	0.123113	0.0801808	1.41038	-0.00765727	0.000209707	-0.00164995	
507	0.123113	0.0801808	1.41038	-0.00765727	0.000209707	-0.00164995	
508	0.163914	0.143735	1.41615	-0.00766364	0.000209104	-0.00228073	
509	0.163914	0.143735	1.41615	-0.00766364	0.000209104	-0.00228073	
510	0.199074	0.250189	1.41994	-0.00767727	0.000199997	-0.00268117	
511	0.199074	0.250189	1.41994	-0.00767727	0.000199997	-0.00268117	
512	0.226652	0.379516	1.42171	-0.00769429	0.000186613	-0.00278122	
513	0.226652	0.379516	1.42171	-0.00769429	0.000186613	-0.00278122	
514	0.247365	0.508683	1.42198	-0.00770922	0.000171965	-0.00256735	
515	0.247365	0.508683	1.42198	-0.00770922	0.000171965	-0.00256735	
516	0.263608	0.617739	1.42141	-0.00771726	0.000156589	-0.00208227	
517	0.263608	0.617739	1.42141	-0.00771726	0.000156589	-0.00208227	
518	0.278004	0.694689	1.42028	-0.00771612	0.000138638	-0.00141277	
519	0.278004	0.694689	1.42028	-0.00771612	0.000138638	-0.00141277	
520	0.292082	0.737894	1.41823	-0.00770668	0.000115238	-0.000669099	
521	0.292082	0.737894	1.41823	-0.00770668	0.000115238	-0.000669099	
522	0.305546	0.755472	1.41432	-0.00769236	8.44045e-05	3.92167e-05	
523	0.305546	0.755472	1.41432	-0.00769236	8.44045e-05	3.92167e-05	
524	0.316354	0.762025	1.40735	-0.0076775	4.65993e-05	0.000625808	
525	0.316354	0.762025	1.40735	-0.0076775	4.65993e-05	0.000625808	
526	0.321542	0.773659	1.39628	-0.00766574	5.1666e-06	0.00104333	
527	0.321542	0.773659	1.39628	-0.00766574	5.1666e-06	0.00104333	
528	0.318487	0.802668	1.38071	-0.00765899	-3.45941e-05	0.00128962	
529	0.318487	0.802668	1.38071	-0.00765899	-3.45941e-05	0.00128962	
530	0.306161	0.853288	1.36108	-0.00765734	-6.73471e-05	0.00140289	
531	0.306161	0.853288	1.36108	-0.00765734	-6.73471e-05	0.00140289	
532	0.285915	0.919644	1.33863	-0.00765965	-8.98224e-05	0.0014473	
533	0.285915	0.919644	1.33863	-0.00765965	-8.98224e-05	0.0014473	
534	0.261452	0.986548	1.315	-0.00766438	-0.000102213	0.00149238	
535	0.261452	0.986548	1.315	-0.00766438	-0.000102213	0.00149238	
536	0.237905	1.03314	1.29172	-0.00767018	-0.000108277	0.00159159	
537	0.237905	1.03314	1.29172	-0.00767018	-0.000108277	0.00159159	
538	0.220243	1.03863	1.26966	-0.00767599	-0.000114094	0.0017658	
539	0.220243	1.03863	1.26966	-0.00767599	-0.000114094	0.0017658	
540	0.211512	0.988894	1.24861	-0.0076809	-0.00012596	0.0019964	
541	0.211512	0.988894	1.24861	-0.0076809	-0.00012596	0.0019964	
542	0.211552	0.882122	1.22729	-0.00768402	-0.000148234	0.0022304	
543	0.211552	0.882122	1.22729	-0.00768402	-0.000148234	0.0022304	
544	0.216713	0.731946	1.20365	-0.00768476	-0.000181922	0.0023962	
545	0.216713	0.731946	1.20365	-0.00768476	-0.000181922	0.0023962	
546	0.220802	0.56683	1.17547	-0.0076833	-0.000224474	0.00242571	
547	0.220802	0.56683	1.17547	-0.0076833	-0.000224474	0.00242571	
548	0.217022	0.425435	1.1411	-0.00768123	-0.000270793	0.00227631	
549	0.217022	0.425435	1.1411	-0.00768123	-0.000270793	0.00227631	
550	0.200253	0.348777	1.10001	-0.00768159	-0.000314993	0.0019459	
551	0.200253	0.348777	1.10001	-0.00768159	-0.000314993	0.0019459	
552	0.168867	0.370928	1.05303	-0.00768836	-0.000352233	0.00147663	
553	0.168867	0.370928	1.05303	-0.00768836	-0.000352233	0.00147663	
554	0.125387	0.510527	1.00216	-0.00770518	-0.000379994	0.000946026	
555	0.125387	0.510527	1.00216	-0.00770518	-0.000379994	0.000946026	
556	0.075698	0.765321	0.949981	-0.00773385	-0.000398421	0.000448042	
557	0.075698	0.765321	0.949981	-0.00773385	-0.000398421	0.000448042	
558	0.0271091	1.11117	0.898889	-0.00777317	-0.000409742	6.9577e-05	
559	0.0271091	1.11117	0.898889	-0.00777317	-0.000409742	6.9577e-05	
560	-0.0140438	1.50594	0.85041	-0.00781875	-0.000417124	-0.000131089	
561	-0.0140438	1.50594	0.85041	-0.00781875	-0.000417124	-0.000131089	
562	-0.0443506	1.89732	0.804847	-0.00786387	-0.00042344	-0.00013823	
563	-0.0443506	1.89732	0.804847	-0.00786387	-0.00042344	-0.00013823	
564	-0.0641473	2.23297	0.761361	-0.0079011	-0.000430409	1.83322e-05	
565	-0.0641473	2.23297	0.761361	-0.0079011	-0.000430409	1.83322e-05	
566	-0.0769601	2.47057	0.718438	-0.00792437	-0.000438354	0.000271424	
567	-0.0769601	2.47057	0.718438	-0.00792437	-0.000438354	0.000271424	
568	-0.0878707	2.58577	0.674547	-0.00793041	-0.000446515	0.000533408	
569	-0.0878707	2.58577	0.674547	-0.00793041	-0.000446515	0.000533408	
570	-0.10149	2.57645	0.628726	-0.00791953	-0.000453683	0.000717414	
571	-0.10149	2.57645	0.628726	-0.00791953	-0.000453683	0.000717414	
572	-0.120328	2.46259	0.580883	-0.00789523	-0.000458817	0.000757958	
573	-0.120328	2.46259	0.580883	-0.00789523	-0.000458817	0.000757958	
574	-0.144111	2.28193	0.531743	-0.00786318	-0.000461389	0.000626565	
575	-0.144111	2.28193	0.531743	-0.00786318	-0.000461389	0.000626565	
576	-0.170194	2.08231	0.482483	-0.00782993	-0.000461388	0.000339273	
577	-0.170194	2.08231	0.482483	-0.00782993	-0.000461388	0.000339273	
578	-0.194764	1.9122	0.434274	-0.00780167	-0.000459097	-4.5353e-05	
579	-0.194764	1.9122	0.434274	-0.00780167	-0.000459097	-4.5353e-05	
580	-0.214271	1.81122	0.387894	-0.00778345	-0.000454856	-0.000437316	
581	-0.214271	1.81122	0.387894	-0.00778345	-0.000454856	-0.000437316	
582	-0.226522	1.80228	0.343588	-0.00777877	-0.00044899	-0.000733376	
583	-0.226522	1.80228	0.343588	-0.00777877	-0.00044899	-0.000733376	
584	-0.231116	1.8871	0.30115	-0.00778928	-0.000441952	-0.000839004	
585	-0.231116	1.8871	0.30115	-0.00778928	-0.000441952	-0.000839004	
586	-0.22919	2.04582	0.260167	-0.00781455	-0.000434566	-0.000689901	
587	-0.22919	2.04582	0.260167	-0.00781455	-0.000434566	-0.000689901	
588	-0.222761	2.24117	0.22024	-0.00785179	-0.000428138	-0.000268723	
589	-0.222761	2.24117	0.22024	-0.00785179	-0.000428138	-0.000268723	
590	-0.214015	2.42652	0.181103	-0.00789569	-0.000424265	0.000386799	
591	-0.214015	2.42652	0.181103	-0.00789569	-0.000424265	0.000386799	
592	-0.204826	2.55612	0.142571	-0.00793867	-0.000424288	0.00118667	
593	-0.204826	2.55612	0.142571	-0.00793867	-0.000424288	0.00118667	
594	-0.196575	2.59566	0.104433	-0.00797193	-0.000428595	0.0020026	
595	-0.196575	2.59566	0.104433	-0.00797193	-0.000428595	0.0020026	
596	-0.190147	2.53056	0.0663755	-0.00798715	-0.000436091	0.00269099	
597	-0.190147	2.53056	0.0663755	-0.00798715	-0.000436091	0.00269099	
598	-0.185904	2.37009	0.0280678	-0.00797865	-0.000444184	0.00312049	
599	-0.185904	2.37009	0.0280678	-0.00797865	-0.000444184	0.00312049	
600	-0.183521	2.14625	-0.0106056	-0.00794543	-0.000449449	0.00319865	
601	-0.183521	2.14625	-0.0106056	-0.00794543	-0.000449449	0.00319865	
602	-0.181737	1.90737	-0.0492542	-0.0078923	-0.000448835	0.00289169	
603	-0.181737	1.90737	-0.0492542	-0.0078923	-0.000448835	0.00289169	
604	-0.178232	1.70786	-0.0868112	-0.00782955	-0.000441001	0.0022332	
605	-0.178232	1.70786	-0.0868112	-0.00782955	-0.000441001	0.0022332	
606	-0.169906	1.5964	-0.121635	-0.00777095	-0.000427233	0.00131933	
607	-0.169906	1.5964	-0.121635	-0.00777095	-0.000427233	0.00131933	
608	-0.153681	1.60528	-0.151929	-0.00773056	-0.000411477	0.000291524	
609	-0.153681	1.60528	-0.151929	-0.00773056	-0.000411477	0.000291524	
610	-0.127702	1.74332	-0.17638	-0.00771897	-0.000399331	-0.0006897	
611	-0.127702	1.74332	-0.17638	-0.00771897	-0.000399331	-0.0006897	
612	-0.092514	1.99389	-0.194767	-0.00774036	-0.000396266	-0.00147456	
613	-0.092514	1.99389	-0.194767	-0.00774036	-0.000396266	-0.00147456	
614	-0.0516929	2.31846	-0.208289	-0.00779101	-0.000405651	-0.00195109	
615	-0.0516929	2.31846	-0.208289	-0.00779101	-0.000405651	-0.00195109	
616	-0.0114663	2.66464	-0.219396	-0.00786011	-0.000427306	-0.00206417	
617	-0.0114663	2.66464	-0.219396	-0.00786011	-0.000427306	-0.00206417	
618	0.0207721	2.97666	-0.231138	-0.00793244	-0.000457152	-0.00182297	
619	0.0207721	2.97666	-0.231138	-0.00793244	-0.000457152	-0.00182297	
620	0.0387143	3.20616	-0.246208	-0.00799231	-0.000488155	-0.00129581	
621	0.0387143	3.20616	-0.246208	-0.00799231	-0.000488155	-0.00129581	
622	0.0394276	3.32077	-0.266031	-0.00802754	-0.000512291	-0.000594059	
623	0.0394276	3.32077	-0.266031	-0.00802754	-0.000512291	-0.000594059	
624	0.024814	3.30887	-0.290245	-0.00803232	-0.000522917	0.000151152	
625	0.024814	3.30887	-0.290245	-0.00803232	-0.000522917	0.000151152	
626	0.00158201	3.18006	-0.316796	-0.00800826	-0.000516792	0.00081446	
627	0.00158201	3.18006	-0.316796	-0.00800826	-0.000516792	0.00081446	
628	-0.0204377	2.96135	-0.342637	-0.00796326	-0.000495101	0.00129886	
629	-0.0204377	2.96135	-0.342637	-0.00796326	-0.000495101	0.00129886	
630	-0.0311867	2.69053	-0.364792	-0.00790899	-0.00046319	0.00155104	
631	-0.0311867	2.69053	-0.364792	-0.00790899	-0.00046319	0.00155104	
632	-0.0235546	2.40814	-0.381396	-0.00785748	-0.000429142	0.00156687	
633	-0.0235546	2.40814	-0.381396	-0.00785748	-0.000429142	0.00156687	
634	0.00425305	2.14985	-0.392343	-0.00781818	-0.000401631	0.00138639	
635	0.00425305	2.14985	-0.392343	-0.00781818	-0.000401631	0.00138639	
636	0.048	1.9409	-0.399308	-0.00779601	-0.000387722	0.00108001	
637	0.048	1.9409	-0.399308	-0.00779601	-0.000387722	0.00108001	
638	0.0986335	1.7933	-0.405175	-0.00779092	-0.000391197	0.000729387	
639	0.0986335	1.7933	-0.405175	-0.00779092	-0.000391197	0.000729387	
640	0.145023	1.70622	-0.413111	-0.00779879	-0.000411832	0.000407623	
641	0.145023	1.70622	-0.413111	-0.00779879	-0.000411832	0.000407623	
642	0.177291	1.66912	-0.425629	-0.00781318	-0.000445738	0.000163342	
643	0.177291	1.66912	-0.425629	-0.00781318	-0.000445738	0.000163342	
644	0.189605	1.66641	-0.44399	-0.00782749	-0.000486577	1.24107e-05	
645	0.189605	1.66641	-0.44399	-0.00782749	-0.000486577	1.24107e-05	
646	0.181553	1.68251	-0.468093	-0.00783664	-0.000527291	-6.10735e-05	
647	0.181553	1.68251	-0.468093	-0.00783664	-0.000527291	-6.10735e-05	
648	0.157723	1.70582	-0.496821	-0.00783825	-0.00056183	-9.52376e-05	
649	0.157723	1.70582	-0.496821	-0.00783825	-0.00056183	-9.52376e-05	
650	0.125775	1.73061	-0.528641	-0.00783276	-0.000586454	-0.000135367	
651	0.125775	1.73061	-0.528641	-0.00783276	-0.000586454	-0.000135367	
652	0.0937675	1.75653	-0.562167	-0.00782282	-0.000600279	-0.000217794	
653	0.0937675	1.75653	-0.562167	-0.00782282	-0.000600279	-0.000217794	
654	0.0677024	1.78602	-0.596493	-0.00781217	-0.000604995	-0.000357414	
655	0.0677024	1.78602	-0.596493	-0.00781217	-0.000604995	-0.000357414	
656	0.0500563	1.82067	-0.631204	-0.00780417	-0.000603892	-0.000542344	
657	0.0500563	1.82067	-0.631204	-0.00780417	-0.000603892	-0.000542344	
658	0.0396696	1.85795	-0.666153	-0.00780072	-0.000600548	-0.000737022	
659	0.0396696	1.85795	-0.666153	-0.00780072	-0.000600548	-0.000737022	
660	0.0328361	1.88935	-0.701176	-0.00780162	-0.000597603	-0.000892533	
661	0.0328361	1.88935	-0.701176	-0.00780162	-0.000597603	-0.000892533	
662	0.0250612	1.90097	-0.735909	-0.00780473	-0.000596006	-0.000960842	
663	0.0250612	1.90097	-0.735909	-0.00780473	-0.000596006	-0.000960842	
664	0.0127946	1.87638	-0.769803	-0.0078069	-0.000594963	-0.000908605	
665	0.0127946	1.87638	-0.769803	-0.0078069	-0.000594963	-0.000908605	
666	-0.00544056	1.80109	-0.802314	-0.00780527	-0.000592532	-0.000726618	
667	-0.00544056	1.80109	-0.802314	-0.00780527	-0.000592532	-0.000726618	
668	-0.0288139	1.66739	-0.833154	-0.00779857	-0.000586607	-0.000432463	
669	-0.0288139	1.66739	-0.833154	-0.00779857	-0.000586607	-0.000432463	
670	-0.0547866	1.47792	-0.862464	-0.00778783	-0.000575876	-6.60491e-05	
671	-0.0547866	1.47792	-0.862464	-0.00778783	-0.000575876	-6.60491e-05	
672	-0.0802094	1.24705	-0.890827	-0.00777631	-0.000560373	0.000320205	
673	-0.0802094	1.24705	-0.890827	-0.00777631	-0.000560373	0.000320205	
674	-0.102467	0.999267	-0.919114	-0.00776839	-0.000541411	0.000673502	
675	-0.102467	0.999267	-0.919114	-0.00776839	-0.000541411	0.000673502	
676	-0.12027	0.765072	-0.948225	-0.00776803	-0.000520964	0.000951792	
677	-0.12027	0.765072	-0.948225	-0.00776803	-0.000520964	0.000951792	
678	-0.13387	0.575102	-0.978855	-0.00777712	-0.000500765	0.00113125	
679	-0.13387	0.575102	-0.978855	-0.00777712	-0.000500765	0.00113125	
680	-0.144702	0.453985	-1.01135	-0.00779448	-0.000481537	0.0012088	
681	-0.144702	0.453985	-1.01135	-0.00779448	-0.000481537	0.0012088	
682	-0.15465	0.415269	-1.04566	-0.00781594	-0.000462688	0.00119989	
683	-0.15465	0.415269	-1.04566	-0.00781594	-0.000462688	0.00119989	
684	-0.165229	0.45856	-1.08147	-0.00783542	-0.000442602	0.00113268	
685	-0.165229	0.45856	-1.08147	-0.00783542	-0.000442602	0.00113268	
686	-0.176973	0.569473	-1.11823	-0.00784679	-0.000419401	0.00104074	
687	-0.176973	0.569473	-1.11823	-0.00784679	-0.000419401	0.00104074	
688	-0.189237	0.722354	-1.15527	-0.00784584	-0.000391848	0.000955928	
689	-0.189237	0.722354	-1.15527	-0.00784584	-0.000391848	0.000955928	
690	-0.200438	0.885161	-1.19185	-0.00783163	-0.000359988	0.000903029	
691	-0.200438	0.885161	-1.19185	-0.00783163	-0.000359988	0.000903029	
692	-0.208652	1.02548	-1.22713	-0.00780687	-0.000325265	0.000896908	
693	-0.208652	1.02548	-1.22713	-0.00780687	-0.000325265	0.000896908	
694	-0.212332	1.11646	-1.26029	-0.00777717	-0.000290054	0.000942204	
695	-0.212332	1.11646	-1.26029	-0.00777717	-0.000290054	0.000942204	
696	-0.210926	1.14148	-1.29057	-0.00774942	-0.000256808	0.00103517	
697	-0.210926	1.14148	-1.29057	-0.00774942	-0.000256808	0.00103517	
698	-0.205162	1.09661	-1.31742	-0.00772989	-0.00022717	0.00116679	
699	-0.205162	1.09661	-1.31742	-0.00772989	-0.00022717	0.00116679	
700	-0.196924	0.990471	-1.34066	-0.00772251	-0.000201398	0.00132624	
701	-0.196924	0.990471	-1.34066	-0.00772251	-0.000201398	0.00132624	
702	-0.188739	0.841491	-1.3605	-0.00772796	-0.000178306	0.0015037	
703	-0.188739	0.841491	-1.3605	-0.00772796	-0.000178306	0.0015037	
704	-0.183025	0.673197	-1.37751	-0.00774359	-0.000155726	0.00169169	
705	-0.183025	0.673197	-1.37751	-0.00774359	-0.000155726	0.00169169	
706	-0.181326	0.508633	-1.39245	-0.00776427	-0.000131249	0.00188476	
707	-0.181326	0.508633	-1.39245	-0.00776427	-0.000131249	0.00188476	
708	-0.183753	0.365131	-1.40605	-0.00778377	-0.000102974	0.00207734	
709	-0.183753	0.365131	-1.40605	-0.00778377	-0.000102974	0.00207734	
710	-0.188794	0.250642	-1.4188	-0.00779639	-7.00019e-05	0.00226062	
711	-0.188794	0.250642	-1.4188	-0.00779639	-7.00019e-05	0.00226062	
712	-0.193573	0.1625	-1.43081	-0.0077983	-3.25526e-05	0.00241945	
713	-0.193573	0.1625	-1.43081	-0.0077983	-3.25526e-05	0.00241945	
714	-0.194506	0.0889016	-1.44188	-0.00778842	8.22769e-06	0.00253063	
715	-0.194506	0.0889016	-1.44188	-0.00778842	8.22769e-06	0.00253063	
716	-0.188204	0.0127504	-1.45155	-0.00776855	5.06098e-05	0.0025638	
717	-0.188204	0.0127504	-1.45155	-0.00776855	5.06098e-05	0.0025638	
718	-0.172421	-0.0830824	-1.45935	-0.00774281	9.26034e-05	0.00248553	
719	-0.172421	-0.0830824	-1.45935	-0.00774281	9.26034e-05	0.00248553	
720	-0.146795	-0.210399	-1.46493	-0.00771643	0.000132171	0.00226652	
721	-0.146795	-0.210399	-1.46493	-0.00771643	0.000132171	0.00226652	
722	-0.113184	-0.371614	-1.46822	-0.00769433	0.000167365	0.0018906	
723	-0.113184	-0.371614	-1.46822	-0.00769433	0.000167365	0.0018906	
724	-0.0754551	-0.558089	-1.46944	-0.00767978	0.000196487	0.00136341	
725	-0.0754551	-0.558089	-1.46944	-0.00767978	0.000196487	0.00136341	
726	-0.0387273	-0.751415	-1.469	-0.00767358	0.000218384	0.000718192	
727	-0.0387273	-0.751415	-1.469	-0.00767358	0.000218384	0.000718192	
728	-0.00821018	-0.927449	-1.4674	-0.00767401	0.000232846	1.63425e-05	
729	-0.00821018	-0.927449	-1.4674	-0.00767401	0.000232846	1.63425e-05	
730	0.0120951	-1.0622	-1.46504	-0.00767755	0.000240995	-0.00065876	
731	0.0120951	-1.0622	-1.46504	-0.00767755	0.000240995	-0.00065876	
732	0.0204781	-1.13809	-1.46215	-0.00768016	0.000245424	-0.0012144	
733	0.0204781	-1.13809	-1.46215	-0.00768016	0.000245424	-0.0012144	
734	0.018057	-1.14905	-1.4587	-0.00767875	0.000249891	-0.00156572	
735	0.018057	-1.14905	-1.4587	-0.00767875	0.000249891	-0.00156572	
736	0.00856948	-1.10292	-1.45438	-0.00767222	0.000258506	-0.0016539	
737	0.00856948	-1.10292	-1.45438	-0.00767222	0.000258506	-0.0016539	
738	-0.00257741	-1.02046	-1.44872	-0.00766181	0.000274589	-0.00146106	
739	-0.00257741	-1.02046	-1.44872	-0.00766181	0.000274589	-0.00146106	
740	-0.00975908	-0.930949	-1.44124	-0.00765061	0.000299542	-0.00101765	
741	-0.00975908	-0.930949	-1.44124	-0.00765061	0.000299542	-0.00101765	
742	-0.00867237	-0.865392	-1.43156	-0.00764234	0.000332169	-0.000400013	
743	-0.00867237	-0.865392	-1.43156	-0.00764234	0.000332169	-0.000400013	
744	0.00250208	-0.848915	-1.41957	-0.00764002	0.000368761	0.000282496	
745	0.00250208	-0.848915	-1.41957	-0.00764002	0.000368761	0.000282496	
746	0.0226744	-0.8943	-1.40549	-0.00764478	0.000404024	0.000908298	
747	0.0226744	-0.8943	-1.40549	-0.00764478	0.000404024	0.000908298	
748	0.0482851	-0.998368	-1.38991	-0.00765553	0.00043257	0.00136796	
749	0.0482851	-0.998368	-1.38991	-0.00765553	0.00043257	0.00136796	
750	0.0744572	-1.14224	-1.37361	-0.00766938	0.000450514	0.00158654	
751	0.0744572	-1.14224	-1.37361	-0.00766938	0.000450514	0.00158654	
752	0.0964748	-1.29548	-1.35745	-0.00768274	0.000456589	0.00153855	
753	0.0964748	-1.29548	-1.35745	-0.00768274	0.000456589	0.00153855	
754	0.111104	-1.42323	-1.34213	-0.00769266	0.000452407	0.00125216	
755	0.111104	-1.42323	-1.34213	-0.00769266	0.000452407	0.00125216	
756	0.117339	-1.49454	-1.32808	-0.00769782	0.000441768	0.000801547	
757	0.117339	-1.49454	-1.32808	-0.00769782	0.000441768	0.000801547	
758	0.116375	-1.48989	-1.31537	-0.00769894	0.000429298	0.000289503	
759	0.116375	-1.48989	-1.31537	-0.00769894	0.000429298	0.000289503	
760	0.110869	-1.40621	-1.30379	-0.00769827	0.000418937	-0.000175476	
761	0.110869	-1.40621	-1.30379	-0.00769827	0.000418937	-0.000175476	
762	0.103807	-1.25815	-1.29294	-0.00769862	0.000412832	-0.000502126	
763	0.103807	-1.25815	-1.29294	-0.00769862	0.000412832	-0.000502126	
764	0.0974108	-1.07541	-1.28242	-0.00770205	0.000411012	-0.000634299	
765	0.0974108	-1.07541	-1.28242	-0.00770205	0.000411012	-0.000634299	
766	0.0924576	-0.897016	-1.27192	-0.00770901	0.000411889	-0.000560274	
767	0.0924576	-0.897016	-1.27192	-0.00770901	0.000411889	-0.000560274	
768	0.0882544	-0.763648	-1.26124	-0.00771796	0.000413303	-0.000312307	
769	0.0882544	-0.763648	-1.26124	-0.00771796	0.000413303	-0.000312307	
770	0.0832144	-0.70978	-1.25023	-0.00772585	0.000413612	4.24139e-05	
771	0.0832144	-0.70978	-1.25023	-0.00772585	0.000413612	4.24139e-05	
772	0.0757896	-0.757137	-1.2387	-0.0077291	0.000412375	0.000416528	
773	0.0757896	-0.757137	-1.2387	-0.0077291	0.000412375	0.000416528	
774	0.0653716	-0.910508	-1.22631	-0.00772485	0.000410347	0.000719406	
775	0.0653716	-0.910508	-1.22631	-0.00772485	0.000410347	0.000719406	
776	0.0527932	-1.1565	-1.21258	-0.00771194	0.000408851	0.000872948	
777	0.0527932	-1.1565	-1.21258	-0.00771194	0.000408851	0.000872948	
778	0.0402179	-1.46528	-1.19701	-0.00769141	0.000408858	0.00082402	
779	0.0402179	-1.46528	-1.19701	-0.00769141	0.000408858	0.00082402	
780	0.0304395	-1.79485	-1.17923	-0.00766638	0.000410218	0.00055242	
781	0.0304395	-1.79485	-1.17923	-0.00766638	0.000410218	0.00055242	
782	0.0258481	-2.09734	-1.15923	-0.00764138	0.000411421	7.41607e-05	
783	0.0258481	-2.09734	-1.15923	-0.00764138	0.000411421	7.41607e-05	
784	0.0274606	-2.32635	-1.13749	-0.00762134	0.00041001	-0.000559809	
785	0.0274606	-2.32635	-1.13749	-0.00762134	0.00041001	-0.000559809	
786	0.0344105	-2.44446	-1.11486	-0.00761059	0.000403487	-0.00126928	
787	0.0344105	-2.44446	-1.11486	-0.00761059	0.000403487	-0.00126928	
788	0.0441273	-2.42976	-1.09242	-0.00761199	0.000390309	-0.00195478	
789	0.0441273	-2.42976	-1.09242	-0.00761199	0.000390309	-0.00195478	
790	0.0531766	-2.2803	-1.07101	-0.00762643	0.00037056	-0.0025115	
791	0.0531766	-2.2803	-1.07101	-0.00762643	0.00037056	-0.0025115	
792	0.0584623	-2.0155	-1.051	-0.00765264	0.000345982	-0.002846	
793	0.0584623	-2.0155	-1.051	-0.00765264	0.000345982	-0.002846	
794	0.0583306	-1.67382	-1.03199	-0.00768739	0.000319353	-0.00289332	
795	0.0583306	-1.67382	-1.03199	-0.00768739	0.000319353	-0.00289332	
796	0.0531287	-1.30687	-1.0129	-0.00772595	0.000293466	-0.00263117	
797	0.0531287	-1.30687	-1.0129	-0.00772595	0.000293466	-0.00263117	
798	0.0449761	-0.970567	-0.992231	-0.00776288	0.000270121	-0.00208751	
799	0.0449761	-0.970567	-0.992231	-0.00776288	0.000270121	-0.00208751	
800	0.0368219	-0.715082	-0.968549	-0.00779296	0.000249567	-0.00133859	
801	0.0368219	-0.715082	-0.968549	-0.00779296	0.000249567	-0.00133859	
802	0.0311735	-0.57559	-0.940923	-0.00781215	0.000230613	-0.000496786	
803	0.0311735	-0.57559	-0.940923	-0.00781215	0.000230613	-0.000496786	
804	0.0290371	-0.565847	-0.909241	-0.00781844	0.00021136	0.000310171	
805	0.0290371	-0.565847	-0.909241	-0.00781844	0.00021136	0.000310171	
806	0.0295462	-0.676132	-0.874207	-0.00781225	0.000190233	0.000963967	
807	0.0295462	-0.676132	-0.874207	-0.00781225	0.000190233	0.000963967	
808	0.0304674	-0.87607	-0.837051	-0.00779627	0.000166856	0.00137872	
809	0.0304674	-0.87607	-0.837051	-0.00779627	0.000166856	0.00137872	
810	0.029385	-1.12162	-0.799046	-0.00777475	0.000142382	0.00151661	
811	0.029385	-1.12162	-0.799046	-0.00777475	0.000142382	0.00151661	
812	0.0250373	-1.36455	-0.761039	-0.00775232	0.000119107	0.00139244	
813	0.0250373	-1.36455	-0.761039	-0.00775232	0.000119107	0.00139244	
814	0.0181738	-1.56213	-0.72318	-0.00773278	9.9519e-05	0.00106657	
815	0.0181738	-1.56213	-0.72318	-0.00773278	9.9519e-05	0.00106657	
816	0.0114753	-1.68487	-0.68497	-0.0077182	8.51804e-05	0.000628811	
817	0.0114753	-1.68487	-0.68497	-0.0077182	8.51804e-05	0.000628811	
818	0.00848627	-1.72079	-0.645607	-0.00770873	7.59284e-05	0.000177999	
819	0.00848627	-1.72079	-0.645607	-0.00770873	7.59284e-05	0.000177999	
820	0.0119649	-1.67559	-0.604478	-0.00770307	6.97779e-05	-0.000197324	
821	0.0119649	-1.67559	-0.604478	-0.00770307	6.97779e-05	-0.000197324	
822	0.0223712	-1.56943	-0.561566	-0.00769951	6.3613e-05	-0.000432981	
823	0.0223712	-1.56943	-0.561566	-0.00769951	6.3613e-05	-0.000432981	
824	0.0372162	-1.43121	-0.51759	-0.00769695	5.44233e-05	-0.000495923	
825	0.0372162	-1.43121	-0.51759	-0.00769695	5.44233e-05	-0.000495923	
826	0.0516697	-1.29208	-0.473778	-0.00769557	4.05923e-05	-0.000384024	
827	0.0516697	-1.29208	-0.473778	-0.00769557	4.05923e-05	-0.000384024	
828	0.0602911	-1.17948	-0.431351	-0.00769669	2.26962e-05	-0.000120907	
829	0.0602911	-1.17948	-0.431351	-0.00769669	2.26962e-05	-0.000120907	
830	0.0592337	-1.11239	-0.390945	-0.007702	3.44994e-06	0.000251721	
831	0.0592337	-1.11239	-0.390945	-0.007702	3.44994e-06	0.000251721	
832	0.0480107	-1.09866	-0.352205	-0.00771235	-1.32237e-05	0.000682279	
833	0.0480107	-1.09866	-0.352205	-0.00771235	-1.32237e-05	0.000682279	
834	0.0300336	-1.13414	-0.313761	-0.00772684	-2.36656e-05	0.00111712	
835	0.0300336	-1.13414	-0.313761	-0.00772684	-2.36656e-05	0.00111712	
836	0.0116113	-1.20376	-0.273628	-0.00774259	-2.59241e-05	0.00150781	
837	0.0116113	-1.20376	-0.273628	-0.00774259	-2.59241e-05	0.00150781	
838	-0.000268372	-1.28446	-0.229899	-0.00775555	-2.06016e-05	0.00181769	
839	-0.000268372	-1.28446	-0.229899	-0.00775555	-2.06016e-05	0.00181769	
840	-0.00052675	-1.3495	-0.181453	-0.00776205	-1.07661e-05	0.00202732	
841	-0.00052675	-1.3495	-0.181453	-0.00776205	-1.07661e-05	0.00202732	
842	0.0120774	-1.37389	-0.128424	-0.00776043	-9.59532e-07	0.00213725	
843	0.0120774	-1.37389	-0.128424	-0.00776043	-9.59532e-07	0.00213725	
844	0.0344574	-1.33996	-0.0722216	-0.00775218	4.31054e-06	0.00216674	
845	0.0344574	-1.33996	-0.0722216	-0.00775218	4.31054e-06	0.00216674	
846	0.060342	-1.24185	-0.0151123	-0.00774179	2.01843e-06	0.00214744	
847	0.060342	-1.24185	-0.0151123	-0.00774179	2.01843e-06	0.00214744	
848	0.0825784	-1.08786	0.0404723	-0.00773543	-8.52126e-06	0.00211284	
849	0.0825784	-1.08786	0.0404723	-0.00773543	-8.52126e-06	0.00211284	
850	0.0956554	-0.899496	0.0926318	-0.00773861	-2.5654e-05	0.0020862	
851	0.0956554	-0.899496	0.0926318	-0.00773861	-2.5654e-05	0.0020862	
852	0.0974412	-0.707204	0.140431	-0.00775398	-4.61602e-05	0.00207082	
853	0.0974412	-0.707204	0.140431	-0.00775398	-4.61602e-05	0.00207082	
854	0.089493	-0.543468	0.183942	-0.00777986	-6.64264e-05	0.00204674	
855	0.089493	-0.543468	0.183942	-0.00777986	-6.64264e-05	0.00204674	
856	0.0759202	-0.43496	0.223921	-0.0078105	-8.35207e-05	0.00197601	
857	0.0759202	-0.43496	0.223921	-0.0078105	-8.35207e-05	0.00197601	
858	0.0613908	-0.395856	0.261321	-0.00783773	-9.57835e-05	0.00181572	
859	0.0613908	-0.395856	0.261321	-0.00783773	-9.57835e-05	0.00181572	
860	0.0491996	-0.424243	0.296861	-0.00785376	-0.000102799	0.00153509	
861	0.0491996	-0.424243	0.296861	-0.00785376	-0.000102799	0.00153509	
862	0.0402245	-0.502684	0.33084	-0.00785387	-0.000104905	0.00113081	
863	0.0402245	-0.502684	0.33084	-0.00785387	-0.000104905	0.00113081	
864	0.0331415	-0.602774	0.363242	-0.00783813	-0.000102571	0.000634764	
865	0.0331415	-0.602774	0.363242	-0.00783813	-0.000102571	0.000634764	
866	0.0256732	-0.692366	0.394019	-0.00781136	-9.59969e-05	0.000111024	
867	0.0256732	-0.692366	0.394019	-0.00781136	-9.59969e-05	0.000111024	
868	0.0161793	-0.743339	0.423351	-0.00778163	-8.51159e-05	-0.000357935	
869	0.0161793	-0.743339	0.423351	-0.00778163	-8.51159e-05	-0.000357935	
870	0.00477922	-0.737805	0.451734	-0.00775755	-6.99468e-05	-0.000691583	
871	0.00477922	-0.737805	0.451734	-0.00775755	-6.99468e-05	-0.000691583	
872	-0.00653537	-0.671254	0.479803	-0.00774573	-5.10662e-05	-0.000831992	
873	-0.00653537	-0.671254	0.479803	-0.00774573	-5.10662e-05	-0.000831992	
874	-0.0148204	-0.552207	0.507987	-0.00774902	-2.9892e-05	-0.000758321	
875	-0.0148204	-0.552207	0.507987	-0.00774902	-2.9892e-05	-0.000758321	
876	-0.0176449	-0.399032	0.53618	-0.00776624	-8.57827e-06	-0.000490932	
877	-0.0176449	-0.399032	0.53618	-0.00776624	-8.57827e-06	-0.000490932	
878	-0.0143527	-0.235238	0.563625	-0.00779312	1.04814e-05	-8.44716e-05	
879	-0.0143527	-0.235238	0.563625	-0.00779312	1.04814e-05	-8.44716e-05	
880	-0.0064836	-0.0847231	0.58911	-0.00782403	2.53445e-05	0.000387149	
881	-0.0064836	-0.0847231	0.58911	-0.00782403	2.53445e-05	0.000387149	
882	0.00285705	0.0319384	0.611435	-0.00785371	3.51005e-05	0.000848729	
883	0.00285705	0.0319384	0.611435	-0.00785371	3.51005e-05	0.000848729	
884	0.0103712	0.0997363	0.629943	-0.00787825	4.00804e-05	0.00123935	
885	0.0103712	0.0997363	0.629943	-0.00787825	4.00804e-05	0.00123935	
886	0.0140066	0.110139	0.644883	-0.00789541	4.15985e-05	0.00152178	
887	0.0140066	0.110139	0.644883	-0.00789541	4.15985e-05	0.00152178	
888	0.0137586	0.0611479	0.657415	-0.0079042	4.13399e-05	0.00168468	
889	0.0137586	0.0611479	0.657415	-0.0079042	4.13399e-05	0.00168468	
890	0.0114509	-0.0430916	0.669231	-0.00790439	4.06655e-05	0.00173869	
891	0.0114509	-0.0430916	0.669231	-0.00790439	4.06655e-05	0.00173869	
892	0.00962097	-0.192946	0.681945	-0.00789625	4.01392e-05	0.00170919	
893	0.00962097	-0.192946	0.681945	-0.00789625	4.01392e-05	0.00170919	
894	0.0100769	-0.374312	0.696494	-0.00788059	3.94763e-05	0.00162828	
895	0.0100769	-0.374312	0.696494	-0.00788059	3.94763e-05	0.00162828	
896	0.0128551	-0.570166	0.712824	-0.0078591	3.79215e-05	0.00152772	
897	0.0128551	-0.570166	0.712824	-0.0078591	3.79215e-05	0.00152772	
898	0.0161059	-0.762627	0.72997	-0.00783439	3.48692e-05	0.00143332	
899	0.0161059	-0.762627	0.72997	-0.00783439	3.48692e-05	0.00143332	
900	0.0169756	-0.935259	0.746502	-0.00780977	3.04284e-05	0.0013609	
901	0.0169756	-0.935259	0.746502	-0.00780977	3.04284e-05	0.0013609	
902	0.0130582	-1.07506	0.76112	-0.00778845	2.56594e-05	0.0013136	
903	0.0130582	-1.07506	0.76112	-0.00778845	2.56594e-05	0.0013136	
904	0.00370998	-1.17356	0.773154	-0.00777277	2.23448e-05	0.00128106	
905	0.00370998	-1.17356	0.773154	-0.00777277	2.23448e-05	0.00128106	
906	-0.00941322	-1.22689	0.782748	-0.0077636	2.23619e-05	0.00124151	
907	-0.00941322	-1.22689	0.782748	-0.0077636	2.23619e-05	0.00124151	
908	-0.022863	-1.23474	0.790707	-0.00776041	2.6894e-05	0.00116704	
909	-0.022863	-1.23474	0.790707	-0.00776041	2.6894e-05	0.00116704	
910	-0.0327176	-1.19911	0.798097	-0.00776204	3.57975e-05	0.00103197	
911	-0.0327176	-1.19911	0.798097	-0.00776204	3.57975e-05	0.00103197	
912	-0.0361061	-1.12331	0.805818	-0.00776757	4.73887e-05	0.000822233	
913	-0.0361061	-1.12331	0.805818	-0.00776757	4.73887e-05	0.000822233	
914	-0.0322603	-1.01188	0.814342	-0.00777704	5.8761e-05	0.000542967	
915	-0.0322603	-1.01188	0.814342	-0.00777704	5.8761e-05	0.000542967	
916	-0.022664	-0.871429	0.823716	-0.0077914	6.6546e-05	0.000221372	
917	-0.022664	-0.871429	0.823716	-0.0077914	6.6546e-05	0.000221372	
918	-0.0103144	-0.711862	0.833778	-0.00781162	6.78694e-05	-9.70158e-05	
919	-0.0103144	-0.711862	0.833778	-0.00781162	6.78694e-05	-9.70158e-05	
920	0.00148989	-0.547228	0.844426	-0.00783746	6.11862e-05	-0.000358257	
921	0.00148989	-0.547228	0.844426	-0.00783746	6.11862e-05	-0.000358257	
922	0.0102471	-0.395381	0.855787	-0.00786644	4.67313e-05	-0.000513641	
923	0.0102471	-0.395381	0.855787	-0.00786644	4.67313e-05	-0.000513641	
924	0.0147797	-0.276109	0.868177	-0.00789373	2.64572e-05	-0.000533023	
925	0.0147797	-0.276109	0.868177	-0.00789373	2.64572e-05	-0.000533023	
926	0.0150797	-0.207976	0.881903	-0.00791326	3.50562e-06	-0.00041388	
927	0.0150797	-0.207976	0.881903	-0.00791326	3.50562e-06	-0.00041388	
928	0.0117199	-0.204672	0.897006	-0.00791958	-1.85978e-05	-0.000183386	
929	0.0117199	-0.204672	0.897006	-0.00791958	-1.85978e-05	-0.000183386	
930	0.00527376	-0.271887	0.913136	-0.00790995	-3.67785e-05	0.000106967	
931	0.00527376	-0.271887	0.913136	-0.00790995	-3.67785e-05	0.000106967	
932	-0.00389279	-0.405588	0.929623	-0.00788558	-4.90523e-05	0.000392579	
933	-0.00389279	-0.405588	0.929623	-0.00788558	-4.90523e-05	0.000392579	
934	-0.0153738	-0.592148	0.945729	-0.00785154	-5.48377e-05	0.000609744	
935	-0.0153738	-0.592148	0.945729	-0.00785154	-5.48377e-05	0.000609744	
936	-0.0282565	-0.810235	0.960954	-0.00781524	-5.492e-05	0.000709121	
937	-0.0282565	-0.810235	0.960954	-0.00781524	-5.492e-05	0.000709121	
938	-0.0408417	-1.03397	0.975223	-0.00778413	-5.11341e-05	0.000665974	
939	-0.0408417	-1.03397	0.975223	-0.00778413	-5.11341e-05	0.000665974	
940	-0.0508757	-1.23671	0.988855	-0.00776347	-4.5874e-05	0.000485539	
941	-0.0508757	-1.23671	0.988855	-0.00776347	-4.5874e-05	0.000485539	
942	-0.0563202	-1.39481	1.00232	-0.00775504	-4.15363e-05	0.000202878	
943	-0.0563202	-1.39481	1.00232	-0.00775504	-4.15363e-05	0.000202878	
944	-0.0563443	-1.49099	1.01591	-0.00775713	-3.99885e-05	-0.000122691	
945	-0.0563443	-1.49099	1.01591	-0.00775713	-3.99885e-05	-0.000122691	
946	-0.052017	-1.5169	1.0295	-0.00776572	-4.21365e-05	-0.000418001	
947	-0.052017	-1.5169	1.0295	-0.00776572	-4.21365e-05	-0.000418001	
948	-0.046252	-1.4746	1.04256	-0.00777618	-4.76698e-05	-0.000610111	
949	-0.046252	-1.4746	1.04256	-0.00777618	-4.76698e-05	-0.000610111	
950	-0.0428796	-1.37671	1.05438	-0.00778476	-5.50626e-05	-0.00064206	
951	-0.0428796	-1.37671	1.05438	-0.00778476	-5.50626e-05	-0.00064206	
952	-0.0451462	-1.24479	1.06451	-0.00778932	-6.1889e-05	-0.000487411	
953	-0.0451462	-1.24479	1.06451	-0.00778932	-6.1889e-05	-0.000487411	
954	-0.0542557	-1.10601	1.07305	-0.00778932	-6.54422e-05	-0.000160032	
955	-0.0542557	-1.10601	1.07305	-0.00778932	-6.54422e-05	-0.000160032	
956	-0.0686104	-0.988287	1.08078	-0.00778518	-6.35469e-05	0.000284152	
957	-0.0686104	-0.988287	1.08078	-0.00778518	-6.35469e-05	0.000284152	
958	-0.0841348	-0.914794	1.08896	-0.00777773	-5.53511e-05	0.000755319	
959	-0.0841348	-0.914794	1.08896	-0.00777773	-5.53511e-05	0.000755319	
960	-0.095616	-0.899036	1.09882	-0.00776792	-4.18295e-05	0.00114726	
961	-0.095616	-0.899036	1.09882	-0.00776792	-4.18295e-05	0.00114726	
962	-0.0985529	-0.941702	1.11105	-0.00775692	-2.57762e-05	0.00136087	
963	-0.0985529	-0.941702	1.11105	-0.00775692	-2.57762e-05	0.00136087	
964	-0.0907945	-1.03028	1.1254	-0.00774633	-1.12042e-05	0.00132809	
965	-0.0907945	-1.03028	1.1254	-0.00774633	-1.12042e-05	0.00132809	
966	-0.0733407	-1.14169	1.1406	-0.00773823	-2.27826e-06	0.00103015	
967	-0.0733407	-1.14169	1.1406	-0.00773823	-2.27826e-06	0.00103015	
968	-0.0500305	-1.24734	1.15466	-0.00773483	-2.08871e-06	0.000505031	
969	-0.0500305	-1.24734	1.15466	-0.00773483	-2.08871e-06	0.000505031	
970	-0.0262907	-1.31947	1.16536	-0.00773773	-1.16668e-05	-0.000157917	
971	-0.0262907	-1.31947	1.16536	-0.00773773	-1.16668e-05	-0.000157917	
972	-0.00744911	-1.33722	1.17087	-0.00774716	-2.95821e-05	-0.000835231	
973	-0.00744911	-1.33722	1.17087	-0.00774716	-2.95821e-05	-0.000835231	
974	0.00277516	-1.29096	1.17016	-0.00776163	-5.22751e-05	-0.00139409	
975	0.00277516	-1.29096	1.17016	-0.00776163	-5.22751e-05	-0.00139409	
976	0.00314186	-1.18426	1.16324	-0.00777816	-7.50243e-05	-0.00171882	
977	0.00314186	-1.18426	1.16324	-0.00777816	-7.50243e-05	-0.00171882	
978	-0.00504564	-1.03294	1.15098	-0.00779315	-9.32343e-05	-0.0017334	
979	-0.00504564	-1.03294	1.15098	-0.00779315	-9.32343e-05	-0.0017334	
980	-0.0185485	-0.861878	1.13492	-0.00780343	-0.000103633	-0.00141546	
981	-0.0185485	-0.861878	1.13492	-0.00780343	-0.000103633	-0.00141546	
982	-0.0331619	-0.700177	1.11676	-0.00780721	-0.000105024	-0.000799836	
983	-0.0331619	-0.700177	1.11676	-0.00780721	-0.000105024	-0.000799836	
984	-0.0447183	-0.575734	1.09812	-0.00780438	-9.84255e-05	2.82396e-05	
985	-0.0447183	-0.575734	1.09812	-0.00780438	-9.84255e-05	2.82396e-05	
986	-0.0499025	-0.510115	1.08014	-0.00779624	-8.66187e-05	0.000948342	
987	-0.0499025	-0.510115	1.08014	-0.00779624	-8.66187e-05	0.000948342	
988	-0.0467913	-0.514572	1.06339	-0.00778476	-7.33361e-05	0.00182547	
989	-0.0467913	-0.514572	1.06339	-0.00778476	-7.33361e-05	0.00182547	
990	-0.0351205	-0.58784	1.04778	-0.00777181	-6.23503e-05	0.00253256	
991	-0.0351205	-0.58784	1.04778	-0.00777181	-6.23503e-05	0.00253256	
992	-0.0162969	-0.716132	1.03264	-0.00775865	-5.67041e-05	0.00297129	
993	-0.0162969	-0.716132	1.03264	-0.00775865	-5.67041e-05	0.00297129	
994	0.00684969	-0.875466	1.01683	-0.00774594	-5.82117e-05	0.00308793	
995	0.00684969	-0.875466	1.01683	-0.00774594	-5.82117e-05	0.00308793	
996	0.0305901	-1.03602	0.999089	-0.00773404	-6.72536e-05	0.0028814	
997	0.0305901	-1.03602	0.999089	-0.00773404	-6.72536e-05	0.0028814	
998	0.0510604	-1.16778	0.978258	-0.00772342	-8.28272e-05	0.00240207	
999	0.0510604	-1.16778	0.978258	-0.00772342	-8.28272e-05	0.00240207	
