0	0	0	8.08665e-10	8.46505e-27	-3.1997e-13	0	
1	0	0	3.90416e-08	3.27608e-13	-1.54479e-11	0	
2	-5.6109e-27	3.57031e-33	9.06963e-08	6.53924e-13	-3.61993e-11	6.35502e-30	
3	-2.88339e-28	1.38176e-19	7.70503e-07	6.80675e-12	-3.19977e-10	2.70044e-22	
4	5.40487e-19	2.75805e-19	1.5613e-06	1.29327e-11	-6.53162e-10	5.39024e-22	
5	2.60942e-17	1.6011e-17	7.62661e-06	7.10599e-11	-3.33025e-09	1.81714e-20	
6	1.11422e-16	3.1683e-17	1.43048e-05	1.28907e-10	-6.29803e-09	3.5732e-20	
7	2.96772e-15	6.28418e-16	5.07142e-05	4.99039e-10	-2.33159e-08	5.17297e-19	
8	7.96139e-15	1.22267e-15	8.96783e-05	8.67201e-10	-4.16277e-08	9.96821e-19	
9	1.12403e-13	1.36507e-14	0.000255959	2.66229e-09	-1.23999e-07	8.87266e-18	
10	2.58225e-13	2.60248e-14	0.000430845	4.44687e-09	-2.11034e-07	1.67135e-17	
11	2.33922e-12	1.98775e-13	0.00104983	1.15465e-08	-5.36076e-07	1.0664e-16	
12	4.95047e-12	3.70741e-13	0.00169327	1.86006e-08	-8.7532e-07	1.96147e-16	
13	3.25205e-11	2.14751e-12	0.00365669	4.2527e-08	-1.96788e-06	9.77096e-16	
14	6.50911e-11	3.91581e-12	0.0056805	6.62855e-08	-3.09809e-06	1.75419e-15	
15	3.34917e-10	1.83251e-11	0.0111541	1.37123e-07	-6.32321e-06	7.20181e-15	
16	6.41787e-10	3.26621e-11	0.0167599	2.07419e-07	-9.637e-06	1.2621e-14	
17	2.7231e-09	1.28847e-10	0.0304777	3.95827e-07	-1.81865e-05	4.43206e-14	
18	5.02965e-09	2.24523e-10	0.0444551	5.82673e-07	-2.69242e-05	7.58453e-14	
19	1.82481e-08	7.69591e-10	0.0758944	1.04054e-06	-4.76246e-05	2.34034e-13	
20	3.26264e-08	1.31162e-09	0.107794	1.49431e-06	-6.86879e-05	3.91299e-13	
21	1.03952e-07	3.99561e-09	0.174563	2.52448e-06	-0.000115071	1.08268e-12	
22	1.80455e-07	6.66384e-09	0.242068	3.54469e-06	-0.000162093	1.7698e-12	
23	5.15228e-07	1.83578e-08	0.374849	5.71298e-06	-0.000259278	4.46051e-12	
24	8.70411e-07	2.99794e-08	0.508676	7.85873e-06	-0.000357488	7.13362e-12	
25	2.26242e-06	7.57175e-08	0.758	1.21642e-05	-0.000549505	1.65825e-11	
26	3.72645e-06	1.21157e-07	1.0086	1.64216e-05	-0.000742999	2.5966e-11	
27	8.92912e-06	2.83654e-07	1.45365	2.4542e-05	-0.00110319	5.62335e-11	
28	1.4362e-05	4.45031e-07	1.89985	3.25656e-05	-0.00146523	8.62792e-11	
29	3.20482e-05	9.74578e-07	2.65928	4.71959e-05	-0.00211033	1.7552e-10	
30	5.04068e-05	1.50028e-06	3.4189	6.16399e-05	-0.00275724	2.64068e-10	
31	0.000105627	3.09621e-06	4.66335	8.69376e-05	-0.0038655	5.08084e-10	
32	0.000162655	4.67993e-06	5.90542	0.000111892	-0.00497447	7.50095e-10	
33	0.000322295	9.15915e-06	7.87125	0.00015404	-0.00680798	1.37286e-09	
34	0.00048644	1.36022e-05	9.82925	0.000195581	-0.00863894	1.99021e-09	
35	0.000916741	2.53797e-05	12.8324	0.000263469	-0.0115697	3.48182e-09	
36	0.00135748	3.7057e-05	15.8177	0.000330318	-0.0144907	4.95969e-09	
37	0.00244524	6.62184e-05	20.2666	0.000436332	-0.0190296	8.3283e-09	
38	0.00355556	9.51185e-05	24.6804	0.000540625	-0.0235449	1.1664e-08	
39	0.00614754	0.000163418	31.086	0.000701518	-0.0303717	1.88663e-08	
40	0.00878509	0.000231072	37.4285	0.000859643	-0.0371507	2.59942e-08	
41	0.0146325	0.000382981	46.4094	0.00109745	-0.0471432	4.06242e-08	
42	0.020566	0.000533378	55.2846	0.00133092	-0.0570476	5.5094e-08	
43	0.0331031	0.000855347	67.5655	0.00167383	-0.0713053	8.34149e-08	
44	0.0457919	0.00117394	79.6781	0.00201013	-0.0854119	1.11407e-07	
45	0.0714244	0.00182623	96.0794	0.00249329	-0.105272	1.63792e-07	
46	0.0973047	0.00247132	112.223	0.0029666	-0.124886	2.15531e-07	
47	0.147428	0.00373797	133.639	0.00363264	-0.151926	3.08336e-07	
48	0.197921	0.00498987	154.676	0.00428434	-0.178582	3.99924e-07	
49	0.291909	0.0073532	182.041	0.00518365	-0.214603	5.57707e-07	
50	0.386388	0.0096875	208.862	0.0060625	-0.250045	7.13289e-07	
51	0.555793	0.0139336	243.102	0.007253	-0.297033	9.71188e-07	
52	0.725733	0.0181248	276.586	0.00841485	-0.343175	1.22525e-06	
53	1.01984	0.0254859	318.557	0.00996115	-0.403236	1.63112e-06	
54	1.31429	0.0327464	359.502	0.0114681	-0.462093	2.03055e-06	
55	1.80704	0.0450817	409.919	0.01344	-0.537353	2.64634e-06	
56	2.29941	0.0572391	458.976	0.0153588	-0.610945	3.25168e-06	
57	3.09748	0.0772536	518.328	0.0178291	-0.703425	4.15334e-06	
58	3.89342	0.0969631	575.913	0.0202289	-0.793646	5.0386e-06	
59	5.1449	0.128454	644.375	0.0232702	-0.905102	6.31385e-06	
60	6.39069	0.159438	710.589	0.0262193	-1.01357	7.56415e-06	
61	8.29347	0.207555	787.933	0.0299	-1.14531	9.30736e-06	
62	10.184	0.254851	862.472	0.0334621	-1.27316	1.10138e-05	
63	12.9927	0.32634	947.987	0.0378422	-1.42585	1.33177e-05	
64	15.7781	0.39654	1030.06	0.0420716	-1.57359	1.5569e-05	
65	19.8081	0.49995	1122.49	0.0471972	-1.74705	1.85134e-05	
66	23.7969	0.601384	1210.78	0.0521341	-1.91431	2.13844e-05	
67	29.4236	0.74719	1308.25	0.0580322	-2.1073	2.50221e-05	
68	34.9819	0.89004	1400.84	0.0636971	-2.29269	2.85602e-05	
69	42.6348	1.09065	1500.91	0.0703707	-2.50278	3.29014e-05	
70	50.1793	1.28695	1595.29	0.0767594	-2.70369	3.7111e-05	
71	60.3286	1.55659	1694.9	0.0841826	-2.9271	4.21079e-05	
72	70.313	1.82006	1788.01	0.0912613	-3.13963	4.69355e-05	
73	83.4498	2.17447	1883.6	0.0993756	-3.37122	5.24697e-05	
74	96.3445	2.52023	1971.89	0.107078	-3.5901	5.77908e-05	
75	112.954	2.9762	2059.47	0.11579	-3.82335	6.36634e-05	
76	129.219	3.4203	2138.99	0.124014	-4.042	6.92734e-05	
77	149.748	3.9951	2214.31	0.133195	-4.26912	7.52007e-05	
78	169.802	4.55389	2280.89	0.141803	-4.47976	8.08113e-05	
79	194.626	5.26451	2339.61	0.151292	-4.69188	8.64271e-05	
80	218.81	5.95391	2389.02	0.160111	-4.88572	9.16674e-05	
81	248.195	6.81628	2426.92	0.169716	-5.07321	9.65299e-05	
82	276.741	7.65095	2455.07	0.178546	-5.24074	0.000100954	
83	310.811	8.6791	2468.26	0.188054	-5.39351	0.000104558	
84	343.805	9.67162	2471.44	0.19667	-5.52487	0.000107658	
85	382.515	10.8769	2456.58	0.205854	-5.63286	0.000109449	
86	419.871	12.0369	2431.66	0.21402	-5.71827	0.000110667	
87	462.982	13.4272	2386.15	0.222653	-5.77183	0.000110058	
88	504.424	14.7607	2330.78	0.230132	-5.80206	0.000108803	
89	551.486	16.3398	2252.99	0.238001	-5.79249	0.000105188	
90	596.53	17.8486	2165.77	0.244573	-5.75932	0.00010085	
91	646.882	19.616	2055.13	0.251497	-5.67938	9.36157e-05	
92	694.836	21.297	1935.76	0.256976	-5.57607	8.55793e-05	
93	747.603	23.2473	1792.89	0.262824	-5.42036	7.41169e-05	
94	797.565	25.0925	1642.27	0.267081	-5.24212	6.17739e-05	
95	851.673	27.2158	1469.02	0.271789	-5.00755	4.54857e-05	
96	902.553	29.2125	1289.25	0.27477	-4.75191	2.82461e-05	
97	956.748	31.4945	1088.69	0.278362	-4.43797	6.55507e-06	
98	1007.28	33.6254	883.098	0.280112	-4.10507	-1.61389e-05	
99	1060.16	36.0482	659.452	0.282717	-3.71407	-4.37778e-05	
100	1108.95	38.2922	432.49	0.283397	-3.30689	-7.24346e-05	
101	1159	40.8355	191.024	0.285259	-2.8441	-0.000106519	
102	1204.54	43.1693	-51.8589	0.285157	-2.36852	-0.000141576	
103	1250.18	45.8117	-305.028	0.286645	-1.84206	-0.000182536	
104	1290.92	48.2112	-557.565	0.286187	-1.30681	-0.000224331	
105	1330.56	50.9325	-815.684	0.287789	-0.727575	-0.000272498	
106	1364.96	53.3753	-1071.02	0.28753	-0.144052	-0.000321239	
107	1397.07	56.1583	-1326.97	0.289843	0.474686	-0.000376815	
108	1423.64	58.626	-1577.94	0.290452	1.09278	-0.000432545	
109	1446.79	61.4595	-1824.5	0.294158	1.73579	-0.000495561	
110	1464.18	63.9408	-2063.91	0.296387	2.37291	-0.000558122	
111	1477.12	66.8217	-2294.08	0.302217	3.02358	-0.000628401	
112	1484.14	69.3149	-2515.02	0.306853	3.66296	-0.000697406	
113	1485.85	72.2509	-2722.31	0.315535	4.30395	-0.000774519	
114	1481.57	74.7666	-2918.44	0.323344	4.92824	-0.000849328	
115	1471.28	77.7777	-3097.11	0.335552	5.54226	-0.000932563	
116	1455.04	80.3404	-3262.92	0.347209	6.13426	-0.00101227	
117	1432.28	83.46	-3408.25	0.363493	6.70472	-0.0011006	
118	1403.72	86.1089	-3539.31	0.379512	7.24816	-0.00118403	
119	1368.35	89.3837	-3647.73	0.400236	7.75988	-0.00127612	
120	1327.42	92.1722	-3740.81	0.420898	8.24003	-0.00136184	
121	1279.6	95.6611	-3810.03	0.446182	8.67986	-0.00145601	
122	1226.57	98.6548	-3863.22	0.471478	9.08418	-0.00154236	
123	1166.76	102.426	-3892.28	0.501149	9.44145	-0.00163666	
124	1102.19	105.699	-3905	0.53074	9.75999	-0.00172179	
125	1031.14	109.827	-3894.16	0.564305	10.0269	-0.00181401	
126	955.875	113.458	-3867.11	0.597508	10.2526	-0.00189591	
127	874.59	118.016	-3817.82	0.634147	10.4243	-0.00198368	
128	789.734	122.082	-3752.81	0.66995	10.5533	-0.00206026	
129	699.467	127.141	-3667.5	0.708543	10.6279	-0.00214112	
130	606.346	131.71	-3567.33	0.745649	10.6592	-0.00221027	
131	508.567	137.327	-3449.21	0.784823	10.6378	-0.00228179	
132	408.718	142.452	-3317.39	0.821729	10.5732	-0.00234147	
133	305.098	148.67	-3170.24	0.859934	10.4592	-0.00240135	
134	200.241	154.385	-3010.77	0.895024	10.3032	-0.0024496	
135	92.6328	161.224	-2838.69	0.930626	10.1022	-0.00249579	
136	-15.3433	167.536	-2655.83	0.962285	9.86116	-0.00253085	
137	-124.929	174.99	-2463.01	0.993671	9.58054	-0.00256161	
138	-233.996	181.879	-2261.07	1.02039	9.26229	-0.00258195	
139	-343.416	189.913	-2051.61	1.04606	8.91039	-0.00259593	
140	-451.43	197.33	-1834.74	1.06653	8.52391	-0.00260025	
141	-558.446	205.88	-1612.52	1.08522	8.10975	-0.0025965	
142	-663.188	213.747	-1384.6	1.0984	7.66447	-0.00258381	
143	-765.513	222.72	-1153.15	1.1091	7.19726	-0.00256179	
144	-864.732	230.931	-917.7	1.11426	6.70269	-0.0025314	
145	-960.087	240.209	-680.226	1.11629	6.19145	-0.00249091	
146	-1051.56	248.639	-440.399	1.11302	5.65683	-0.00244245	
147	-1137.74	258.078	-199.734	1.10601	5.11019	-0.00238365	
148	-1219.33	266.581	41.6443	1.09416	4.5443	-0.00231711	
149	-1294.29	276.022	282.936	1.07803	3.97038	-0.00224046	
150	-1364.03	284.438	523.299	1.05768	3.38146	-0.00215619	
151	-1425.94	293.705	762.833	1.03256	2.78791	-0.00206247	
152	-1482.11	301.865	999.773	1.00393	2.18371	-0.00196129	
153	-1529.45	310.772	1235.23	0.970129	1.57783	-0.00185162	
154	-1570.65	318.498	1466.4	0.933479	0.965711	-0.0017348	
155	-1602.29	326.853	1695.43	0.891364	0.354624	-0.00161068	
156	-1627.52	333.964	1918.42	0.846965	-0.258195	-0.00148001	
157	-1642.76	341.571	2138.56	0.796912	-0.86734	-0.00134338	
158	-1651.45	347.879	2350.86	0.744987	-1.47364	-0.00120118	
159	-1650.1	354.542	2559.48	0.687334	-2.07353	-0.00105445	
160	-1642.18	359.859	2758.49	0.628056	-2.66596	-0.000903495	
161	-1624.54	365.383	2952.8	0.563081	-3.24904	-0.000749517	
162	-1600.43	369.522	3135.78	0.496599	-3.82006	-0.000592957	
163	-1567.28	373.719	3312.91	0.424541	-4.3786	-0.00043495	
164	-1527.9	376.495	3477.1	0.351029	-4.92055	-0.000276135	
165	-1480.43	379.189	3634.16	0.272133	-5.44676	-0.000117518	
166	-1427.11	380.43	3776.85	0.191862	-5.95202	4.01952e-05	
167	-1366.87	381.461	3911.08	0.106439	-6.43832	0.00019602	
168	-1301.25	381.013	4029.71	0.0198437	-6.89957	0.000349498	
169	-1229.99	380.246	4138.57	-0.0716545	-7.33881	0.000499391	
170	-1153.92	377.983	4230.88	-0.16392	-7.74927	0.000645922	
171	-1073.48	375.317	4312.17	-0.260841	-8.13499	0.000787245	
172	-988.867	371.151	4376.25	-0.357875	-8.48866	0.000924687	
173	-901.043	366.525	4428.18	-0.459324	-8.8153	0.00105548	
174	-809.735	360.415	4462.53	-0.559982	-9.10715	0.00118233	
175	-716.166	353.816	4483.8	-0.664815	-9.37011	0.00130137	
176	-619.841	345.773	4487.38	-0.767747	-9.59608	0.00141672	
177	-521.949	337.238	4477.18	-0.874592	-9.79173	0.00152351	
178	-422.052	327.326	4449.42	-0.978306	-9.94878	0.00162692	
179	-321.023	316.944	4407.4	-1.08562	-10.0744	0.00172149	
180	-218.757	305.278	4348.18	-1.18857	-10.1603	0.00181278	
181	-115.586	293.182	4274.5	-1.29473	-10.2139	0.0018954	
182	-11.9517	279.921	4184.14	-1.39536	-10.2273	0.00197439	
183	92.4763	266.283	4079.4	-1.49872	-10.2074	0.00204529	
184	196.589	251.615	3958.69	-1.59559	-10.1475	0.00211161	
185	301.388	236.631	3823.95	-1.69458	-10.0534	0.00217063	
186	405.086	220.764	3674.15	-1.78635	-9.9199	0.00222351	
187	509.255	204.646	3510.99	-1.87951	-9.75159	0.00226988	
188	611.532	187.791	3333.86	-1.96497	-9.54483	0.00230811	
189	713.858	170.75	3144.35	-2.05102	-9.30288	0.00234038	
190	813.5	153.114	2942.18	-2.12906	-9.02408	0.00236235	
191	912.518	135.354	2728.96	-2.20686	-8.71013	0.00237845	
192	1008.06	117.131	2504.62	-2.27645	-8.36148	0.00238234	
193	1102.06	98.8457	2270.92	-2.34497	-7.97842	0.00237988	
194	1191.81	80.2192	2027.87	-2.4051	-7.56338	0.00236395	
195	1278.87	61.5914	1777.44	-2.46341	-7.11557	0.00234061	
196	1360.97	42.7355	1519.68	-2.51308	-6.63909	0.00230351	
197	1439.14	23.9423	1256.83	-2.56031	-6.13255	0.00225752	
198	1511.66	5.03238	988.814	-2.59853	-5.60119	0.00219862	
199	1579.02	-13.7476	718.24	-2.63384	-5.04359	0.00212924	
200	1640.13	-32.5275	444.802	-2.65965	-4.46556	0.00204887	
201	1694.98	-51.107	171.485	-2.68225	-3.86612	0.00195671	
202	1743.08	-69.5576	-102.357	-2.6948	-3.25108	0.00185626	
203	1784.01	-87.736	-373.329	-2.70398	-2.62035	0.0017434	
204	1817.83	-105.641	-642.527	-2.7026	-1.97917	0.00162527	
205	1843.86	-123.204	-906.136	-2.69781	-1.32865	0.00149513	
206	1862.52	-140.337	-1165.78	-2.68208	-0.673007	0.00136256	
207	1873.06	-157.063	-1417.25	-2.66297	-0.0147378	0.00121956	
208	1876.15	-173.194	-1662.74	-2.63279	0.643288	0.00107632	
209	1871.06	-188.864	-1897.68	-2.59927	1.29716	0.000925309	
210	1858.54	-203.779	-2124.82	-2.55489	1.9455	0.000775366	
211	1838.08	-218.192	-2339.32	-2.50717	2.58308	0.00062108	
212	1810.34	-231.702	-2544.42	-2.44914	3.21005	0.000468254	
213	1775.08	-244.688	-2735.14	-2.38775	3.82007	0.000314809	
214	1732.82	-256.65	-2915.07	-2.31686	4.41466	0.000162544	
215	1683.65	-268.083	-3079.24	-2.24258	4.98665	1.31143e-05	
216	1627.87	-278.401	-3231.41	-2.15981	5.53874	-0.000135669	
217	1565.92	-288.204	-3366.87	-2.07361	6.06325	-0.000278928	
218	1497.84	-296.831	-3489.27	-1.98	6.56376	-0.000421875	
219	1424.48	-304.978	-3594.41	-1.88299	7.03244	-0.000557685	
220	1345.57	-311.914	-3685.58	-1.77959	7.47343	-0.000692973	
221	1262.37	-318.42	-3759.32	-1.67292	7.87916	-0.000820664	
222	1174.25	-323.697	-3818.37	-1.56076	8.25391	-0.000946939	
223	1082.97	-328.61	-3860.15	-1.44559	8.59083	-0.00106614	
224	987.471	-332.286	-3886.7	-1.32567	8.89394	-0.00118247	
225	889.992	-335.677	-3896.45	-1.20312	9.15752	-0.00129289	
226	789.055	-337.822	-3890.68	-1.07645	9.38499	-0.00139872	
227	687.355	-339.773	-3868.79	-0.94766	9.5721	-0.00150008	
228	582.995	-340.468	-3831.37	-0.815334	9.72136	-0.00159529	
229	479.055	-341.064	-3778.68	-0.68144	9.8303	-0.00168737	
230	373.28	-340.395	-3710.74	-0.544678	9.90026	-0.0017722	
231	269.007	-339.726	-3628.5	-0.406898	9.93074	-0.00185505	
232	163.73	-337.788	-3531.62	-0.267071	9.92179	-0.00193012	
233	60.8745	-335.945	-3421.45	-0.126728	9.87486	-0.00200413	
234	-42.1645	-332.841	-3297.53	0.0146361	9.78875	-0.00207035	
235	-142.07	-329.918	-3161.38	0.156098	9.66671	-0.00213633	
236	-241.364	-325.761	-3012.62	0.297361	9.50638	-0.00219468	
237	-337.03	-321.858	-2852.69	0.438385	9.31259	-0.0022537	
238	-431.33	-316.762	-2681.5	0.577858	9.08201	-0.00230509	
239	-521.704	-311.979	-2500.22	0.716811	8.82066	-0.0023582	
240	-610	-306.058	-2309.16	0.852827	8.52458	-0.00240323	
241	-694.211	-300.49	-2109.12	0.98805	8.20049	-0.00245111	
242	-775.684	-293.847	-1900.89	1.11903	7.84422	-0.00248993	
243	-852.976	-287.58	-1684.83	1.24889	7.46268	-0.00253258	
244	-926.916	-280.297	-1462.23	1.37336	7.0519	-0.00256483	
245	-996.558	-273.402	-1233.03	1.49632	6.61853	-0.00260147	
246	-1062.29	-265.541	-999.006	1.61296	6.15923	-0.0026263	
247	-1123.51	-258.069	-759.692	1.72757	5.67992	-0.00265543	
248	-1180.31	-249.673	-517.339	1.83515	5.17831	-0.00267173	
249	-1232.26	-241.659	-271.119	1.94009	4.65926	-0.00269147	
250	-1279.34	-232.758	-23.7098	2.03748	4.12182	-0.00269803	
251	-1321.08	-224.227	226.022	2.13156	3.56958	-0.00270659	
252	-1357.58	-214.849	475.019	2.21768	3.00316	-0.00270241	
253	-1388.15	-205.825	724.67	2.29982	2.42474	-0.00269856	
254	-1413.19	-196.005	971.597	2.37364	1.83659	-0.0026831	
255	-1431.66	-186.522	1217.4	2.44286	1.23951	-0.00266652	
256	-1444.41	-176.311	1458.44	2.50342	0.63738	-0.00263986	
257	-1450.03	-166.423	1696.48	2.55885	0.0297158	-0.00261134	
258	-1449.83	-155.889	1927.75	2.60527	-0.578173	-0.00257432	
259	-1442.06	-145.669	2154.06	2.64619	-1.18787	-0.00253565	
260	-1428.51	-134.898	2371.64	2.67774	-1.79286	-0.0024898	
261	-1407.14	-124.439	2582.29	2.70357	-2.39564	-0.00244351	
262	-1380.15	-113.526	2782.37	2.71969	-2.98881	-0.00239097	
263	-1345.37	-102.934	2973.57	2.73006	-3.57553	-0.00233989	
264	-1305.22	-91.977	3152.54	2.73044	-4.14784	-0.00228313	
265	-1257.56	-81.3571	3320.75	2.72519	-4.70933	-0.00223004	
266	-1204.89	-70.4526	3475.31	2.70979	-5.25184	-0.00217156	
267	-1145.21	-59.9028	3617.37	2.689	-5.77915	-0.00211875	
268	-1080.99	-49.1356	3744.61	2.65805	-6.28318	-0.00206071	
269	-1010.42	-38.7366	3857.82	2.62204	-6.7677	-0.00200977	
270	-935.855	-28.1789	3955.32	2.57604	-7.22504	-0.00195372	
271	-855.691	-17.99	4037.51	2.52537	-7.65865	-0.00190544	
272	-772.156	-7.69958	4103.38	2.46503	-8.0616	-0.0018521	
273	-683.804	2.24164	4152.99	2.4005	-8.43674	-0.00180651	
274	-592.767	12.2214	4185.95	2.32674	-8.77823	-0.00175572	
275	-497.678	21.8959	4202.03	2.24929	-9.08797	-0.00171222	
276	-400.644	31.536	4201.4	2.16319	-9.36157	-0.00166314	
277	-300.289	40.9383	4183.68	2.07397	-9.59968	-0.00162078	
278	-198.771	50.2228	4149.44	1.97674	-9.79971	-0.00157216	
279	-94.646	59.3556	4098.31	1.877	-9.96078	-0.00152988	
280	9.82868	68.2806	4031.09	1.76996	-10.0824	-0.00148054	
281	116.179	77.1499	3947.62	1.66109	-10.162	-0.00143748	
282	222.045	85.7215	3848.73	1.54566	-10.2015	-0.00138662	
283	328.993	94.3333	3734.64	1.42917	-10.1966	-0.00134234	
284	434.617	102.564	3606.01	1.30687	-10.1515	-0.00128985	
285	540.428	110.923	3463.65	1.18436	-10.0605	-0.00124448	
286	644.08	118.828	3307.85	1.05683	-9.92988	-0.00119097	
287	746.91	126.934	3140.13	0.930009	-9.7533	-0.00114516	
288	846.767	134.526	2960.29	0.799012	-9.5383	-0.00109183	
289	944.694	142.38	2770.61	0.669688	-9.27861	-0.00104662	
290	1038.87	149.666	2570.3	0.537086	-8.98243	-0.000994869	
291	1129.96	157.262	2362.45	0.407155	-8.64441	-0.000951404	
292	1216.56	164.241	2145.61	0.274915	-8.27248	-0.000902495	
293	1298.96	171.57	1923.61	0.146324	-7.86302	-0.000861691	
294	1376.2	178.235	1694.4	0.0164772	-7.42285	-0.000816382	
295	1448.22	185.285	1462.4	-0.108812	-6.95074	-0.000778661	
296	1514.5	191.619	1225.03	-0.234225	-6.45162	-0.000737049	
297	1574.76	198.371	987.133	-0.35428	-5.92704	-0.000702209	
298	1628.78	204.356	745.755	-0.473276	-5.37957	-0.000663766	
299	1676.23	210.785	505.936	-0.586246	-4.81357	-0.000631048	
300	1717.06	216.396	264.514	-0.696968	-4.22912	-0.000594855	
301	1751.07	222.468	26.5138	-0.801139	-3.633	-0.000563194	
302	1778.18	227.679	-211.255	-0.90192	-3.02309	-0.000528293	
303	1798.51	233.35	-443.974	-0.995754	-2.40793	-0.000496684	
304	1811.77	238.125	-674.697	-1.08517	-1.78375	-0.000462425	
305	1818.56	243.341	-898.954	-1.16735	-1.16001	-0.00043031	
306	1818.21	247.636	-1119.54	-1.24425	-0.532045	-0.000396601	
307	1811.89	252.327	-1332.42	-1.31368	0.0906464	-0.000364137	
308	1798.47	256.084	-1540.05	-1.3772	0.712786	-0.000331524	
309	1779.69	260.171	-1738.84	-1.43303	1.32564	-0.000299675	
310	1753.95	263.316	-1930.91	-1.48255	1.93324	-0.000269239	
311	1723.49	266.708	-2113.08	-1.52419	2.5282	-0.000239638	
312	1686.31	269.151	-2287.16	-1.55932	3.11333	-0.000212757	
313	1645.05	271.75	-2450.33	-1.58641	3.68291	-0.000187403	
314	1597.36	273.392	-2604.12	-1.60699	4.23824	-0.000165459	
315	1546.15	275.097	-2746.02	-1.61938	4.77534	-0.000146313	
316	1488.91	275.834	-2877.38	-1.62542	5.29395	-0.000130413	
317	1428.63	276.548	-2995.92	-1.62319	5.79175	-0.000119023	
318	1362.75	276.278	-3102.86	-1.61485	6.26704	-0.000109824	
319	1294.24	275.915	-3196.12	-1.59828	6.71896	-0.000107045	
320	1220.65	274.548	-3276.91	-1.5759	7.14466	-0.000104692	
321	1144.76	273.037	-3343.25	-1.54546	7.54442	-0.000110586	
322	1064.35	270.503	-3396.42	-1.50953	7.91462	-0.000114759	
323	981.934	267.797	-3434.54	-1.46589	8.25642	-0.000128648	
324	895.636	264.052	-3459	-1.41711	8.56575	-0.000138694	
325	807.616	260.128	-3468.01	-1.36111	8.84443	-0.000159338	
326	716.398	255.159	-3463.12	-1.30033	9.08821	-0.00017443	
327	623.791	250.025	-3442.56	-1.23299	9.29939	-0.000200284	
328	528.713	243.852	-3408.14	-1.16127	9.4738	-0.000219567	
329	432.665	237.548	-3358.06	-1.08378	9.61403	-0.000249034	
330	334.91	230.227	-3294.42	-1.00235	9.71622	-0.000271749	
331	236.723	222.823	-3215.36	-0.916056	9.78306	-0.000303406	
332	137.616	214.444	-3123.32	-0.826314	9.81119	-0.000328957	
333	38.7639	206.042	-3016.31	-0.732696	9.80325	-0.00036173	
334	-60.212	196.728	-2897.15	-0.636194	9.75654	-0.000389727	
335	-158.096	187.458	-2763.71	-0.536863	9.67346	-0.000423003	
336	-255.311	177.357	-2619.2	-0.435285	9.55216	-0.000453273	
337	-350.467	167.372	-2461.32	-0.331963	9.39467	-0.00048696	
338	-444.18	156.653	-2293.63	-0.227103	9.20009	-0.000519535	
339	-534.778	146.124	-2113.72	-0.121604	8.96995	-0.000554062	
340	-623.197	134.967	-1925.45	-0.0153429	8.70444	-0.000589154	
341	-707.421	124.077	-1726.32	0.0904506	8.40454	-0.000625392	
342	-788.782	112.669	-1520.44	0.196176	8.07152	-0.000663343	
343	-864.923	101.604	-1305.29	0.300343	7.70587	-0.000702456	
344	-937.584	90.1309	-1085.08	0.403576	7.30986	-0.000743659	
345	-1004.13	79.0802	-857.43	0.504192	6.88361	-0.000786873	
346	-1066.66	67.7218	-626.492	0.602998	6.43023	-0.000831675	
347	-1122.36	56.8726	-390.098	0.698187	5.94964	-0.000879999	
348	-1173.61	45.8058	-152.255	0.790703	5.44558	-0.000928581	
349	-1217.56	35.3437	88.9091	0.878679	4.91797	-0.000982525	
350	-1256.69	24.7436	329.666	0.963162	4.37092	-0.00103478	
351	-1288.3	14.8544	571.513	1.04228	3.80454	-0.00109414	
352	-1314.83	4.89841	811.097	1.11715	3.22309	-0.00114958	
353	-1333.82	-4.22918	1049.51	1.18595	2.627	-0.00121333	
354	-1347.56	-13.3588	1283.82	1.24985	2.02045	-0.00127102	
355	-1353.91	-21.5321	1514.72	1.30707	1.40433	-0.0013374	
356	-1354.94	-29.6471	1739.74	1.35885	0.782551	-0.001396	
357	-1348.83	-36.6703	1959.19	1.40348	0.156562	-0.0014627	
358	-1337.42	-43.5794	2171.06	1.44226	-0.470191	-0.00152051	
359	-1319.2	-49.2584	2375.34	1.47353	-1.09562	-0.00158501	
360	-1295.77	-54.7735	2570.43	1.49868	-1.71688	-0.00164015	
361	-1265.88	-58.9237	2756.1	1.51606	-2.33122	-0.00170008	
362	-1230.99	-62.8691	2931.09	1.5272	-2.93651	-0.00175069	
363	-1189.98	-65.3257	3095.07	1.53041	-3.52932	-0.00180411	
364	-1144.26	-67.5486	3247.02	1.5274	-4.10834	-0.00184853	
365	-1092.82	-68.1776	3386.64	1.51639	-4.66948	-0.0018941	
366	-1037.03	-68.5581	3513.06	1.49933	-5.21232	-0.0019311	
367	-975.946	-67.2664	3626.1	1.47426	-5.73222	-0.0019681	
368	-910.981	-65.7254	3724.95	1.44347	-6.2296	-0.00199688	
369	-841.227	-62.4685	3809.67	1.40473	-6.69947	-0.00202509	
370	-768.121	-58.9738	3879.43	1.3607	-7.14297	-0.00204535	
371	-690.822	-53.7594	3934.61	1.30887	-7.55506	-0.0020648	
372	-610.764	-48.329	3974.27	1.25228	-7.93737	-0.00207655	
373	-527.187	-41.2181	3999.17	1.18812	-8.28512	-0.00208731	
374	-441.498	-33.9218	4008.24	1.11978	-8.60019	-0.00209069	
375	-353.015	-25.0271	4002.63	1.04422	-8.87841	-0.0020927	
376	-263.107	-15.9867	3981.12	0.965075	-9.12156	-0.00208778	
377	-171.14	-5.46943	3945.22	0.879204	-9.32639	-0.00208075	
378	-78.4643	5.14224	3893.61	0.790332	-9.49435	-0.00206734	
379	15.5657	17.0761	3828.1	0.695369	-9.62329	-0.00205084	
380	109.57	29.037	3747.32	0.597974	-9.71413	-0.00202845	
381	204.28	42.1407	3653.28	0.495275	-9.76586	-0.00200207	
382	298.223	55.1838	3544.65	0.390707	-9.7789	-0.00197003	
383	392.286	69.1738	3423.56	0.281762	-9.7532	-0.00193357	
384	484.84	82.9931	3288.8	0.171533	-9.68886	-0.00189125	
385	576.97	97.5553	3142.49	0.057966	-9.5865	-0.00184494	
386	666.862	111.815	2983.67	-0.0562414	-9.44618	-0.0017921	
387	755.793	126.612	2814.31	-0.172667	-9.26888	-0.00173668	
388	841.778	140.958	2633.81	-0.289001	-9.05488	-0.00167375	
389	926.23	155.637	2443.92	-0.406393	-8.80528	-0.00161052	
390	1007.06	169.711	2244.42	-0.522854	-8.52085	-0.00153875	
391	1085.73	183.919	2036.82	-0.639215	-8.20256	-0.00146949	
392	1160.14	197.37	1821.26	-0.753699	-7.85189	-0.00139097	
393	1231.69	210.762	1599.03	-0.86696	-7.46958	-0.0013177	
394	1298.41	223.26	1370.62	-0.97732	-7.05784	-0.00123512	
395	1361.54	235.517	1137.08	-1.0854	-6.61728	-0.00115995	
396	1419.33	246.762	899.183	-1.18952	-6.15067	-0.00107626	
397	1472.82	257.596	657.839	-1.2904	-5.65868	-0.00100113	
398	1520.52	267.325	414.008	-1.38627	-5.14441	-0.000919122	
399	1563.3	276.488	168.491	-1.47806	-4.60875	-0.000845708	
400	1599.95	284.48	-77.6319	-1.56385	-4.05491	-0.000767641	
401	1631.19	291.766	-323.619	-1.64486	-3.48412	-0.00069729	
402	1656.04	297.842	-568.337	-1.71901	-2.89951	-0.000624742	
403	1675.19	303.09	-811.07	-1.78781	-2.30261	-0.000558518	
404	1687.77	307.108	-1050.68	-1.84905	-1.69648	-0.000492368	
405	1694.56	310.196	-1286.46	-1.90452	-1.08278	-0.000431159	
406	1694.71	312.052	-1517.31	-1.95192	-0.464575	-0.000371754	
407	1689.16	312.894	-1742.5	-1.99325	0.156593	-0.000316389	
408	1676.98	312.515	-1961.01	-2.02621	0.777447	-0.000263787	
409	1659.32	311.058	-2172.08	-2.05295	1.39686	-0.00021511	
410	1635.13	308.402	-2374.8	-2.0712	2.01111	-0.000169313	
411	1605.74	304.62	-2568.34	-2.08316	2.61973	-0.000128181	
412	1570.02	299.669	-2751.97	-2.08675	3.21835	-8.92783e-05	
413	1529.41	293.565	-2924.75	-2.08405	3.80734	-5.64859e-05	
414	1482.76	286.331	-3086.19	-2.07323	4.38159	-2.46898e-05	
415	1431.53	277.935	-3235.22	-2.05622	4.94223	-8.41816e-07	
416	1374.62	268.455	-3371.63	-2.03146	5.48357	2.35638e-05	
417	1313.43	257.828	-3494.19	-2.00068	6.00732	3.81628e-05	
418	1247.03	246.173	-3603.03	-1.96259	6.50743	5.48961e-05	
419	1176.67	233.406	-3696.76	-1.91874	6.98586	6.02781e-05	
420	1101.63	219.681	-3775.91	-1.86804	7.43667	6.90933e-05	
421	1023.03	204.902	-3838.9	-1.81196	7.86164	6.55487e-05	
422	940.378	189.251	-3886.69	-1.74945	8.2554	6.61932e-05	
423	854.667	172.626	-3917.53	-1.68207	8.61919	5.4082e-05	
424	765.577	155.233	-3932.81	-1.60867	8.94869	4.61897e-05	
425	674.089	136.965	-3930.66	-1.53101	9.24431	2.56944e-05	
426	579.948	118.056	-3912.89	-1.44774	9.5031	8.66778e-06	
427	484.216	98.383	-3877.54	-1.36094	9.72449	-2.04268e-05	
428	386.595	78.2208	-3826.8	-1.26895	9.90716	-4.74718e-05	
429	288.313	57.4167	-3758.65	-1.17422	10.0495	-8.58813e-05	
430	188.928	36.2967	-3675.65	-1.0748	10.1519	-0.000124047	
431	89.8842	14.6636	-3575.75	-0.973455	10.2119	-0.000172911	
432	-9.47384	-7.09407	-3461.79	-0.868026	10.2314	-0.000223312	
433	-107.475	-29.2292	-3331.78	-0.76145	10.2073	-0.000283932	
434	-205.012	-51.2871	-3188.75	-0.651547	10.1428	-0.000347381	
435	-300.227	-73.5785	-3030.81	-0.541199	10.0345	-0.000420833	
436	-394.226	-95.5891	-2861.1	-0.428419	9.88665	-0.000497511	
437	-485.034	-117.677	-2677.88	-0.315796	9.69589	-0.000584227	
438	-573.91	-139.289	-2484.32	-0.201749	9.46698	-0.00067343	
439	-658.856	-160.806	-2278.89	-0.0883499	9.19702	-0.000772884	
440	-741.198	-181.666	-2064.69	0.0253976	8.89093	-0.000872936	
441	-819.004	-202.241	-1840.44	0.138102	8.54659	-0.000983517	
442	-893.587	-221.998	-1609.09	0.250078	8.16871	-0.00109189	
443	-963.152	-241.262	-1369.65	0.360681	7.75621	-0.00121101	
444	-1028.93	-259.57	-1124.86	0.469539	7.31325	-0.00132465	
445	-1089.32	-277.159	-874.018	0.576719	6.84002	-0.00144907	
446	-1145.43	-293.677	-619.658	0.681251	6.33988	-0.00156479	
447	-1195.84	-309.241	-361.299	0.783789	5.81436	-0.00169104	
448	-1241.55	-323.637	-101.312	0.882923	5.26591	-0.001806	
449	-1281.32	-336.843	160.655	0.979702	4.69732	-0.0019309	
450	-1316.05	-348.801	422.307	1.07247	4.11015	-0.00204288	
451	-1344.65	-359.344	684.003	1.16248	3.50828	-0.00216384	
452	-1367.94	-368.565	943.401	1.248	2.89245	-0.00227143	
453	-1384.97	-376.174	1201.02	1.33029	2.26739	-0.00238669	
454	-1396.5	-382.396	1454.33	1.40773	1.63322	-0.00248919	
455	-1401.68	-386.841	1704.17	1.48143	0.995108	-0.00259775	
456	-1401.29	-389.842	1947.7	1.54997	0.352911	-0.00269495	
457	-1394.51	-390.947	2186.2	1.61426	-0.288188	-0.00279642	
458	-1382.17	-390.559	2416.42	1.67309	-0.92829	-0.00288818	
459	-1363.46	-388.205	2640.16	1.72718	-1.56259	-0.00298242	
460	-1339.32	-384.329	2853.73	1.7755	-2.19081	-0.00306838	
461	-1308.91	-378.462	3059.47	1.81866	-2.80887	-0.0031552	
462	-1273.29	-371.068	3253.29	1.85568	-3.41589	-0.00323444	
463	-1231.57	-361.703	3438	1.88723	-4.00871	-0.0033133	
464	-1184.95	-350.842	3609.19	1.91224	-4.58568	-0.0033843	
465	-1132.52	-338.065	3770.09	1.93156	-5.14473	-0.00345416	
466	-1075.59	-323.862	3916.07	1.94395	-5.6834	-0.00351486	
467	-1013.21	-307.829	4050.66	1.95054	-6.20069	-0.00357417	
468	-946.813	-290.481	4169.18	1.94984	-6.69339	-0.00362222	
469	-875.449	-271.412	4275.29	1.94333	-7.16153	-0.00366902	
470	-800.627	-251.181	4364.43	1.92926	-7.60126	-0.00370212	
471	-721.412	-229.36	4440.3	1.90943	-8.01353	-0.00373431	
472	-639.355	-206.561	4498.56	1.88193	-8.39405	-0.0037505	
473	-553.572	-182.326	4542.84	1.84877	-8.74452	-0.0037661	
474	-465.612	-157.324	4569.16	1.80798	-9.06039	-0.00376401	
475	-374.66	-131.063	4580.99	1.76168	-9.34398	-0.00376141	
476	-282.234	-104.259	4574.74	1.70801	-9.59066	-0.00374036	
477	-187.591	-76.4055	4553.74	1.649	-9.80325	-0.00371856	
478	-92.2049	-48.2393	4514.81	1.58304	-9.97715	-0.00367856	
479	4.61936	-19.2619	4461.12	1.51199	-10.1156	-0.00363732	
480	101.435	9.79574	4389.88	1.43458	-10.2141	-0.00357899	
481	198.932	39.3948	4304.13	1.35239	-10.2762	-0.00351881	
482	295.661	68.8444	4201.45	1.26456	-10.2977	-0.00344326	
483	392.354	98.5392	4084.81	1.17239	-10.2822	-0.00336538	
484	487.522	127.858	3952.07	1.07537	-10.2261	-0.00327411	
485	581.985	157.108	3806.18	0.974574	-10.1327	-0.00318038	
486	674.176	185.76	3645.26	0.869806	-9.99927	-0.00307515	
487	765.034	214.021	3472.26	0.761948	-9.82865	-0.00296787	
488	852.896	241.466	3285.54	0.651029	-9.61924	-0.00285065	
489	938.824	268.207	3088.06	0.537844	-9.37311	-0.00273239	
490	1021.07	293.918	2878.37	0.422531	-9.08999	-0.00260528	
491	1100.78	318.632	2659.5	0.305879	-8.77118	-0.00247866	
492	1176.17	342.111	2430.13	0.188047	-8.41775	-0.00234378	
493	1248.45	364.332	2193.37	0.0698637	-8.03028	-0.00221131	
494	1315.8	385.126	1948	-0.0485375	-7.61115	-0.00207077	
495	1379.47	404.441	1697.24	-0.166289	-7.16037	-0.00193473	
496	1437.7	422.157	1439.88	-0.283289	-6.68142	-0.00179056	
497	1491.68	438.217	1179.27	-0.398679	-6.17402	-0.00165292	
498	1539.78	452.53	914.186	-0.512345	-5.64243	-0.0015071	
499	1583.15	465.056	648.099	-0.623524	-5.08644	-0.00136959	
500	1620.28	475.716	379.68	-0.732022	-4.51061	-0.00122412	
501	1652.28	484.499	112.56	-0.83727	-3.91523	-0.00108833	
502	1677.77	491.333	-154.747	-0.938916	-3.30468	-0.000945338	
503	1697.85	496.236	-418.482	-1.03668	-2.68004	-0.000812916	
504	1711.27	499.146	-680.31	-1.12998	-2.04513	-0.000674727	
505	1719.15	500.098	-936.374	-1.21889	-1.40202	-0.000547559	
506	1720.29	499.051	-1188.52	-1.30259	-0.753653	-0.000416699	
507	1715.93	496.043	-1432.86	-1.38149	-0.103155	-0.000296987	
508	1704.84	491.07	-1671.38	-1.45454	0.547558	-0.000176081	
509	1688.43	484.151	-1900.22	-1.52248	1.1944	-6.63231e-05	
510	1665.41	475.335	-2121.5	-1.58409	1.83645	4.2116e-05	
511	1637.35	464.61	-2331.42	-1.64034	2.4689	0.000139303	
512	1602.87	452.083	-2532.17	-1.68992	3.09165	0.00023312	
513	1563.72	437.708	-2720.13	-1.73391	3.69951	0.000315277	
514	1518.45	421.651	-2897.46	-1.77106	4.29291	0.000392881	
515	1468.92	403.836	-3060.79	-1.80246	4.86665	0.00045801	
516	1413.63	384.476	-3212.22	-1.82695	5.4214	0.000518461	
517	1354.54	363.485	-3348.66	-1.84555	5.95223	0.000565255	
518	1290.13	341.101	-3472.1	-1.85728	6.45984	0.000608204	
519	1222.4	317.254	-3579.79	-1.86306	6.93981	0.000636132	
520	1149.87	292.181	-3673.58	-1.86208	7.39264	0.000661623	
521	1074.53	265.851	-3751.07	-1.85514	7.81466	0.000670845	
522	994.967	238.482	-3813.97	-1.8416	8.20604	0.000679077	
523	913.147	210.097	-3860.23	-1.82222	8.56393	0.000670214	
524	827.751	180.879	-3891.45	-1.79641	8.88816	0.000661344	
525	740.699	150.916	-3905.89	-1.76499	9.17672	0.000635211	
526	650.758	120.348	-3905.07	-1.72734	9.42915	0.00060929	
527	559.825	89.3248	-3887.55	-1.68442	9.64427	0.000566672	
528	466.724	57.9432	-3854.8	-1.63553	9.82137	0.000523738	
529	373.343	26.4042	-3805.61	-1.58181	9.96006	0.000465312	
530	278.535	-5.23224	-3741.48	-1.52242	10.0595	0.00040561	
531	184.194	-36.7278	-3661.38	-1.45874	10.1199	0.000332021	
532	89.1714	-68.0556	-3566.86	-1.38975	10.1405	0.000256262	
533	-4.6301	-98.9521	-3457.04	-1.31709	10.1221	0.000168323	
534	-98.373	-129.421	-3333.55	-1.23955	10.0638	7.78792e-05	
535	-190.158	-159.183	-3195.6	-1.159	9.96719	-2.31897e-05	
536	-281.163	-188.274	-3044.97	-1.07408	9.83125	-0.000126235	
537	-369.512	-216.4	-2880.92	-0.986848	9.65798	-0.000238646	
538	-456.385	-243.634	-2705.37	-0.895807	9.44665	-0.000351614	
539	-539.956	-269.67	-2517.63	-0.803177	9.19947	-0.000472993	
540	-621.39	-294.619	-2319.77	-0.707344	8.91602	-0.000592866	
541	-698.926	-318.165	-2111.11	-0.610649	8.59861	-0.000720407	
542	-773.705	-340.455	-1893.9	-0.511393	8.24729	-0.000844167	
543	-844.037	-361.17	-1667.46	-0.411993	7.86428	-0.000974919	
544	-911.042	-380.484	-1434.21	-0.310704	7.45024	-0.00109985	
545	-973.085	-398.084	-1193.45	-0.209962	7.00718	-0.00123105	
546	-1031.29	-414.159	-947.766	-0.108036	6.53644	-0.00135495	
547	-1084.04	-428.421	-696.431	-0.00729933	6.03978	-0.00148432	
548	-1132.52	-441.05	-442.185	0.093875	5.51924	-0.00160559	
549	-1175.08	-451.802	-184.27	0.193286	4.97633	-0.00173148	
550	-1213.01	-460.832	74.4723	0.29234	4.41372	-0.00184904	
551	-1244.6	-467.958	334.807	0.389141	3.83273	-0.00197042	
552	-1271.28	-473.292	593.848	0.484742	3.23657	-0.00208355	
553	-1291.28	-476.725	852.352	0.5777	2.62646	-0.00219987	
554	-1306.18	-478.319	1107.45	0.668574	2.00595	-0.00230799	
555	-1314.15	-478.04	1359.87	0.756516	1.3763	-0.00241891	
556	-1316.92	-475.906	1606.83	0.841475	0.741199	-0.00252136	
557	-1312.66	-471.946	1849	0.923309	0.102046	-0.00262648	
558	-1303.2	-466.149	2083.75	1.00128	-0.537517	-0.00272241	
559	-1286.72	-458.585	2311.68	1.07602	-1.17588	-0.00282104	
560	-1265.16	-449.239	2530.37	1.14609	-1.80962	-0.00290932	
561	-1236.75	-438.193	2740.32	1.21287	-2.43687	-0.00300044	
562	-1203.47	-425.455	2939.38	1.2743	-3.05454	-0.00307971	
563	-1163.67	-411.093	3127.91	1.3324	-3.66054	-0.00316194	
564	-1119.28	-395.161	3304.09	1.38463	-4.25216	-0.00323077	
565	-1068.82	-377.687	3468.14	1.4335	-4.82713	-0.00330253	
566	-1014.14	-358.789	3618.57	1.47615	-5.38317	-0.00335958	
567	-953.945	-338.444	3755.49	1.51541	-5.91787	-0.00341933	
568	-889.974	-316.837	3877.72	1.54827	-6.42935	-0.00346355	
569	-821.092	-293.894	3985.29	1.57768	-6.91517	-0.00351001	
570	-748.95	-269.862	4077.3	1.60067	-7.37387	-0.00354073	
571	-672.532	-244.621	4153.77	1.62013	-7.80297	-0.00357304	
572	-593.43	-218.475	4214.03	1.63326	-8.20143	-0.00359001	
573	-510.696	-191.268	4258.14	1.64279	-8.5668	-0.00360787	
574	-425.905	-163.345	4285.61	1.64611	-8.8985	-0.00361121	
575	-338.124	-134.53	4296.62	1.64581	-9.19408	-0.00361487	
576	-248.96	-105.2	4290.82	1.63943	-9.45347	-0.00360493	
577	-157.445	-75.1663	4268.54	1.62944	-9.67426	-0.00359505	
578	-65.2572	-44.8309	4229.49	1.61349	-9.8569	-0.00357234	
579	28.6362	-13.9947	4174.28	1.59405	-9.99906	-0.00354989	
580	122.466	16.9141	4102.62	1.56871	-10.1017	-0.00351493	
581	217.336	48.1091	4015.4	1.5401	-10.1627	-0.003481	
582	311.393	79.1329	3912.3	1.50566	-10.1834	-0.00343442	
583	405.796	110.222	3794.51	1.46825	-10.162	-0.00339009	
584	498.637	140.884	3661.69	1.4251	-10.1003	-0.00333264	
585	591.099	171.388	3515.33	1.37939	-9.99678	-0.003279	
586	681.262	201.206	3355.01	1.3281	-9.85363	-0.00321167	
587	770.298	230.643	3182.51	1.27472	-9.66971	-0.00314977	
588	856.325	259.14	2997.35	1.21602	-9.44748	-0.0030739	
589	940.472	287.035	2801.57	1.15578	-9.18636	-0.00300484	
590	1020.94	313.75	2594.64	1.09062	-8.88887	-0.00292208	
591	1098.79	339.65	2378.78	1.02449	-8.55513	-0.00284712	
592	1172.34	364.152	2153.43	0.953981	-8.18752	-0.00275935	
593	1242.6	387.633	1920.97	0.883096	-7.78695	-0.00267992	
594	1307.99	409.525	1680.83	0.808494	-7.35556	-0.00258912	
595	1369.49	430.205	1435.45	0.734135	-6.89503	-0.00250683	
596	1425.62	449.133	1184.32	0.656804	-6.40722	-0.00241489	
597	1477.36	466.674	929.867	0.580352	-5.89449	-0.00233152	
598	1523.31	482.332	671.652	0.501719	-5.35843	-0.00224014	
599	1564.48	496.452	412.055	0.424606	-4.80195	-0.00215755	
600	1599.51	508.583	150.738	0.346116	-4.22645	-0.00206824	
601	1629.5	519.057	-110.019	0.269783	-3.6352	-0.00198831	
602	1653.08	527.464	-370.438	0.192854	-3.02952	-0.00190246	
603	1671.46	534.133	-628.371	0.118703	-2.41283	-0.00182703	
604	1683.26	538.681	-883.918	0.0446854	-1.78654	-0.00174603	
605	1689.79	541.454	-1135.08	-0.0259635	-1.15397	-0.00167683	
606	1689.67	542.08	-1381.85	-0.0958181	-0.516775	-0.00160215	
607	1684.28	540.94	-1622.38	-0.161765	0.121979	-0.00154075	
608	1672.27	537.658	-1856.58	-0.226338	0.760323	-0.00147393	
609	1655.07	532.666	-2082.74	-0.286532	1.39556	-0.00142165	
610	1631.36	525.57	-2300.74	-0.344864	2.02535	-0.00136413	
611	1602.63	516.87	-2508.96	-0.398427	2.64744	-0.00132195	
612	1567.57	506.132	-2707.34	-0.449737	3.25914	-0.0012749	
613	1527.73	493.944	-2894.31	-0.495978	3.85864	-0.00124338	
614	1481.85	479.816	-3069.89	-0.539672	4.44295	-0.00120742	
615	1431.48	464.431	-3232.56	-0.578094	5.01068	-0.00118662	
616	1375.46	447.232	-3382.5	-0.613767	5.55868	-0.00116174	
617	1315.34	429.007	-3518.17	-0.644064	6.08592	-0.00115126	
618	1250.01	409.112	-3639.97	-0.671494	6.58916	-0.0011368	
619	1181.05	388.453	-3746.31	-0.69354	7.06772	-0.00113587	
620	1107.42	366.286	-3837.88	-0.712667	7.51839	-0.00113072	
621	1030.72	343.635	-3913.02	-0.726504	7.9408	-0.00113837	
622	949.932	319.652	-3972.72	-0.737418	8.33184	-0.00114128	
623	866.71	295.478	-4015.25	-0.743231	8.69143	-0.00115655	
624	780.051	270.157	-4041.93	-0.746157	9.01668	-0.00116643	
625	691.65	244.942	-4050.94	-0.744263	9.30774	-0.00118854	
626	600.506	218.773	-4043.93	-0.739547	9.562	-0.00120468	
627	508.35	193.001	-4019.04	-0.730378	9.77987	-0.00123312	
628	414.18	166.477	-3978.24	-0.718485	9.95905	-0.00125522	
629	319.741	140.627	-3919.61	-0.702578	10.1001	-0.00128972	
630	224.04	114.235	-3845.42	-0.684082	10.2012	-0.00131778	
631	128.811	88.7766	-3753.74	-0.662074	10.2631	-0.00135812	
632	33.0793	62.9879	-3647.12	-0.637656	10.2844	-0.00139215	
633	-61.4599	38.3716	-3523.64	-0.610275	10.2658	-0.00143801	
634	-155.745	13.6357	-3386.1	-0.580712	10.2065	-0.00147769	
635	-248.143	-9.71056	-3232.6	-0.548773	10.1073	-0.00152842	
636	-339.547	-32.9747	-3066.14	-0.514918	9.96812	-0.00157295	
637	-428.397	-54.653	-2884.92	-0.479306	9.78954	-0.00162746	
638	-515.54	-76.0634	-2692.06	-0.442071	9.57216	-0.00167545	
639	-599.488	-95.7121	-2485.91	-0.403725	9.31652	-0.00173226	
640	-681.051	-114.929	-2269.67	-0.364052	9.02393	-0.00178194	
641	-758.804	-132.229	-2041.83	-0.323938	8.69483	-0.00183934	
642	-833.542	-148.958	-1805.63	-0.282782	8.33123	-0.00188881	
643	-903.877	-163.637	-1559.74	-0.241874	7.9335	-0.00194514	
644	-970.62	-177.633	-1307.41	-0.200182	7.5043	-0.00199273	
645	-1032.4	-189.471	-1047.46	-0.159431	7.04398	-0.00204664	
646	-1090.07	-200.536	-783.13	-0.118133	6.55575	-0.00209122	
647	-1142.25	-209.366	-513.354	-0.0784511	6.04008	-0.00214185	
648	-1189.89	-217.355	-241.382	-0.03845	5.50049	-0.00218292	
649	-1231.57	-223.063	33.7966	-0.00069302	4.93773	-0.00222999	
650	-1268.35	-227.883	308.912	0.0371459	4.35547	-0.00226762	
651	-1298.77	-230.41	584.987	0.0721894	3.75481	-0.00231131	
652	-1324.01	-232.02	858.712	0.107051	3.1394	-0.0023459	
653	-1342.6	-231.357	1131.19	0.138668	2.51077	-0.00238662	
654	-1355.84	-229.772	1399.05	0.169806	1.87237	-0.00241856	
655	-1362.22	-225.964	1663.53	0.197371	1.22621	-0.00245667	
656	-1363.18	-221.25	1921.22	0.224134	0.575414	-0.00248611	
657	-1357.21	-214.394	2173.51	0.247112	-0.0775322	-0.00252166	
658	-1345.84	-206.672	2416.94	0.268966	-0.729942	-0.00254829	
659	-1327.6	-196.91	2653.08	0.286927	-1.3789	-0.0025809	
660	-1304.09	-186.352	2878.48	0.303478	-2.02217	-0.00260398	
661	-1273.91	-173.879	3094.85	0.316106	-2.65653	-0.00263285	
662	-1238.67	-160.703	3298.79	0.327109	-3.28019	-0.00265134	
663	-1197.07	-145.76	3492.14	0.334205	-3.88973	-0.00267534	
664	-1150.72	-130.228	3671.59	0.339563	-4.48376	-0.00268816	
665	-1098.45	-113.101	3839.07	0.341051	-5.05882	-0.00270608	
666	-1041.82	-95.519	3991.38	0.3408	-5.61383	-0.00271231	
667	-979.78	-76.5361	4130.56	0.336719	-6.14548	-0.00272309	
668	-913.853	-57.245	4253.53	0.331005	-6.65284	-0.00272208	
669	-843.11	-36.7731	4362.44	0.321502	-7.13297	-0.00272501	
670	-769.018	-16.15	4454.3	0.310553	-7.58496	-0.00271643	
671	-690.75	5.41121	4531.39	0.295864	-8.00641	-0.00271119	
672	-609.733	26.9587	4590.82	0.279969	-8.3963	-0.00269501	
673	-525.208	49.1832	4635	0.260406	-8.75288	-0.00268168	
674	-438.588	71.2225	4661.14	0.239891	-9.07497	-0.00265801	
675	-349.143	93.6666	4671.78	0.215824	-9.36155	-0.00263702	
676	-258.302	115.748	4664.23	0.191048	-9.61124	-0.00260607	
677	-165.324	137.959	4641.18	0.162892	-9.82377	-0.00257807	
678	-71.6789	159.627	4600.02	0.134242	-9.99758	-0.00254016	
679	23.4104	181.155	4543.59	0.102451	-10.1331	-0.00250592	
680	118.416	201.958	4469.37	0.0703482	-10.2287	-0.00246154	
681	214.17	222.366	4380.33	0.0354082	-10.2853	-0.00242197	
682	309.083	241.87	4274.1	0.000320168	-10.3014	-0.00237187	
683	404.045	260.745	4153.72	-0.0372512	-10.2785	-0.00232795	
684	497.412	278.547	4017	-0.0748031	-10.2151	-0.00227324	
685	590.123	295.509	3867.02	-0.114454	-10.113	-0.00222607	
686	680.506	311.244	3701.8	-0.153888	-9.97097	-0.00216818	
687	769.531	325.955	3524.41	-0.195032	-9.79114	-0.00211902	
688	855.52	339.307	3333.14	-0.235707	-9.57274	-0.00205964	
689	939.465	351.475	3130.98	-0.277722	-9.3178	-0.00200982	
690	1019.71	362.181	2916.52	-0.318942	-9.0262	-0.00195072	
691	1097.25	371.57	2692.64	-0.361176	-8.69987	-0.00190164	
692	1170.47	379.421	2458.23	-0.402213	-8.33934	-0.0018445	
693	1240.38	385.848	2216.06	-0.443992	-7.94638	-0.00179754	
694	1305.41	390.693	1965.26	-0.484105	-7.52224	-0.0017438	
695	1366.6	394.034	1708.52	-0.52475	-7.06847	-0.00170024	
696	1422.41	395.778	1445.18	-0.56322	-6.58698	-0.00165103	
697	1473.91	395.966	1177.87	-0.602064	-6.07918	-0.00161202	
698	1519.62	394.572	906.056	-0.638224	-5.54757	-0.00156818	
699	1560.65	391.599	632.34	-0.674642	-4.99342	-0.00153466	
700	1595.54	387.083	356.248	-0.707909	-4.41972	-0.00149678	
701	1625.47	380.998	80.4172	-0.741337	-3.8277	-0.00146955	
702	1649.01	373.431	-195.663	-0.771232	-3.22068	-0.00143807	
703	1667.39	364.337	-469.277	-0.801191	-2.59996	-0.00141768	
704	1679.2	353.839	-741.041	-0.827355	-1.96903	-0.00139291	
705	1685.74	341.89	-1008.13	-0.853464	-1.32934	-0.0013797	
706	1685.64	328.631	-1271.33	-0.875651	-0.684383	-0.00136179	
707	1680.21	314.021	-1527.69	-0.897633	-0.0358425	-0.00135584	
708	1668.18	298.211	-1778.17	-0.915693	0.612903	-0.00134477	
709	1650.84	281.172	-2019.76	-0.933365	1.25991	-0.00134585	
710	1627.01	263.056	-2253.58	-0.947219	1.90204	-0.00134136	
711	1598	243.847	-2476.58	-0.960476	2.53707	-0.00134902	
712	1562.7	223.699	-2690.03	-0.970079	3.1622	-0.00135062	
713	1522.43	202.6	-2890.92	-0.978862	3.77493	-0.00136419	
714	1476.17	180.712	-3080.6	-0.984172	4.37287	-0.00137127	
715	1425.26	158.015	-3256.23	-0.988438	4.9533	-0.00139007	
716	1368.74	134.694	-3419.14	-0.989386	5.51427	-0.00140203	
717	1307.99	110.701	-3566.74	-0.989079	6.05293	-0.00142549	
718	1242.1	86.2618	-3700.32	-0.98555	6.56776	-0.0014419	
719	1172.52	61.2835	-3817.59	-0.980581	7.0559	-0.00146973	
720	1098.34	36.0472	-3919.78	-0.972412	7.51621	-0.00149047	
721	1021.09	10.4027	-4004.93	-0.962646	7.94597	-0.00152273	
722	939.858	-15.3027	-4074.18	-0.949638	8.34436	-0.001548	
723	856.259	-41.2815	-4125.94	-0.934907	8.70891	-0.00158509	
724	769.326	-67.1192	-4161.27	-0.916852	9.03907	-0.00161535	
725	680.791	-93.0847	-4178.92	-0.896974	9.33273	-0.00165782	
726	589.616	-118.706	-4179.92	-0.873692	9.58954	-0.00169357	
727	497.621	-144.292	-4163.3	-0.848512	9.80786	-0.00174194	
728	403.709	-169.332	-4130.11	-0.81989	9.98747	-0.00178354	
729	309.759	-194.153	-4079.6	-0.789321	10.1272	-0.00183803	
730	214.63	-218.234	-4012.89	-0.755358	10.2271	-0.00188549	
731	120.227	-241.887	-3929.41	-0.719426	10.2864	-0.00194587	
732	25.3867	-264.616	-3830.38	-0.680262	10.3052	-0.00199872	
733	-67.9934	-286.691	-3715.34	-0.639143	10.2833	-0.00206426	
734	-161.073	-307.668	-3585.68	-0.595085	10.2211	-0.00212159	
735	-251.991	-327.754	-3440.96	-0.549129	10.1187	-0.00219108	
736	-341.887	-346.583	-3282.77	-0.500646	9.97654	-0.00225166	
737	-428.95	-364.285	-3110.71	-0.450385	9.79543	-0.00232362	
738	-514.297	-380.585	-2926.51	-0.398107	9.57584	-0.00238608	
739	-596.167	-395.536	-2729.81	-0.344242	9.31897	-0.00245896	
740	-675.666	-408.961	-2522.49	-0.288929	9.02549	-0.00252191	
741	-751.076	-420.838	-2304.2	-0.232301	8.69694	-0.00259427	
742	-823.506	-431.086	-2076.97	-0.174814	8.33423	-0.00265647	
743	-891.272	-439.626	-1840.47	-0.116365	7.93917	-0.0027271	
744	-955.509	-446.457	-1596.81	-0.0576273	7.51291	-0.00278745	
745	-1014.56	-451.467	-1345.72	0.00164722	7.05749	-0.00285534	
746	-1069.6	-454.712	-1089.35	0.060686	6.57431	-0.00291283	
747	-1119	-456.075	-827.507	0.119786	6.0656	-0.00297708	
748	-1163.98	-455.645	-562.371	0.178181	5.53297	-0.00303069	
749	-1202.95	-453.326	-293.77	0.236142	4.97882	-0.00309043	
750	-1237.17	-449.216	-23.9304	0.292985	4.40499	-0.00313907	
751	-1265.12	-443.263	247.312	0.34891	3.81394	-0.00319331	
752	-1288.08	-435.549	517.695	0.403346	3.20774	-0.00323577	
753	-1304.6	-426.087	787.404	0.456431	2.5889	-0.00328342	
754	-1315.97	-414.923	1054.14	0.507681	1.95971	-0.00331842	
755	-1320.83	-402.149	1318.14	0.557224	1.32262	-0.00335834	
756	-1320.49	-387.762	1577.06	0.604595	0.680141	-0.0033847	
757	-1313.67	-371.938	1831.24	0.649998	0.0346493	-0.00341581	
758	-1301.68	-354.617	2078.28	0.692896	-0.611169	-0.00343253	
759	-1283.32	-336.057	2318.64	0.733663	-1.25506	-0.003454	
760	-1259.9	-316.145	2549.92	0.771598	-1.89418	-0.00346045	
761	-1230.31	-295.21	2772.67	0.807326	-2.52642	-0.00347182	
762	-1195.86	-273.091	2984.5	0.839915	-3.14887	-0.00346782	
763	-1155.51	-250.174	3186.11	0.870288	-3.75957	-0.00346907	
764	-1110.57	-226.263	3375.13	0.897252	-4.35557	-0.00345489	
765	-1060.05	-201.785	3552.4	0.922032	-4.9351	-0.00344644	
766	-1005.33	-176.519	3715.59	0.943185	-5.49524	-0.00342277	
767	-945.384	-150.918	3865.69	0.962209	-6.03442	-0.00340542	
768	-881.694	-124.745	4000.46	0.977451	-6.54984	-0.00337326	
769	-813.226	-98.4684	4121.01	0.990627	-7.04008	-0.00334808	
770	-741.528	-71.8402	4225.2	0.99993	-7.50256	-0.00330869	
771	-665.557	-45.3383	4314.3	1.00723	-7.93607	-0.00327692	
772	-586.936	-18.7032	4386.27	1.01063	-8.33824	-0.00323163	
773	-504.614	7.58058	4442.54	1.01211	-8.70807	-0.0031946	
774	-420.274	33.7849	4481.16	1.00969	-9.04351	-0.00314483	
775	-332.864	59.4197	4503.74	1.00545	-9.34377	-0.00310392	
776	-244.11	84.7727	4508.42	0.997355	-9.60712	-0.00305106	
777	-152.969	109.349	4497.02	0.987592	-9.83302	-0.00300762	
778	-61.1929	133.453	4467.72	0.974025	-10.0201	-0.002953	
779	32.2475	156.589	4422.58	0.958999	-10.168	-0.00290838	
780	125.594	179.077	4359.84	0.940228	-10.2757	-0.00285323	
781	219.857	200.426	4281.75	0.920274	-10.3432	-0.00280869	
782	313.286	220.965	4186.62	0.896649	-10.3699	-0.00275409	
783	406.871	240.224	4076.91	0.87218	-10.3559	-0.00271076	
784	498.884	258.523	3951	0.844135	-10.3009	-0.00265761	
785	590.297	275.433	3811.5	0.815638	-10.2055	-0.00261642	
786	679.412	291.248	3656.9	0.783701	-10.0698	-0.00256543	
787	767.19	305.6	3489.95	0.751732	-9.89441	-0.00252707	
788	851.969	318.736	3309.22	0.716518	-9.6799	-0.00247876	
789	934.706	330.371	3117.58	0.6817	-9.42716	-0.00244371	
790	1013.78	340.686	2913.71	0.643902	-9.13714	-0.00239846	
791	1090.15	349.495	2700.56	0.606909	-8.81095	-0.00236699	
792	1162.24	356.9	2476.9	0.567277	-8.44991	-0.00232513	
793	1231.03	362.822	2245.76	0.528828	-8.05533	-0.00229744	
794	1294.97	367.278	2005.96	0.488148	-7.6289	-0.00225934	
795	1355.09	370.3	1760.62	0.448986	-7.17213	-0.00223562	
796	1409.88	371.817	1508.6	0.408048	-6.687	-0.00220174	
797	1460.39	371.968	1253.08	0.368925	-6.17525	-0.00218233	
798	1505.15	370.605	992.889	0.328498	-5.63909	-0.00215325	
799	1545.28	367.956	731.338	0.290151	-5.08048	-0.00213868	
800	1579.33	363.81	467.173	0.250959	-4.5018	-0.00211509	
801	1608.47	358.473	203.815	0.214084	-3.90522	-0.00210606	
802	1631.3	351.684	-60.1082	0.176784	-3.29322	-0.00208874	
803	1649.05	343.811	-321.053	0.14202	-2.66818	-0.00208606	
804	1660.31	334.553	-580.542	0.107185	-2.03262	-0.00207574	
805	1666.42	324.335	-834.921	0.0750869	-1.38911	-0.00208021	
806	1665.98	312.818	-1085.87	0.0431961	-0.740135	-0.00207748	
807	1660.39	300.482	-1329.66	0.0142239	-0.0884437	-0.00208973	
808	1648.27	286.952	-1568.13	-0.014342	0.563584	-0.00209494	
809	1631.09	272.761	-1797.5	-0.039836	1.21303	-0.0021153	
810	1607.49	257.495	-2019.73	-0.0647934	1.85767	-0.0021285	
811	1579.01	241.746	-2231.09	-0.0865653	2.49446	-0.00215694	
812	1544.31	225.051	-2433.62	-0.107722	3.12141	-0.00217782	
813	1504.97	208.07	-2623.69	-0.125631	3.73535	-0.00221388	
814	1459.7	190.28	-2803.37	-0.142877	4.33455	-0.0022418	
815	1410.13	172.418	-2969.2	-0.15687	4.91581	-0.00228466	
816	1355.01	153.888	-3123.25	-0.170166	5.47767	-0.00231873	
817	1296	135.512	-3262.3	-0.180264	6.017	-0.0023673	
818	1231.89	116.616	-3388.37	-0.189628	6.53256	-0.0024064	
819	1164.4	98.1026	-3498.52	-0.195904	7.02141	-0.00245946	
820	1092.31	79.2205	-3594.72	-0.201402	7.4825	-0.0025024	
821	1017.43	60.9509	-3674.32	-0.203968	7.91321	-0.00255865	
822	938.536	42.4632	-3739.25	-0.205707	8.3126	-0.00260423	
823	857.485	24.8124	-3787.12	-0.2047	8.6785	-0.00266243	
824	773.054	7.09138	-3819.88	-0.202827	9.01004	-0.00270947	
825	687.154	-9.57902	-3835.36	-0.198407	9.30558	-0.00276844	
826	598.549	-26.1773	-3835.56	-0.193105	9.56426	-0.00281584	
827	509.189	-41.5271	-3818.48	-0.185459	9.78505	-0.00287442	
828	417.829	-56.6712	-3786.24	-0.176957	9.96708	-0.00292108	
829	326.436	-70.3896	-3736.95	-0.16631	10.1099	-0.00297813	
830	233.767	-83.7806	-3672.88	-0.154882	10.2127	-0.00302293	
831	141.776	-95.594	-3592.2	-0.141503	10.2757	-0.00307726	
832	49.2428	-106.973	-3497.38	-0.127476	10.2979	-0.003119	
833	-41.9201	-116.653	-3386.63	-0.111695	10.2801	-0.00316932	
834	-132.897	-125.809	-3262.6	-0.0954438	10.2216	-0.00320671	
835	-221.835	-133.177	-3123.53	-0.0776507	10.1234	-0.0032517	
836	-309.874	-139.952	-2972.26	-0.0595978	9.98516	-0.0032834	
837	-395.229	-144.888	-2807.07	-0.0402418	9.8081	-0.00332176	
838	-478.998	-149.184	-2630.93	-0.0208451	9.5923	-0.00334645	
839	-559.462	-151.627	-2442.2	-0.000422893	9.33903	-0.003377	
840	-637.69	-153.408	-2243.95	0.0198345	9.04891	-0.00339354	
841	-712.014	-153.357	-2034.66	0.0407968	8.72322	-0.00341539	
842	-783.497	-152.648	-1817.41	0.0614195	8.36312	-0.00342296	
843	-850.507	-150.162	-1590.86	0.0823878	7.96991	-0.00343558	
844	-914.126	-147.045	-1358.03	0.10288	7.54526	-0.00343378	
845	-972.738	-142.233	-1117.79	0.123333	7.09052	-0.00343713	
846	-1027.48	-136.84	-873.092	0.143208	6.60779	-0.00342607	
847	-1076.73	-129.858	-622.994	0.162652	6.09853	-0.00342056	
848	-1121.69	-122.361	-370.339	0.181439	5.56518	-0.00340083	
849	-1160.75	-113.397	-114.377	0.19942	5.00934	-0.00338725	
850	-1195.19	-103.998	142.157	0.216666	4.4337	-0.00335982	
851	-1223.41	-93.2655	399.871	0.232767	3.84006	-0.00333924	
852	-1246.76	-82.1859	656.126	0.248041	3.23124	-0.00330531	
853	-1263.65	-69.9108	911.44	0.261885	2.60922	-0.00327891	
854	-1275.52	-57.3839	1163.25	0.274779	1.97691	-0.00323971	
855	-1280.82	-43.8013	1412.04	0.286013	1.33645	-0.00320861	
856	-1281.02	-30.0667	1655.3	0.296148	0.690757	-0.00316523	
857	-1274.64	-15.4159	1893.54	0.304445	0.0420986	-0.00313041	
858	-1263.2	-0.717963	2124.3	0.311476	-0.606651	-0.0030837	
859	-1245.26	14.7582	2348.13	0.316526	-1.25314	-0.0030459	
860	-1222.37	30.1706	2562.65	0.320151	-1.89457	-0.00299648	
861	-1193.19	46.2242	2768.45	0.321669	-2.52856	-0.00295622	
862	-1159.26	62.0961	2963.25	0.321637	-3.15242	-0.00290448	
863	-1119.3	78.4723	3147.7	0.319372	-3.76379	-0.00286217	
864	-1074.89	94.5415	3319.63	0.315491	-4.36015	-0.00280843	
865	-1024.8	110.977	3479.75	0.30924	-4.93912	-0.00276442	
866	-970.635	126.975	3626.05	0.301385	-5.49845	-0.00270906	
867	-911.207	143.201	3759.27	0.291009	-6.03576	-0.00266377	
868	-848.16	158.854	3877.58	0.279122	-6.54911	-0.00260732	
869	-780.333	174.597	3981.78	0.264557	-7.03613	-0.00256133	
870	-709.409	189.634	4070.2	0.248649	-7.49526	-0.00250451	
871	-634.259	204.623	4143.73	0.229918	-7.92414	-0.00245854	
872	-556.592	218.78	4200.85	0.210064	-8.32165	-0.00240224	
873	-475.321	232.754	4242.57	0.187277	-8.68544	-0.00235714	
874	-392.162	245.782	4267.5	0.163613	-9.0149	-0.00230229	
875	-306.083	258.497	4276.78	0.136963	-9.30775	-0.00225893	
876	-218.787	270.165	4269.15	0.109686	-9.56384	-0.00220642	
877	-129.305	281.403	4245.93	0.0794452	-9.78107	-0.0021656	
878	-39.3064	291.504	4205.9	0.0488146	-9.95969	-0.00211614	
879	52.1097	301.073	4150.61	0.0153239	-10.0979	-0.00207852	
880	143.325	309.43	4078.88	-0.0183353	-10.1963	-0.00203263	
881	235.177	317.163	3992.48	-0.0546662	-10.2535	-0.00199871	
882	326.104	323.624	3890.26	-0.0909527	-10.2702	-0.00195672	
883	416.899	329.383	3774.18	-0.129646	-10.2457	-0.00192687	
884	506.052	333.825	3643.18	-0.168072	-10.1808	-0.00188905	
885	594.34	337.495	3499.32	-0.208577	-10.0753	-0.00186364	
886	680.287	339.816	3341.65	-0.248558	-9.93015	-0.00183032	
887	764.691	341.304	3172.33	-0.290242	-9.74569	-0.00180983	
888	846.082	341.428	2990.53	-0.331091	-9.52287	-0.00178151	
889	925.321	340.665	2798.43	-0.373232	-9.26268	-0.00176664	
890	1000.92	338.537	2595.39	-0.414165	-8.96604	-0.00174408	
891	1073.82	335.478	2383.52	-0.455954	-8.63446	-0.00173575	
892	1142.49	331.072	2162.4	-0.496099	-8.26892	-0.00171995	
893	1208	325.703	1934.07	-0.536652	-7.87129	-0.00171928	
894	1268.75	319.023	1698.31	-0.575078	-7.44272	-0.00171136	
895	1325.93	311.37	1457.05	-0.613455	-6.9853	-0.00171949	
896	1377.89	302.46	1210.27	-0.649209	-6.50044	-0.00172054	
897	1425.92	292.596	959.805	-0.68446	-5.9903	-0.00173842	
898	1468.33	281.547	705.787	-0.716615	-5.45664	-0.0017493	
899	1506.49	269.601	449.988	-0.747821	-4.90159	-0.00177754	
900	1538.72	256.561	192.623	-0.775524	-4.3273	-0.00179869	
901	1566.42	242.719	-64.5554	-0.801853	-3.73581	-0.0018373	
902	1587.96	227.893	-321.317	-0.824378	-3.12966	-0.00186864	
903	1604.76	212.403	-575.884	-0.845134	-2.51079	-0.00191705	
904	1615.23	196.054	-828.085	-0.861918	-1.88206	-0.00195788	
905	1620.8	179.215	-1076.07	-0.87658	-1.24533	-0.00201492	
906	1619.98	161.656	-1319.8	-0.88725	-0.603711	-0.00206401	
907	1614.17	143.808	-1557.32	-0.895495	0.0410064	-0.00212807	
908	1602.01	125.391	-1788.77	-0.899866	0.685558	-0.00218374	
909	1584.85	106.899	-2012.09	-0.901573	1.32818	-0.00225296	
910	1561.47	87.9949	-2227.6	-0.899639	1.96557	-0.00231329	
911	1533.19	69.2301	-2433.17	-0.894867	2.59597	-0.00238579	
912	1498.9	50.2126	-2629.33	-0.886767	3.21615	-0.00244878	
913	1459.94	31.5365	-2813.89	-0.875725	3.82436	-0.00252286	
914	1415.25	12.7623	-2987.53	-0.861702	4.41751	-0.00258672	
915	1366.22	-5.48921	-3148.11	-0.844703	4.99385	-0.00266101	
916	1311.84	-23.6935	-3296.45	-0.825061	5.55054	-0.00272427	
917	1253.56	-41.2199	-3430.45	-0.802479	6.08587	-0.00279782	
918	1190.36	-58.5665	-3551.05	-0.777546	6.59724	-0.00285949	
919	1123.78	-75.1075	-3656.29	-0.749775	7.08304	-0.00293175	
920	1052.8	-91.3495	-3747.18	-0.71988	7.54094	-0.00299132	
921	979.021	-106.685	-3821.9	-0.687307	7.96949	-0.00306208	
922	901.417	-121.615	-3881.56	-0.652772	8.36664	-0.00311948	
923	821.646	-135.561	-3924.52	-0.615766	8.73111	-0.00318871	
924	738.673	-149.004	-3951.94	-0.576906	9.06118	-0.00324417	
925	654.198	-161.407	-3962.38	-0.535818	9.35575	-0.00331191	
926	567.181	-173.219	-3957.09	-0.492962	9.61347	-0.0033657	
927	479.347	-183.949	-3934.78	-0.448139	9.83343	-0.00343193	
928	389.661	-194.007	-3896.82	-0.401646	10.0147	-0.00348422	
929	299.851	-202.956	-3842.06	-0.353449	10.1564	-0.00354871	
930	208.896	-211.158	-3772.02	-0.303726	10.2582	-0.00359935	
931	118.515	-218.236	-3685.66	-0.252554	10.3195	-0.00366167	
932	27.7009	-224.502	-3584.64	-0.200069	10.3402	-0.00371016	
933	-61.8454	-229.637	-3468.02	-0.146374	10.3199	-0.00376962	
934	-151.118	-233.908	-3337.64	-0.0916637	10.2591	-0.00381511	
935	-238.438	-237.051	-3192.61	-0.0359623	10.1575	-0.00387086	
936	-324.793	-239.293	-3034.95	0.0203713	10.016	-0.00391228	
937	-408.531	-240.416	-2863.8	0.0774888	9.83478	-0.00396341	
938	-490.639	-240.618	-2681.36	0.134785	9.61482	-0.00399963	
939	-569.494	-239.718	-2486.81	0.192656	9.35673	-0.00404524	
940	-646.088	-237.897	-2282.5	0.250204	9.06178	-0.00407526	
941	-718.835	-234.996	-2067.63	0.308095	8.73089	-0.00411458	
942	-788.736	-231.195	-1844.66	0.365144	8.3656	-0.00413763	
943	-854.247	-226.339	-1612.87	0.422261	7.96715	-0.00417007	
944	-916.381	-220.621	-1374.77	0.478026	7.53728	-0.0041857	
945	-973.642	-213.882	-1129.7	0.533526	7.07754	-0.00421091	
946	-1027.06	-206.334	-880.211	0.587197	6.58987	-0.00421892	
947	-1075.18	-197.806	-625.705	0.640202	6.07608	-0.00423675	
948	-1119.06	-188.535	-368.743	0.690952	5.53829	-0.00423722	
949	-1157.31	-178.333	-108.782	0.740567	4.97852	-0.00424773	
950	-1190.98	-167.468	151.619	0.787561	4.39906	-0.00424087	
951	-1218.76	-155.731	412.977	0.832903	3.80211	-0.00424427	
952	-1241.72	-143.418	672.731	0.875314	3.19009	-0.00423046	
953	-1258.59	-130.308	931.417	0.915535	2.56533	-0.00422709	
954	-1270.49	-116.718	1186.45	0.952563	1.93039	-0.00420677	
955	-1276.19	-102.418	1438.45	0.98688	1.28768	-0.00419709	
956	-1276.85	-87.7413	1684.77	1.01778	0.639824	-0.00417079	
957	-1271.27	-72.4552	1926.17	1.0455	-0.010681	-0.00415534	
958	-1260.67	-56.9014	2159.94	1.06959	-0.661209	-0.00412365	
959	-1243.9	-40.8513	2387.02	1.09013	-1.30922	-0.00410299	
960	-1222.22	-24.6473	2604.62	1.10685	-1.95211	-0.00406652	
961	-1194.5	-8.06781	2813.89	1.11976	-2.58735	-0.00404125	
962	-1162.07	8.54752	3011.97	1.12867	-3.21243	-0.00400057	
963	-1123.85	25.4149	3200.24	1.13361	-3.82485	-0.0039712	
964	-1081.19	42.1971	3375.79	1.1344	-4.42223	-0.0039268	
965	-1033.06	59.1103	3540.22	1.13119	-5.00218	-0.00389375	
966	-980.851	75.8156	3690.6	1.1237	-5.56243	-0.00384599	
967	-923.573	92.5383	3828.73	1.11224	-6.10082	-0.00380957	
968	-862.644	108.93	3951.7	1.09645	-6.61519	-0.00375865	
969	-797.122	125.236	4061.49	1.07677	-7.10363	-0.00371907	
970	-728.444	141.089	4155.25	1.05278	-7.56411	-0.00366511	
971	-655.706	156.763	4235.1	1.025	-7.99505	-0.00362255	
972	-580.365	171.867	4298.3	0.993024	-8.39453	-0.00356566	
973	-501.544	186.71	4347.05	0.95735	-8.76135	-0.00352034	
974	-420.723	200.868	4378.78	0.91769	-9.09371	-0.00346072	
975	-337.037	214.69	4395.77	0.874412	-9.39079	-0.00341298	
976	-251.995	227.72	4395.59	0.827458	-9.65093	-0.00335104	
977	-164.729	240.342	4380.6	0.776957	-9.87369	-0.0033014	
978	-76.7811	252.073	4348.53	0.723176	-10.0576	-0.00323774	
979	12.7324	263.325	4301.84	0.665933	-10.2026	-0.0031869	
980	102.231	273.595	4238.39	0.60587	-10.3074	-0.00312236	
981	192.624	283.314	4160.73	0.542473	-10.3723	-0.00307116	
982	282.296	291.972	4066.86	0.476763	-10.3964	-0.00300672	
983	372.185	300.007	3959.46	0.407917	-10.3801	-0.00295606	
984	460.646	306.912	3836.59	0.337291	-10.3228	-0.00289275	
985	548.646	313.127	3701.13	0.263819	-10.2254	-0.00284353	
986	634.524	318.156	3551.16	0.189111	-10.0876	-0.0027823	
987	719.272	322.433	3389.73	0.111953	-9.91044	-0.00273532	
988	801.224	325.483	3214.98	0.0341075	-9.69406	-0.00267703	
989	881.398	327.732	3030.11	-0.0456922	-9.43972	-0.00263296	
990	958.134	328.728	2833.29	-0.125628	-9.14798	-0.00257826	
991	1032.47	328.889	2627.89	-0.206935	-8.82032	-0.00253763	
992	1102.78	327.788	2412.07	-0.287821	-8.45768	-0.00248699	
993	1170.11	325.838	2189.38	-0.36943	-8.06174	-0.00245024	
994	1232.86	322.632	1957.97	-0.450045	-7.63379	-0.00240393	
995	1292.12	318.581	1721.49	-0.530703	-7.17571	-0.00237139	
996	1346.32	313.295	1478.14	-0.60977	-6.68914	-0.00232959	
997	1396.57	307.188	1231.62	-0.688192	-6.17611	-0.00230155	
998	1441.34	299.882	980.192	-0.764399	-5.63856	-0.00226435	
999	1481.79	291.794	727.563	-0.839294	-5.07866	-0.00224106	
1000	1516.41	282.555	472.04	-0.911318	-4.49861	-0.00220855	
1001	1546.43	272.585	217.323	-0.981403	-3.9007	-0.00219025	
1002	1570.35	261.525	-38.2313	-1.04794	-3.28733	-0.00216258	
1003	1589.45	249.794	-290.971	-1.11197	-2.6609	-0.00214952	
1004	1602.29	237.047	-542.497	-1.17178	-2.02394	-0.00212696	
1005	1610.18	223.689	-789.222	-1.22856	-1.37894	-0.00211942	
1006	1611.73	209.408	-1032.73	-1.28048	-0.72851	-0.00210236	
1007	1608.3	194.575	-1269.5	-1.32891	-0.0752245	-0.00210065	
1008	1598.54	178.925	-1501.14	-1.3719	0.578331	-0.00208962	
1009	1583.86	162.783	-1724.19	-1.41099	1.22947	-0.00209414	
1010	1562.94	145.949	-1940.31	-1.44418	1.87573	-0.00208973	
1011	1537.26	128.679	-2146.1	-1.4731	2.51431	-0.00210091	
1012	1505.53	110.86	-2343.3	-1.4958	3.14293	-0.00210369	
1013	1469.28	92.6651	-2528.59	-1.51391	3.75872	-0.00212202	
1014	1427.24	74.0741	-2703.8	-1.52562	4.35964	-0.00213239	
1015	1381.01	55.1771	-2865.68	-1.53249	4.94276	-0.00215828	
1016	1329.35	36.0455	-3016.19	-1.53295	5.50634	-0.00217645	
1017	1273.9	16.6918	-3152.15	-1.52835	6.04745	-0.00221016	
1018	1213.44	-2.73283	-3275.64	-1.51749	6.56464	-0.00223602	
1019	1149.67	-22.2763	-3383.6	-1.50145	7.05506	-0.00227752	
1020	1081.36	-41.7301	-3478.18	-1.47941	7.51758	-0.00231065	
1021	1010.27	-61.1786	-3556.49	-1.45217	7.94948	-0.00235955	
1022	935.202	-80.3834	-3620.76	-1.41927	8.34994	-0.00239921	
1023	857.92	-99.4397	-3668.25	-1.38125	8.71646	-0.00245473	
1024	777.254	-118.107	-3701.26	-1.33799	9.04849	-0.00249996	
1025	694.987	-136.468	-3717.26	-1.28981	9.34383	-0.00256098	
1026	609.978	-154.303	-3718.55	-1.23682	9.60221	-0.00261066	
1027	524.01	-171.67	-3702.87	-1.17924	9.82176	-0.00267585	
1028	435.975	-188.383	-3672.51	-1.1173	10.0024	-0.00272881	
1029	347.646	-204.466	-3625.45	-1.05119	10.1428	-0.00279678	
1030	257.951	-219.776	-3564	-0.981195	10.2431	-0.00285192	
1031	168.652	-234.307	-3486.36	-0.907543	10.3023	-0.00292139	
1032	78.6967	-247.953	-3394.85	-0.830499	10.3207	-0.00297775	
1033	-10.1595	-260.689	-3287.91	-0.750369	10.2978	-0.00304776	
1034	-98.9587	-272.439	-3167.87	-0.667377	10.2343	-0.00310458	
1035	-185.949	-283.166	-3033.36	-0.58191	10.13	-0.00317449	
1036	-272.181	-292.818	-2886.76	-0.494155	9.98561	-0.00323126	
1037	-355.9	-301.357	-2726.86	-0.404557	9.80172	-0.00330081	
1038	-438.186	-308.744	-2556.09	-0.313298	9.57906	-0.00335722	
1039	-517.276	-314.949	-2373.37	-0.22084	9.31864	-0.00342635	
1040	-594.291	-319.943	-2181.19	-0.127395	9.02139	-0.00348224	
1041	-667.469	-323.699	-1978.58	-0.0334039	8.68871	-0.00355101	
1042	-737.977	-326.204	-1768.09	0.0608641	8.32169	-0.00360624	
1043	-804.064	-327.433	-1548.84	0.155012	7.9221	-0.00367457	
1044	-866.939	-327.388	-1323.44	0.248705	7.49122	-0.00372893	
1045	-924.885	-326.042	-1091.05	0.341597	7.03108	-0.00379648	
1046	-979.142	-323.42	-854.356	0.433301	6.54317	-0.00384951	
1047	-1028.04	-319.488	-612.557	0.523506	6.02973	-0.0039156	
1048	-1072.85	-314.296	-368.376	0.611802	5.49248	-0.00396656	
1049	-1111.96	-307.804	-121.044	0.697899	4.93376	-0.00403014	
1050	-1146.64	-300.09	126.695	0.78139	4.35559	-0.00407802	
1051	-1175.38	-291.108	375.586	0.861993	3.7603	-0.0041378	
1052	-1199.44	-280.962	622.892	0.939329	3.15021	-0.00418136	
1053	-1217.39	-269.604	869.336	1.01313	2.52763	-0.00423598	
1054	-1230.5	-257.164	1112.22	1.08304	1.89514	-0.00427392	
1055	-1237.41	-243.597	1352.24	1.14883	1.25497	-0.00432211	
1056	-1239.4	-229.049	1586.77	1.21017	0.609941	-0.00435324	
1057	-1235.17	-213.487	1816.49	1.2669	-0.0377982	-0.004394	
1058	-1226.03	-197.065	2038.87	1.31865	-0.685265	-0.0044174	
1059	-1210.74	-179.768	2254.58	1.36545	-1.33038	-0.0044501	
1060	-1190.63	-161.749	2461.22	1.40681	-1.9701	-0.00446518	
1061	-1164.5	-143.017	2659.44	1.44299	-2.60238	-0.00448957	
1062	-1133.74	-123.714	2847.01	1.47334	-3.22425	-0.00449615	
1063	-1097.15	-103.875	3024.55	1.49845	-3.83364	-0.00451228	
1064	-1056.2	-83.6244	3190.01	1.51742	-4.42776	-0.00451047	
1065	-1009.7	-63.0222	3344.03	1.5312	-5.00453	-0.00451862	
1066	-959.2	-42.1743	3484.76	1.53864	-5.56141	-0.00450874	
1067	-903.509	-21.1607	3612.81	1.54107	-6.09633	-0.00450925	
1068	-844.231	-0.0674331	3726.55	1.53705	-6.60707	-0.00449168	
1069	-780.203	21.0109	3826.62	1.52832	-7.09155	-0.00448486	
1070	-713.078	42.0033	3911.6	1.51313	-7.54795	-0.00445996	
1071	-641.716	62.8124	3982.13	1.4936	-7.97425	-0.00444602	
1072	-567.805	83.3708	4037.02	1.46775	-8.369	-0.00441406	
1073	-490.232	103.594	4076.95	1.43796	-8.7303	-0.00439317	
1074	-410.712	123.404	4100.92	1.40212	-9.0571	-0.00435433	
1075	-328.16	142.747	4109.67	1.36278	-9.34769	-0.00432663	
1076	-244.303	161.514	4102.37	1.31779	-9.60135	-0.0042811	
1077	-158.08	179.705	4079.85	1.26976	-9.81662	-0.00424681	
1078	-71.2271	197.162	4041.43	1.21658	-9.99315	-0.0041949	
1079	17.2988	213.955	3988.05	1.16082	-10.1298	-0.0041544	
1080	105.76	229.863	3919.15	1.10053	-10.2264	-0.00409659	
1081	195.19	245.036	3835.78	1.03812	-10.2823	-0.00405051	
1082	283.851	259.188	3737.48	0.971853	-10.2976	-0.00398756	
1083	372.777	272.548	3625.47	0.903941	-10.2719	-0.00393675	
1084	460.232	284.77	3499.33	0.832887	-10.2058	-0.00386969	
1085	547.259	296.157	3360.45	0.760678	-10.099	-0.00381528	
1086	632.127	306.311	3208.43	0.686029	-9.95252	-0.00374535	
1087	715.894	315.594	3044.86	0.61075	-9.7665	-0.00368862	
1088	796.839	323.575	2869.33	0.533691	-9.54205	-0.00361718	
1089	876.041	330.658	2683.63	0.456567	-9.27977	-0.00355951	
1090	951.791	336.395	2487.33	0.37826	-8.98099	-0.00348795	
1091	1025.2	341.216	2282.39	0.300491	-8.64668	-0.00343072	
1092	1094.56	344.668	2068.38	0.222072	-8.27834	-0.00336033	
1093	1161.03	347.195	1847.39	0.144814	-7.87732	-0.00330484	
1094	1222.93	348.35	1619.01	0.0673858	-7.4453	-0.00323674	
1095	1281.43	348.581	1385.42	-0.00825361	-6.98392	-0.00318417	
1096	1334.89	347.451	1146.24	-0.0836207	-6.49507	-0.00311935	
1097	1384.52	345.413	903.695	-0.156597	-5.98064	-0.00307069	
1098	1428.71	342.037	657.467	-0.228868	-5.44268	-0.00300999	
1099	1468.71	337.781	409.777	-0.298199	-4.88331	-0.00296611	
1100	1502.93	332.222	160.365	-0.366384	-4.30473	-0.0029103	
1101	1532.68	325.828	-88.5804	-0.431158	-3.70923	-0.00287194	
1102	1556.4	318.176	-337.254	-0.49433	-3.09915	-0.00282177	
1103	1575.45	309.749	-583.53	-0.553703	-2.47688	-0.0027896	
1104	1588.31	300.122	-827.554	-0.611013	-1.84488	-0.00274581	
1105	1596.37	289.796	-1067.26	-0.664224	-1.20561	-0.00272045	
1106	1598.16	278.343	-1302.79	-0.714924	-0.561633	-0.00268378	
1107	1595.12	266.28	-1532.14	-0.761295	0.0846009	-0.00266581	
1108	1585.81	253.18	-1755.46	-0.804749	0.730467	-0.0026369	
1109	1571.71	239.577	-1970.79	-0.843702	1.37354	-0.00262684	
1110	1551.44	225.039	-2178.37	-0.879394	2.01118	-0.00260623	
1111	1526.52	210.12	-2376.25	-0.910456	2.64102	-0.00260448	
1112	1495.6	194.384	-2564.8	-0.937995	3.26045	-0.00259249	
1113	1460.24	178.403	-2742.06	-0.960802	3.86722	-0.00259929	
1114	1419.15	161.734	-2908.55	-0.979921	4.45876	-0.00259596	
1115	1373.89	144.973	-3062.33	-0.994226	5.03298	-0.00261135	
1116	1323.26	127.656	-3204.1	-1.00477	5.58739	-0.00261649	
1117	1268.82	110.413	-3331.89	-1.01045	6.12008	-0.00264025	
1118	1209.41	92.7513	-3446.63	-1.01238	6.6287	-0.00265342	
1119	1146.64	75.3369	-3546.32	-1.00942	7.11154	-0.00268511	
1120	1079.37	57.639	-3632.11	-1.0028	7.56641	-0.00270571	
1121	1009.23	40.3657	-3702.02	-0.991311	7.99182	-0.00274474	
1122	935.135	22.9403	-3757.4	-0.976297	8.38579	-0.00277207	
1123	858.717	6.11254	-3796.28	-0.956499	8.74704	-0.00281773	
1124	778.941	-10.7419	-3820.26	-0.933348	9.07389	-0.00285109	
1125	697.436	-26.8361	-3827.36	-0.905551	9.36523	-0.00290266	
1126	613.208	-42.8399	-3819.41	-0.874601	9.61972	-0.00294139	
1127	527.889	-57.9355	-3794.46	-0.839202	9.83645	-0.00299823	
1128	440.513	-72.8337	-3754.56	-0.800864	10.0145	-0.00304179	
1129	352.718	-86.6932	-3697.82	-0.758327	10.153	-0.00310339	
1130	263.556	-100.258	-3626.47	-0.713077	10.2516	-0.00315138	
1131	174.67	-112.672	-3538.68	-0.66392	10.3096	-0.00321735	
1132	85.118	-124.704	-3436.87	-0.612289	10.327	-0.00326951	
1133	-3.45041	-135.485	-3319.29	-0.557077	10.3034	-0.00333956	
1134	-91.984	-145.808	-3188.53	-0.499656	10.2392	-0.00339573	
1135	-178.826	-154.792	-3042.9	-0.439004	10.1343	-0.00346964	
1136	-264.942	-163.247	-2885.17	-0.376447	9.98936	-0.00352966	
1137	-348.674	-170.284	-2713.7	-0.311032	9.80467	-0.00360714	
1138	-431.012	-176.726	-2531.41	-0.244074	9.58131	-0.00367075	
1139	-510.302	-181.677	-2336.74	-0.174657	9.31977	-0.00375134	
1140	-587.562	-185.973	-2132.72	-0.104135	9.02146	-0.00381803	
1141	-661.156	-188.708	-1917.86	-0.0315868	8.68725	-0.003901	
1142	-732.127	-190.739	-1695.29	0.0415431	8.31875	-0.00396989	
1143	-798.871	-191.145	-1463.57	0.116222	7.91722	-0.00405416	
1144	-862.452	-190.811	-1225.93	0.190874	7.48444	-0.00412392	
1145	-921.312	-188.798	-980.966	0.266539	7.022	-0.00420805	
1146	-976.528	-186.028	-731.974	0.341504	6.53185	-0.00427692	
1147	-1026.6	-181.541	-477.579	0.416875	6.01587	-0.00435915	
1148	-1072.62	-176.306	-221.127	0.490837	5.47613	-0.00442507	
1149	-1113.15	-169.339	38.7307	0.564527	4.91477	-0.00450345	
1150	-1149.28	-161.66	298.631	0.636104	4.33398	-0.00456426	
1151	-1179.65	-152.264	559.894	0.706665	3.73606	-0.00463686	
1152	-1205.36	-142.223	819.169	0.774456	3.12333	-0.00469057	
1153	-1225.1	-130.511	1077.75	0.840438	2.49821	-0.00475564	
1154	-1240.01	-118.251	1332.32	0.903075	1.86314	-0.00480069	
1155	-1248.81	-104.402	1584.15	0.963094	1.22059	-0.00485689	
1156	-1252.68	-90.1208	1829.99	1.0193	0.573094	-0.0048923	
1157	-1250.38	-74.3662	2071.09	1.07209	-0.0768545	-0.00493883	
1158	-1243.14	-58.3133	2304.28	1.1207	-0.726646	-0.00496425	
1159	-1229.73	-40.9301	2530.82	1.16517	-1.3738	-0.00500081	
1160	-1211.46	-23.3899	2747.6	1.20521	-2.01569	-0.00501641	
1161	-1187.1	-4.6833	2955.94	1.24045	-2.64985	-0.00504316	
1162	-1158.05	14.0359	3152.8	1.27109	-3.2737	-0.00504944	
1163	-1123.09	33.7463	3339.57	1.2964	-3.88482	-0.00506678	
1164	-1083.67	53.325	3513.3	1.31699	-4.48074	-0.00506426	
1165	-1038.6	73.7169	3675.44	1.33184	-5.05908	-0.00507259	
1166	-989.417	93.8334	3823.16	1.34191	-5.61756	-0.0050616	
1167	-934.924	114.588	3958.02	1.34594	-6.15388	-0.00506111	
1168	-876.721	134.924	4077.28	1.34516	-6.66599	-0.00504161	
1169	-813.653	155.729	4182.63	1.33816	-7.15169	-0.00503217	
1170	-747.352	175.969	4271.42	1.32634	-7.60922	-0.00500371	
1171	-676.709	196.514	4345.51	1.30821	-8.03654	-0.00498487	
1172	-603.372	216.345	4402.34	1.28529	-8.43217	-0.00494673	
1173	-526.284	236.321	4443.91	1.25607	-8.79431	-0.00491781	
1174	-447.096	255.429	4467.81	1.22211	-9.12175	-0.0048692	
1175	-364.799	274.518	4476.16	1.18194	-9.41297	-0.00482957	
1176	-281.038	292.586	4466.69	1.13716	-9.66705	-0.00476992	
1177	-194.848	310.465	4441.63	1.08631	-9.88279	-0.00471924	
1178	-107.86	327.17	4398.89	1.03107	-10.0595	-0.00464844	
1179	-19.1414	343.511	4340.8	0.969999	-10.1965	-0.00458693	
1180	69.686	358.533	4265.43	0.904832	-10.2931	-0.00450552	
1181	159.542	373.009	4175.2	0.834147	-10.3491	-0.00443406	
1182	248.807	386.034	4068.36	0.759771	-10.3643	-0.00434333	
1183	338.407	398.331	3947.4	0.68029	-10.3386	-0.00426352	
1184	426.714	409.063	3810.76	0.597624	-10.272	-0.00416538	
1185	514.678	418.896	3660.96	0.510357	-10.165	-0.00407941	
1186	600.657	427.07	3496.65	0.420516	-10.0178	-0.00397629	
1187	685.636	434.192	3320.38	0.326662	-9.83119	-0.0038867	
1188	767.957	439.587	3130.96	0.230946	-9.60571	-0.00378125	
1189	848.649	443.806	2930.99	0.131875	-9.34243	-0.00369069	
1190	926.037	446.255	2719.44	0.0317392	-9.04219	-0.00358556	
1191	1001.2	447.438	2498.92	-0.0710378	-8.70636	-0.0034965	
1192	1072.45	446.837	2268.54	-0.174015	-8.33605	-0.00339406	
1193	1140.91	444.92	2030.96	-0.278884	-7.93292	-0.00330861	
1194	1204.91	441.229	1785.39	-0.383043	-7.49835	-0.00321079	
1195	1265.6	436.213	1534.49	-0.488329	-7.03424	-0.00313059	
1196	1321.33	429.46	1277.58	-0.591971	-6.54223	-0.00303882	
1197	1373.28	421.408	1017.34	-0.695975	-6.02444	-0.00296504	
1198	1419.85	411.683	753.145	-0.797406	-5.48273	-0.00288024	
1199	1462.24	400.718	487.67	-0.898445	-4.91941	-0.00281363	
