0	0	8.08665e-10	0	-3.1997e-13	0	8.47067e-27	
1	0	3.90436e-08	0	-1.54487e-11	0	3.27608e-13	
2	3.57268e-33	9.07042e-08	-5.6109e-27	-3.62025e-11	6.35502e-30	6.53924e-13	
3	1.38176e-19	7.70555e-07	3.35785e-25	-3.19998e-10	2.70043e-22	6.80675e-12	
4	2.75806e-19	1.56146e-06	5.29467e-19	-6.5323e-10	5.39024e-22	1.29327e-11	
5	1.33796e-17	7.62723e-06	2.55635e-17	-3.33052e-09	1.51012e-20	7.10599e-11	
6	2.64306e-17	1.43065e-05	1.0691e-16	-6.29877e-09	2.96039e-20	1.28907e-10	
7	4.56175e-16	5.07192e-05	2.79895e-15	-2.33182e-08	3.63365e-19	4.99039e-10	
8	8.8412e-16	8.96903e-05	7.35092e-15	-4.16332e-08	6.95692e-19	8.67201e-10	
9	8.83938e-15	0.000255989	9.84733e-14	-1.24013e-07	5.32667e-18	2.66229e-09	
10	1.67598e-14	0.000430909	2.22213e-13	-2.11064e-07	9.93663e-18	4.44687e-09	
11	1.16646e-13	0.00104997	1.87276e-12	-5.36144e-07	5.51765e-17	1.15465e-08	
12	2.16072e-13	0.00169355	3.89785e-12	-8.7546e-07	1.00199e-16	1.86006e-08	
13	1.15178e-12	0.00365724	2.35857e-11	-1.96816e-06	4.38696e-16	4.2527e-08	
14	2.08294e-12	0.00568152	4.64193e-11	-3.09863e-06	7.75462e-16	6.62855e-08	
15	9.01881e-12	0.011156	2.18986e-10	-6.32423e-06	2.82237e-15	1.37123e-07	
16	1.59191e-11	0.0167632	4.12235e-10	-9.63884e-06	4.85814e-15	2.07419e-07	
17	5.82777e-11	0.0304834	1.60117e-09	-1.81898e-05	1.52403e-14	3.95827e-07	
18	1.00406e-10	0.0444646	2.90149e-09	-2.69298e-05	2.55623e-14	5.82673e-07	
19	3.19968e-10	0.0759101	9.63869e-09	-4.76342e-05	7.09493e-14	1.04055e-06	
20	5.38267e-10	0.107819	1.68835e-08	-6.87036e-05	1.16056e-13	1.49432e-06	
21	1.52648e-09	0.174603	4.93179e-08	-0.000115097	2.90641e-13	2.52449e-06	
22	2.50868e-09	0.24213	8.3757e-08	-0.000162134	4.64078e-13	3.54471e-06	
23	6.44111e-09	0.374945	2.19668e-07	-0.000259345	1.06462e-12	5.71304e-06	
24	1.03481e-08	0.508818	3.62567e-07	-0.00035759	1.66097e-12	7.85883e-06	
25	2.43864e-08	0.758217	8.6763e-07	-0.000549666	3.53247e-12	1.21644e-05	
26	3.83284e-08	1.00891	1.3945e-06	-0.000743239	5.39003e-12	1.6422e-05	
27	8.38278e-08	1.45412	3.08378e-06	-0.00110357	1.07299e-11	2.45429e-05	
28	1.28996e-07	1.90052	4.83467e-06	-0.00146578	1.60275e-11	3.2567e-05	
29	2.64223e-07	2.66027	9.98109e-06	-0.00211119	3.01002e-11	4.71987e-05	
30	3.98407e-07	3.42028	1.52864e-05	-0.00275847	4.4054e-11	6.16443e-05	
31	7.70041e-07	4.66538	2.97077e-05	-0.00386741	7.85607e-11	8.69464e-05	
32	1.13864e-06	5.90821	4.45055e-05	-0.00497718	1.12757e-10	0.000111905	
33	2.08978e-06	7.87534	8.19794e-05	-0.00681216	1.91971e-10	0.000154065	
34	3.03267e-06	9.83483	0.000120277	-0.0086448	2.70428e-10	0.000195618	
35	5.31347e-06	12.8406	0.000211192	-0.0115787	4.41574e-10	0.000263537	
36	7.57329e-06	15.8287	0.000303774	-0.0145032	6.10977e-10	0.000330416	
37	1.27244e-05	20.2827	0.000510901	-0.0190487	9.60569e-10	0.000436505	
38	1.78253e-05	24.7019	0.000721151	-0.0235711	1.30637e-09	0.000540871	
39	2.8832e-05	31.1173	0.00116647	-0.0304115	1.98415e-09	0.000701938	
40	3.97249e-05	37.4702	0.0016172	-0.0372048	2.6541e-09	0.000860234	
41	6.20638e-05	46.4696	0.00252459	-0.0472244	3.90557e-09	0.00109842	
42	8.41577e-05	55.3643	0.00344052	-0.057157	5.14163e-09	0.00133227	
43	0.00012737	67.6796	0.00519922	-0.0714673	7.34886e-09	0.00167599	
44	0.00017008	79.828	0.00697001	-0.0856282	9.52707e-09	0.0020131	
45	0.000249994	96.292	0.0102227	-0.105588	1.32552e-08	0.00249791	
46	0.000328921	112.501	0.0134901	-0.125304	1.6931e-08	0.00297285	
47	0.000470586	134.028	0.0192469	-0.152527	2.29751e-08	0.00364213	
48	0.000610394	155.178	0.0250164	-0.179369	2.89285e-08	0.00429704	
49	0.000851702	182.735	0.0347898	-0.215717	3.83525e-08	0.00520248	
50	0.00108965	209.753	0.0445633	-0.25149	4.7625e-08	0.0060874	
51	0.00148545	244.317	0.0605141	-0.299047	6.17809e-08	0.00728909	
52	0.00187538	278.129	0.0764305	-0.345763	7.56923e-08	0.00846203	
53	0.00250171	320.634	0.101504	-0.406784	9.62067e-08	0.0100281	
54	0.00311817	362.116	0.126469	-0.466607	1.16339e-07	0.0115547	
55	0.00407605	413.386	0.164492	-0.543445	1.45052e-07	0.0135605	
56	0.00501784	463.297	0.202271	-0.61862	1.73188e-07	0.0155129	
57	0.00643584	523.975	0.257982	-0.713623	2.1203e-07	0.0180396	
58	0.00782845	582.886	0.313214	-0.806367	2.50025e-07	0.0204952	
59	0.00986325	653.356	0.392179	-0.921748	3.00816e-07	0.0236277	
60	0.0118591	721.571	0.470292	-1.03413	3.50398e-07	0.026667	
61	0.0146933	801.875	0.578691	-1.17182	4.14552e-07	0.030491	
62	0.0174694	879.356	0.68567	-1.30559	4.77021e-07	0.0341949	
63	0.0213056	969.121	0.829922	-1.46706	5.55116e-07	0.0387942	
64	0.0250577	1055.41	0.971937	-1.62352	6.30921e-07	0.0432409	
65	0.0301092	1153.78	1.15817	-1.8096	7.22094e-07	0.0486934	
66	0.035042	1247.94	1.34104	-1.98938	8.10223e-07	0.0539546	
67	0.0415202	1353.51	1.57444	-2.20009	9.11298e-07	0.0603286	
68	0.0478348	1454.09	1.80299	-2.40299	1.00841e-06	0.0664658	
69	0.055933	1564.9	2.08706	-2.63732	1.11262e-06	0.0738156	
70	0.0638108	1669.86	2.36435	-2.86216	1.21177e-06	0.080876	
71	0.0736871	1783.37	2.70015	-3.11796	1.3069e-06	0.0892378	
72	0.0832731	1890.14	3.02681	-3.36237	1.39569e-06	0.0972504	
73	0.0950322	2003.24	3.41226	-3.63619	1.46136e-06	0.106638	
74	0.106417	2108.7	3.78577	-3.89658	1.51923e-06	0.11561	
75	0.120093	2217.8	4.21511	-4.18362	1.52308e-06	0.126013	
76	0.133297	2318.37	4.62928	-4.45501	1.51758e-06	0.135924	
77	0.148841	2419.45	5.09271	-4.74908	1.41009e-06	0.1473	
78	0.163799	2511.14	5.53736	-5.0252	1.29169e-06	0.158103	
79	0.181064	2599.9	6.02096	-5.31874	9.99453e-07	0.17038	
80	0.197617	2678.49	6.48189	-5.59201	6.94997e-07	0.181994	
81	0.216353	2750.46	6.96773	-5.87627	1.12478e-07	0.195061	
82	0.234239	2811.59	7.42686	-6.13795	-4.82906e-07	0.207373	
83	0.254086	2862.33	7.89347	-6.40315	-1.50272e-06	0.221084	
84	0.272937	2901.72	8.32936	-6.64354	-2.5347e-06	0.23394	
85	0.293427	2927	8.75238	-6.87913	-4.19003e-06	0.248105	
86	0.312768	2940.61	9.14087	-7.08788	-5.85441e-06	0.261315	
87	0.333324	2936.61	9.49391	-7.28291	-8.40347e-06	0.275704	
88	0.352575	2920.83	9.80904	-7.44934	-1.09545e-05	0.289033	
89	0.372515	2884.34	10.0648	-7.59286	-1.47214e-05	0.303369	
90	0.390999	2836.21	10.2798	-7.70638	-1.84769e-05	0.316542	
91	0.409547	2764.8	10.4112	-7.78787	-2.38525e-05	0.330502	
92	0.426495	2682.17	10.5	-7.83842	-2.91943e-05	0.343198	
93	0.442787	2574.37	10.4814	-7.8483	-3.66294e-05	0.356415	
94	0.457352	2456.06	10.4196	-7.82683	-4.39954e-05	0.36827	
95	0.47046	2311.49	10.2286	-7.75692	-5.39834e-05	0.380334	
96	0.481733	2157.42	9.99491	-7.65587	-6.38502e-05	0.390947	
97	0.490686	1976.88	9.61353	-7.49986	-7.68983e-05	0.401412	
98	0.497726	1788.14	9.19149	-7.31357	-8.97509e-05	0.410347	
99	0.501545	1573.65	8.60759	-7.06743	-0.000106337	0.418745	
100	0.503408	1352.54	7.98671	-6.79261	-0.000122627	0.425547	
101	0.50115	1107.33	7.19539	-6.45492	-0.000143145	0.431399	
102	0.496939	857.355	6.37249	-6.09089	-0.000163234	0.435608	
103	0.487754	585.801	5.37717	-5.66313	-0.000187927	0.438451	
104	0.476668	311.569	4.35739	-5.21212	-0.000212022	0.439624	
105	0.459864	19.0807	3.17052	-4.69877	-0.00024091	0.439036	
106	0.441268	-273.812	1.96798	-4.16597	-0.000268991	0.436775	
107	0.41638	-580.967	0.611409	-3.57455	-0.000301795	0.432406	
108	0.389871	-886.114	-0.750518	-2.96813	-0.000333544	0.426388	
109	0.356738	-1201.03	-2.24572	-2.30903	-0.000369617	0.417991	
110	0.322219	-1511.43	-3.73464	-1.64	-0.000404351	0.408	
111	0.281055	-1826.8	-5.32875	-0.926282	-0.000442627	0.395466	
112	0.238802	-2135.13	-6.90394	-0.208175	-0.000479246	0.381423	
113	0.190252	-2443.5	-8.54967	0.544867	-0.000518205	0.364804	
114	0.140972	-2742.36	-10.1632	1.29638	-0.00055517	0.346792	
115	0.0861567	-3036.44	-11.8071	2.07168	-0.000592837	0.326318	
116	0.031024	-3318.63	-13.4052	2.8393	-0.000628168	0.304599	
117	-0.028452	-3591.56	-14.9895	3.61865	-0.000662155	0.280686	
118	-0.0877901	-3850.35	-16.5146	4.38406	-0.000693476	0.255704	
119	-0.149861	-4095.89	-17.979	5.14871	-0.000721056	0.228942	
120	-0.211311	-4325.28	-19.3717	5.89326	-0.000745674	0.201312	
121	-0.273517	-4538.08	-20.6559	6.62465	-0.000763907	0.172442	
122	-0.334612	-4732.97	-21.857	7.32998	-0.000778943	0.142923	
123	-0.394216	-4908.71	-22.9031	8.01039	-0.000784838	0.112795	
124	-0.452231	-5065.07	-23.8565	8.65915	-0.000787389	0.0822508	
125	-0.506376	-5200.58	-24.6119	9.27236	-0.000778103	0.0517743	
126	-0.558488	-5315.56	-25.2672	9.84885	-0.000765441	0.02112	
127	-0.604392	-5408.86	-25.6874	10.3807	-0.000738504	-0.00879507	
128	-0.647879	-5480.82	-26.0027	10.8713	-0.000708301	-0.0386515	
129	-0.683054	-5531.1	-26.0546	11.3101	-0.000661853	-0.0671547	
130	-0.715509	-5559.58	-25.9998	11.704	-0.000612408	-0.0953716	
131	-0.737986	-5567.16	-25.6643	12.0409	-0.00054543	-0.121727	
132	-0.757539	-5552.84	-25.2235	12.3301	-0.000475902	-0.147583	
133	-0.766069	-5519.05	-24.4984	12.5594	-0.000388424	-0.171211	
134	-0.771583	-5463.58	-23.6727	12.7389	-0.000299027	-0.194149	
135	-0.765798	-5390.6	-22.5738	12.8578	-0.000192298	-0.214657	
136	-0.757021	-5296.48	-21.3824	12.9259	-8.44601e-05	-0.234307	
137	-0.737523	-5187.19	-19.9444	12.9348	3.89472e-05	-0.251498	
138	-0.715171	-5057.58	-18.4248	12.8926	0.000162489	-0.26769	
139	-0.683533	-4915.33	-16.6997	12.7947	0.000298654	-0.281551	
140	-0.649283	-4753.86	-14.9066	12.6462	0.000433841	-0.294301	
141	-0.607964	-4582.33	-12.9613	12.4467	0.000577569	-0.304985	
142	-0.564357	-4392.93	-10.9637	12.1983	0.00071911	-0.31447	
143	-0.516511	-4195.95	-8.87524	11.905	0.000864114	-0.322253	
144	-0.466763	-3982.64	-6.7518	11.5648	0.00100568	-0.328774	
145	-0.415979	-3764.06	-4.60248	11.1867	0.00114488	-0.334015	
146	-0.363708	-3530.86	-2.43604	10.7646	0.0012794	-0.337953	
147	-0.313692	-3294.43	-0.306953	10.3118	0.00140535	-0.341047	
148	-0.2626	-3045.22	1.82147	9.81862	0.00152546	-0.342817	
149	-0.216823	-2794.51	3.85631	9.30188	0.00163082	-0.344159	
150	-0.170351	-2532.98	5.87344	8.7488	0.00172936	-0.34417	
151	-0.131715	-2271.37	7.75225	8.17909	0.00180752	-0.344117	
152	-0.0927087	-2000.98	9.59765	7.5775	0.00187807	-0.342739	
153	-0.0632525	-1731.63	11.2746	6.96556	0.00192369	-0.341592	
154	-0.0336748	-1455.61	12.9042	6.32656	0.00196119	-0.339133	
155	-0.0143587	-1181.49	14.3514	5.68272	0.00197074	-0.337116	
156	0.00491752	-902.841	15.7394	5.01687	0.00197199	-0.333809	
157	0.0143268	-626.801	16.9465	4.3508	0.00194415	-0.331068	
158	0.0236222	-348.384	18.0848	3.66794	0.00190816	-0.327063	
159	0.024543	-73.1775	19.0576	2.98859	0.00184406	-0.323662	
160	0.0253542	202.253	19.954	2.29776	0.00177229	-0.319029	
161	0.0202546	473.883	20.7108	1.61333	0.00167549	-0.314959	
162	0.0151091	743.608	21.3854	0.922779	0.0015718	-0.30969	
163	0.00724984	1008.88	21.9527	0.240792	0.001448	-0.304873	
164	-0.000558319	1270.15	22.4336	-0.441966	0.00131836	-0.298894	
165	-0.00748065	1526.18	22.8417	-1.11451	0.00117495	-0.293193	
166	-0.0142528	1776.2	23.1607	-1.78256	0.00102694	-0.286373	
167	-0.0165266	2019.98	23.4393	-2.43904	0.000872292	-0.279607	
168	-0.0185815	2255.81	23.6271	-3.08589	0.000714377	-0.271771	
169	-0.0129168	2484.21	23.802	-3.7199	0.000557088	-0.263735	
170	-0.00702522	2702.84	23.8851	-4.33929	0.000397892	-0.254685	
171	0.00904798	2912.61	23.9753	-4.94445	0.000245985	-0.24517	
172	0.0252711	3110.92	23.9734	-5.5302	9.34844e-05	-0.234709	
173	0.0530959	3298.75	23.99	-6.09999	-4.62544e-05	-0.223533	
174	0.0808933	3473.58	23.9144	-6.64586	-0.000185391	-0.211492	
175	0.120512	3636.17	23.8599	-7.17357	-0.000307932	-0.198531	
176	0.159821	3784.42	23.7135	-7.67316	-0.00042884	-0.1848	
177	0.209957	3918.58	23.5822	-8.15187	-0.000531199	-0.170023	
178	0.259402	4037.28	23.3598	-8.59859	-0.000631087	-0.154586	
179	0.317594	4140.08	23.1391	-9.02117	-0.000712391	-0.13808	
180	0.374634	4226.52	22.8287	-9.40834	-0.000790586	-0.12104	
181	0.437502	4295.4	22.5005	-9.76763	-0.000851925	-0.103033	
182	0.498702	4347.29	22.0845	-10.0885	-0.000909709	-0.0846329	
183	0.562291	4380.19	21.6273	-10.3775	-0.000953821	-0.0654976	
184	0.623674	4395.75	21.0851	-10.6257	-0.000994095	-0.0461236	
185	0.683835	4391.28	20.4757	-10.8378	-0.00102493	-0.0263725	
186	0.741268	4369.41	19.7851	-11.0072	-0.00105178	-0.00654353	
187	0.794018	4326.92	19.0012	-11.1365	-0.00107401	0.0132007	
188	0.843569	4267.27	18.1412	-11.2218	-0.00109218	0.0328593	
189	0.885402	4186.95	17.1634	-11.2635	-0.00111067	0.0519036	
190	0.923647	4090.02	16.1162	-11.2607	-0.00112506	0.0707024	
191	0.951771	3972.95	14.9309	-11.2113	-0.00114434	0.0883348	
192	0.976029	3840.11	13.6846	-11.1175	-0.00115947	0.105572	
193	0.988535	3688.24	12.2862	-10.9752	-0.00118327	0.121116	
194	0.997027	3521.74	10.837	-10.7894	-0.0012028	0.13613	
195	0.992994	3337.89	9.23066	-10.5543	-0.00123362	0.148996	
196	0.984938	3140.82	7.58536	-10.2774	-0.00125998	0.16122	
197	0.964481	2928.58	5.78876	-9.95163	-0.00129875	0.170948	
198	0.940138	2704.75	3.96682	-9.58643	-0.00133279	0.179945	
199	0.904413	2468.38	2.01135	-9.17439	-0.00137871	0.186231	
200	0.865073	2222.26	0.0457604	-8.72597	-0.00141952	0.191726	
201	0.816218	1966.54	-2.02333	-8.23411	-0.00147	0.19443	
202	0.764135	1703.07	-4.08608	-7.70958	-0.00151492	0.196312	
203	0.705137	1433.16	-6.21112	-7.14637	-0.00156575	0.195458	
204	0.643391	1157.63	-8.31259	-6.55481	-0.00161053	0.19378	
205	0.577869	878.907	-10.4265	-5.93054	-0.00165625	0.189532	
206	0.510141	596.769	-12.4995	-5.28276	-0.00169542	0.184487	
207	0.442045	314.67	-14.5303	-4.60924	-0.00172983	0.177129	
208	0.372309	31.3969	-16.5032	-3.91748	-0.00175726	0.169026	
209	0.305545	-248.741	-18.3798	-3.20768	-0.00177406	0.158927	
210	0.237696	-527.816	-20.1824	-2.48523	-0.0017836	0.14816	
211	0.175727	-800.875	-21.84	-1.75292	-0.00177714	0.135752	
212	0.113189	-1070.68	-23.4094	-1.01374	-0.00176332	0.122772	
213	0.0586716	-1331.88	-24.7954	-0.273037	-0.00172922	0.108521	
214	0.00403577	-1587.73	-26.0813	0.468646	-0.00168789	0.0938114	
215	-0.0414504	-1832.72	-27.1595	1.20367	-0.0016236	0.0781992	
216	-0.086682	-2070.39	-28.1282	1.93381	-0.00155248	0.0622555	
217	-0.122757	-2295.3	-28.8805	2.64952	-0.00145759	0.0457638	
218	-0.158285	-2511.07	-29.5169	3.3546	-0.00135654	0.0290752	
219	-0.185717	-2712.58	-29.9438	4.03815	-0.00123287	0.012168	
220	-0.212385	-2903.31	-30.2511	4.70557	-0.001104	-0.00479703	
221	-0.232875	-3078.65	-30.3689	5.34521	-0.000955446	-0.0216887	
222	-0.252445	-3241.76	-30.3659	5.96355	-0.000802876	-0.0384991	
223	-0.268293	-3388.69	-30.2021	6.54884	-0.000635033	-0.054995	
224	-0.283107	-3522.18	-29.9189	7.1081	-0.000464538	-0.0712738	
225	-0.296819	-3639.01	-29.5076	7.63013	-0.00028415	-0.0870616	
226	-0.309407	-3741.42	-28.9803	8.12188	-0.000102598	-0.102503	
227	-0.323323	-3826.93	-28.3566	8.57332	8.30389e-05	-0.117354	
228	-0.336028	-3897.3	-27.6218	8.99078	0.000268294	-0.131739	
229	-0.352025	-3950.74	-26.8174	9.36593	0.000451923	-0.145517	
230	-0.366715	-3988.56	-25.9083	9.704	0.000633635	-0.15872	
231	-0.386023	-4009.56	-24.9489	9.99873	0.00080855	-0.171383	
232	-0.403907	-4014.73	-23.8923	10.2539	0.000980082	-0.183372	
233	-0.427046	-4003.3	-22.7964	10.4656	0.0011405	-0.194962	
234	-0.448617	-3976.05	-21.6116	10.6359	0.0012962	-0.205787	
235	-0.47543	-3932.5	-20.3915	10.7632	0.00143751	-0.216404	
236	-0.500497	-3873.42	-19.0918	10.8481	0.0015729	-0.226174	
237	-0.530231	-3798.35	-17.7552	10.8909	0.00169173	-0.235947	
238	-0.558011	-3708.27	-16.3491	10.8909	0.00180364	-0.244798	
239	-0.589426	-3602.57	-14.9021	10.8502	0.00189787	-0.253845	
240	-0.61865	-3482.62	-13.3965	10.7667	0.00198439	-0.2619	
241	-0.650109	-3347.48	-11.8458	10.6443	0.00205305	-0.270294	
242	-0.679123	-3199.07	-10.2483	10.4799	0.00211343	-0.277628	
243	-0.70868	-3035.96	-8.6036	10.2783	0.00215663	-0.285367	
244	-0.735531	-2860.81	-6.92455	10.0361	0.00219117	-0.291981	
245	-0.761008	-2671.57	-5.19956	9.75847	0.00220992	-0.29897	
246	-0.78353	-2471.71	-3.45345	9.44235	0.00221985	-0.304774	
247	-0.802626	-2258.54	-1.66654	9.09248	0.00221596	-0.310826	
248	-0.818552	-2036.38	0.127649	8.70677	0.00220329	-0.315639	
249	-0.828987	-1801.91	1.9535	8.28917	0.00217924	-0.32049	
250	-0.836099	-1560.22	3.77237	7.83886	0.00214661	-0.324055	
251	-0.835816	-1307.48	5.61013	7.35864	0.00210537	-0.327387	
252	-0.832141	-1049.47	7.42643	6.84936	0.00205589	-0.3294	
253	-0.819532	-781.924	9.2458	6.31237	0.00200074	-0.330878	
254	-0.803563	-511.173	11.0293	5.75042	0.00193781	-0.331018	
255	-0.777687	-232.691	12.7977	5.16331	0.00187209	-0.330326	
256	-0.748598	46.8317	14.5161	4.55574	0.00179916	-0.328293	
257	-0.709344	332.024	16.2002	3.92599	0.0017261	-0.325164	
258	-0.667147	616.028	17.8206	3.28062	0.00164644	-0.320712	
259	-0.61531	903.412	19.3873	2.61658	0.00156887	-0.314951	
260	-0.560915	1187.35	20.8777	1.94206	0.00148532	-0.307907	
261	-0.49815	1472.19	22.2965	1.25294	0.00140547	-0.299406	
262	-0.433315	1751.34	23.6274	0.558712	0.00132029	-0.289685	
263	-0.361987	2028.82	24.8718	-0.14548	0.00123963	-0.27843	
264	-0.289159	2298.4	26.0181	-0.849264	0.00115427	-0.266039	
265	-0.212108	2563.69	27.067	-1.55781	0.00107343	-0.252107	
266	-0.134187	2818.96	28.0093	-2.26037	0.000988496	-0.237147	
267	-0.0544709	3067.36	28.848	-2.962	0.000907208	-0.220701	
268	0.0254563	3303.73	29.5731	-3.65209	0.000822431	-0.203356	
269	0.104818	3530.79	30.1924	-4.3352	0.000739643	-0.184643	
270	0.183727	3743.98	30.693	-5.00133	0.000653955	-0.165178	
271	0.259954	3945.59	31.0883	-5.65417	0.000567953	-0.144519	
272	0.335084	4131.68	31.3614	-6.28482	0.000479647	-0.123273	
273	0.405774	4304.2	31.5303	-6.89584	0.0003883	-0.101063	
274	0.474769	4459.79	31.5752	-7.47973	0.000295275	-0.0784429	
275	0.537985	4600.14	31.5148	-8.03782	0.000196337	-0.0551361	
276	0.598973	4722.38	31.3303	-8.56423	9.64038e-05	-0.0316101	
277	0.653289	4828.1	31.0359	-9.05902	-1.21095e-05	-0.00771693	
278	0.704924	4914.81	30.6192	-9.51808	-0.000120857	0.0161999	
279	0.749453	4984.14	30.0837	-9.94026	-0.000240275	0.0401339	
280	0.790936	5033.84	29.4293	-10.3232	-0.000359064	0.0638949	
281	0.825342	5065.72	28.6447	-10.6648	-0.000489661	0.0873114	
282	0.856433	5077.66	27.7463	-10.9643	-0.000618652	0.110362	
283	0.880939	5071.79	26.7066	-11.2188	-0.000759318	0.132719	
284	0.901951	5045.96	25.5605	-11.4291	-0.000897287	0.154526	
285	0.917315	5002.73	24.2661	-11.592	-0.00104532	0.175327	
286	0.929088	4939.82	22.8748	-11.709	-0.00118946	0.195409	
287	0.936538	4860.32	21.337	-11.7774	-0.00134053	0.214235	
288	0.940368	4761.7	19.7138	-11.7992	-0.00148646	0.232191	
289	0.941482	4647.6	17.9575	-11.7721	-0.00163481	0.248724	
290	0.938995	4515.25	16.1295	-11.6985	-0.00177675	0.264255	
291	0.935522	4368.8	14.1943	-11.5768	-0.00191564	0.27829	
292	0.928497	4205.21	12.2026	-11.4095	-0.00204689	0.291213	
293	0.92214	4029.12	10.1405	-11.1962	-0.00216919	0.302658	
294	0.912297	3837.22	8.03852	-10.9387	-0.00228274	0.312904	
295	0.904483	3634.57	5.90925	-10.638	-0.00238169	0.321772	
296	0.893251	3417.66	3.75733	-10.2955	-0.00247097	0.329374	
297	0.884925	3191.82	1.62193	-9.91353	-0.00254094	0.335762	
298	0.873244	2953.48	-0.518746	-9.49252	-0.00260057	0.340835	
299	0.864726	2708.06	-2.60473	-9.03648	-0.00263768	0.344891	
300	0.852908	2452.05	-4.67906	-8.54486	-0.00266405	0.347603	
301	0.843834	2190.83	-6.67099	-8.02307	-0.00266655	0.349505	
302	0.831514	1921.04	-8.63525	-7.4697	-0.00265824	0.350049	
303	0.820887	1647.9	-10.5023	-6.89132	-0.00262666	0.349976	
304	0.807074	1368.33	-12.3269	-6.28584	-0.00258449	0.348546	
305	0.793421	1087.22	-14.0518	-5.66069	-0.0025214	0.346662	
306	0.776657	801.891	-15.7206	-5.01331	-0.0024482	0.343433	
307	0.758259	516.812	-17.2966	-4.35165	-0.00235776	0.339876	
308	0.736859	229.755	-18.8041	-3.67292	-0.00225795	0.334998	
309	0.712043	-55.2952	-20.2297	-2.98523	-0.00214529	0.329878	
310	0.684377	-340.076	-21.5757	-2.28587	-0.00202419	0.323473	
311	0.651793	-621.121	-22.8496	-1.58271	-0.00189483	0.316876	
312	0.616571	-899.675	-24.0339	-0.873397	-0.00175809	0.309042	
313	0.575429	-1172.79	-25.1508	-0.165246	-0.00161736	0.301039	
314	0.53193	-1441.25	-26.1691	0.543481	-0.0014704	0.291856	
315	0.482144	-1702.6	-27.118	1.24635	-0.00132308	0.282506	
316	0.430353	-1957.21	-27.9606	1.94424	-0.00117073	0.272045	
317	0.372565	-2203.07	-28.7256	2.63185	-0.00102087	0.261406	
318	0.313197	-2440.22	-29.3778	3.30903	-0.000867184	0.249734	
319	0.248697	-2667.03	-29.9411	3.97175	-0.00071805	0.237863	
320	0.183107	-2883.3	-30.3865	4.6188	-0.000566276	0.225049	
321	0.113665	-3087.69	-30.7321	5.24743	-0.000420384	0.21201	
322	0.0436733	-3279.88	-30.9566	5.85538	-0.00027301	0.198127	
323	-0.0286695	-3458.73	-31.0742	6.44119	-0.000132192	0.183993	
324	-0.100984	-3623.92	-31.0694	7.00161	9.00079e-06	0.169123	
325	-0.174111	-3774.41	-30.9561	7.53632	0.000143569	0.153982	
326	-0.246613	-3909.99	-30.721	8.04134	0.000277465	0.138222	
327	-0.318484	-4029.65	-30.3813	8.51724	0.000405262	0.122187	
328	-0.389131	-4133.39	-29.9221	8.95958	0.000531408	0.105656	
329	-0.457865	-4220.16	-29.3654	9.36956	0.000652557	0.0888738	
330	-0.524798	-4290.25	-28.6932	9.74262	0.000771144	0.0717274	
331	-0.588706	-4342.54	-27.9303	10.0803	0.000886344	0.0543903	
332	-0.650273	-4377.66	-27.0576	10.3782	0.00099813	0.0368267	
333	-0.707858	-4394.4	-26.0979	10.6379	0.00110849	0.0191825	
334	-0.762616	-4393.78	-25.0355	10.8557	0.00121462	0.00145359	
335	-0.812576	-4374.49	-23.8849	11.0328	0.00132135	-0.0161908	
336	-0.859288	-4337.9	-22.6399	11.1664	0.00142307	-0.0337765	
337	-0.900541	-4282.71	-21.301	11.2574	0.00152711	-0.0510576	
338	-0.938202	-4210.58	-19.8777	11.3039	0.00162536	-0.0681378	
339	-0.969939	-4120.25	-18.3528	11.3064	0.00172699	-0.0846459	
340	-0.997821	-4013.63	-16.7546	11.2642	0.00182203	-0.100816	
341	-1.01957	-3889.59	-15.0493	11.1772	0.00192049	-0.116114	
342	-1.03729	-3750.16	-13.2835	11.046	0.00201159	-0.130945	
343	-1.04898	-3594.46	-11.4112	10.87	0.00210496	-0.144591	
344	-1.05654	-3424.54	-9.49261	10.651	0.00219019	-0.157656	
345	-1.05849	-3239.84	-7.47756	10.3879	0.00227541	-0.169233	
346	-1.05629	-3042.33	-5.43186	10.0838	0.00235174	-0.18013	
347	-1.0492	-2831.85	-3.31023	9.73723	0.00242487	-0.189272	
348	-1.03801	-2610.18	-1.17466	9.35217	0.00248843	-0.197655	
349	-1.02284	-2377.62	1.0072	8.92718	0.00254504	-0.204071	
350	-1.00366	-2135.68	3.18556	8.4669	0.00259155	-0.209669	
351	-0.98149	-1885.16	5.37497	7.97008	0.00262733	-0.21316	
352	-0.955479	-1627.2	7.54323	7.44175	0.00265261	-0.215799	
353	-0.927401	-1363.14	9.68633	6.88107	0.00266379	-0.216269	
354	-0.89569	-1093.72	11.7909	6.29318	0.00266428	-0.215877	
355	-0.862682	-820.764	13.8378	5.6779	0.00264811	-0.213339	
356	-0.826286	-544.597	15.8296	5.04018	0.00262129	-0.209951	
357	-0.789133	-267.508	17.738	4.38064	0.00257626	-0.204518	
358	-0.748874	10.6026	19.5759	3.7038	0.00252087	-0.198272	
359	-0.708143	287.052	21.3131	3.01127	0.00244684	-0.19015	
360	-0.664618	562.329	22.9657	2.30685	0.00236297	-0.181275	
361	-0.620666	833.447	24.5076	1.59322	0.00226107	-0.170752	
362	-0.574262	1101.23	25.9525	0.873318	0.00215011	-0.159552	
363	-0.527277	1362.5	27.2819	0.150891	0.00202264	-0.146977	
364	-0.478206	1618.35	28.5034	-0.572093	0.00188709	-0.133819	
365	-0.428263	1865.5	29.6067	-1.29091	0.00173727	-0.119581	
366	-0.37662	2105.25	30.5931	-2.00457	0.00158053	-0.10487	
367	-0.323737	2334.34	31.458	-2.70754	0.00141234	-0.0893824	
368	-0.269561	2554.18	32.1989	-3.39975	0.00123856	-0.0735407	
369	-0.213763	2761.67	32.8138	-4.07507	0.00105656	-0.0572164	
370	-0.1571	2958.21	33.2992	-4.73424	0.000870403	-0.0406651	
371	-0.0984722	3140.94	33.6528	-5.37084	0.000679581	-0.0238957	
372	-0.0394266	3311.23	33.8736	-5.98616	0.000486118	-0.00703136	
373	0.0218298	3466.51	33.9575	-6.57386	0.000291716	0.00983054	
374	0.0830398	3608.08	33.9073	-7.13553	9.62351e-05	0.0266541	
375	0.146567	3733.7	33.7182	-7.66522	-9.64432e-05	0.0433102	
376	0.209568	3844.56	33.396	-8.1646	-0.000288639	0.0597964	
377	0.274813	3938.76	32.9379	-8.6284	-0.000474494	0.0760119	
378	0.339035	4017.39	32.3498	-9.05809	-0.000658353	0.0919297	
379	0.405218	4078.89	31.635	-9.44938	-0.000832806	0.107535	
380	0.46987	4124.26	30.7956	-9.80334	-0.00100384	0.122721	
381	0.535961	4152.23	29.8444	-10.1168	-0.00116316	0.137606	
382	0.600009	4163.78	28.7758	-10.3903	-0.00131776	0.151957	
383	0.66472	4157.82	27.6139	-10.622	-0.00145935	0.166057	
384	0.726881	4135.43	26.3437	-10.8117	-0.00159507	0.179515	
385	0.788684	4095.61	24.9996	-10.9587	-0.00171759	0.192791	
386	0.847441	4039.59	23.5575	-11.0626	-0.00183326	0.205324	
387	0.904614	3966.38	22.0589	-11.1235	-0.00193665	0.21774	
388	0.95827	3877.48	20.474	-11.1406	-0.00203237	0.22932	
389	1.00899	3771.79	18.8456	-11.1151	-0.00211762	0.240821	
390	1.05577	3651.18	17.1434	-11.0458	-0.00219453	0.251401	
391	1.09825	3514.35	15.4057	-10.9346	-0.00226334	0.261896	
392	1.13641	3363.6	13.6076	-10.7803	-0.00232327	0.271392	
393	1.16907	3197.41	11.7775	-10.5853	-0.00237756	0.280745	
394	1.19711	3018.54	9.90099	-10.3486	-0.00242257	0.289027	
395	1.21875	2825.18	7.99337	-10.0726	-0.00246409	0.297053	
396	1.23555	2620.61	6.05407	-9.75697	-0.002496	0.303947	
397	1.24549	2402.74	4.08462	-9.40403	-0.00252592	0.310422	
398	1.25047	2175.32	2.09866	-9.01399	-0.00254599	0.315714	
399	1.24862	1935.99	0.0860268	-8.58895	-0.00256468	0.320396	
400	1.2418	1688.95	-1.9275	-8.13	-0.00257338	0.323854	
401	1.22868	1431.65	-3.96	-7.63876	-0.00258036	0.326497	
402	1.21068	1168.62	-5.9775	-7.11735	-0.00257728	0.327891	
403	1.18733	897.185	-8.0014	-6.56677	-0.00257133	0.328276	
404	1.15925	622.127	-9.99433	-5.99023	-0.00255533	0.327401	
405	1.12702	340.732	-11.9768	-5.38811	-0.00253467	0.325353	
406	1.09031	57.9087	-13.9124	-4.76467	-0.00250407	0.322055	
407	1.05071	-229.014	-15.8177	-4.11971	-0.00246661	0.317466	
408	1.00695	-515.114	-17.6609	-3.45842	-0.00241946	0.311654	
409	0.961474	-802.945	-19.4526	-2.78015	-0.00236317	0.304491	
410	0.9122	-1087.68	-21.1678	-2.09082	-0.00229755	0.296151	
411	0.862161	-1371.71	-22.8108	-1.38948	-0.00222066	0.28646	
412	0.808733	-1650.39	-24.3639	-0.682575	-0.00213497	0.27566	
413	0.755214	-1925.89	-25.8258	0.0309587	-0.0020363	0.263562	
414	0.698738	-2193.85	-27.1857	0.744451	-0.00192951	0.250443	
415	0.642548	-2456.21	-28.4377	1.45887	-0.00180865	0.23613	
416	0.583853	-2708.93	-29.5774	2.16761	-0.00168054	0.2209	
417	0.525547	-2953.74	-30.5948	2.87135	-0.00153806	0.204617	
418	0.4652	-3186.95	-31.4913	3.56382	-0.00138937	0.187539	
419	0.405117	-3410.1	-32.2535	4.24528	-0.00122694	0.169574	
420	0.343465	-3619.85	-32.8881	4.91003	-0.00105949	0.150951	
421	0.281783	-3817.62	-33.3785	5.55781	-0.000879867	0.131622	
422	0.219008	-4000.38	-33.7369	6.18369	-0.000696605	0.111783	
423	0.155815	-4169.54	-33.9436	6.78684	-0.00050363	0.0914289	
424	0.0920078	-4322.28	-34.0158	7.36322	-0.000308522	0.0707218	
425	0.0273835	-4460.08	-33.9316	7.91147	-0.000106949	0.049691	
426	-0.0373675	-4580.33	-33.7129	8.42849	9.5159e-05	0.0284705	
427	-0.103245	-4684.62	-33.3363	8.91249	0.000299915	0.00711788	
428	-0.168754	-4770.48	-32.8277	9.3613	0.000503553	-0.0142583	
429	-0.235503	-4839.72	-32.164	9.77282	0.000705723	-0.0355765	
430	-0.301374	-4889.9	-31.3729	10.1458	0.000905118	-0.0567522	
431	-0.368315	-4923.13	-30.4346	10.4779	0.00109893	-0.0776821	
432	-0.433859	-4936.99	-29.3757	10.7686	0.00128836	-0.0983059	
433	-0.499961	-4933.88	-28.1823	11.0158	0.00146841	-0.118499	
434	-0.564143	-4911.36	-26.8774	11.2196	0.00164256	-0.138229	
435	-0.628034	-4872.17	-25.4555	11.3779	0.00180412	-0.157349	
436	-0.689488	-4813.81	-23.933	11.4914	0.00195841	-0.175855	
437	-0.749532	-4739.36	-22.3145	11.5585	0.00209773	-0.193583	
438	-0.806644	-4646.27	-20.6082	11.58	0.00222859	-0.210557	
439	-0.861075	-4537.92	-18.8293	11.5552	0.00234309	-0.226603	
440	-0.912115	-4411.74	-16.9764	11.4848	0.00244816	-0.241766	
441	-0.959205	-4271.35	-15.0749	11.3688	0.00253652	-0.255874	
442	-1.0025	-4114.19	-13.1145	11.208	0.00261471	-0.268985	
443	-1.04072	-3944.08	-11.1279	11.0032	0.00267688	-0.280949	
444	-1.07481	-3758.48	-9.09815	10.7551	0.00272836	-0.291819	
445	-1.10296	-3561.39	-7.06212	10.4654	0.00276539	-0.30149	
446	-1.12674	-3350.3	-4.99886	10.1344	0.00279143	-0.309986	
447	-1.14407	-3129.3	-2.94535	9.76496	0.00280524	-0.317277	
448	-1.15685	-2896.02	-0.880743	9.35699	0.00280796	-0.323332	
449	-1.16307	-2654.52	1.16234	8.91413	0.002801	-0.328225	
450	-1.16466	-2402.6	3.20049	8.43613	0.00278303	-0.331838	
451	-1.15992	-2144.26	5.20924	7.9273	0.0027579	-0.334376	
452	-1.15058	-1877.52	7.19732	7.38725	0.002722	-0.335611	
453	-1.13546	-1606.22	9.1511	6.82083	0.00268113	-0.335894	
454	-1.11585	-1328.63	11.0689	6.22755	0.00262983	-0.334867	
455	-1.09128	-1048.41	12.949	5.61263	0.00257516	-0.333035	
456	-1.06241	-764.097	14.7784	4.97562	0.0025105	-0.329904	
457	-1.02956	-479.093	16.5669	4.32191	0.00244333	-0.326122	
458	-0.992677	-192.242	18.2905	3.65119	0.00236668	-0.32107	
459	-0.952847	93.3387	19.9684	2.96879	0.00228761	-0.315509	
460	-0.909303	378.513	21.5682	2.27473	0.00219966	-0.308721	
461	-0.863803	660.456	23.1153	1.57407	0.00210868	-0.301545	
462	-0.814954	939.761	24.5719	0.867236	0.00200949	-0.293196	
463	-0.764981	1213.89	25.9658	0.158858	0.00190616	-0.284547	
464	-0.712056	1483.21	27.258	-0.550123	0.00179538	-0.274791	
465	-0.658603	1745.44	28.4752	-1.25565	0.0016791	-0.264783	
466	-0.602616	2000.76	29.5805	-1.95621	0.00155622	-0.253747	
467	-0.54642	2247.14	30.5969	-2.64843	0.00142649	-0.242472	
468	-0.488122	2484.64	31.493	-3.33019	0.0012911	-0.230256	
469	-0.429669	2711.41	32.2855	-3.99883	0.00114779	-0.217789	
470	-0.369555	2927.46	32.951	-4.65171	0.00099988	-0.204479	
471	-0.30913	3131.11	33.4995	-5.28683	0.000843468	-0.190894	
472	-0.247496	3322.37	33.916	-5.90112	0.000683613	-0.176571	
473	-0.185277	3499.67	34.2044	-6.4932	0.000515319	-0.161955	
474	-0.122311	3663.14	34.3579	-7.05968	0.000344852	-0.146714	
475	-0.0584693	3811.24	34.3757	-7.59972	0.000166726	-0.131182	
476	0.00564439	3944.27	34.2577	-8.1098	-1.22092e-05	-0.115146	
477	0.07085	4060.74	34.0003	-8.58944	-0.000197312	-0.0988519	
478	0.135839	4161.16	33.6085	-9.0352	-0.000381786	-0.082183	
479	0.201997	4244.04	33.0776	-9.44683	-0.000570308	-0.0653286	
480	0.267437	4310.15	32.416	-9.82121	-0.000756714	-0.048233	
481	0.333949	4358.02	31.6193	-10.1581	-0.000944567	-0.0310668	
482	0.399235	4388.67	30.6977	-10.455	-0.0011288	-0.0137961	
483	0.465319	4400.7	29.6484	-10.7115	-0.00131159	0.00339222	
484	0.529662	4395.33	28.482	-10.9258	-0.00148928	0.0205472	
485	0.594366	4371.27	27.1978	-11.0974	-0.00166254	0.0374359	
486	0.656818	4329.94	25.8063	-11.2253	-0.00182928	0.054155	
487	0.719055	4270.18	24.3092	-11.3088	-0.00198871	0.0704032	
488	0.778539	4193.55	22.716	-11.3476	-0.00214028	0.0863498	
489	0.837122	4099.12	21.031	-11.3411	-0.00228192	0.10161	
490	0.892473	3988.48	19.263	-11.2898	-0.00241451	0.116445	
491	0.946157	3860.99	17.4181	-11.1929	-0.00253492	0.130377	
492	0.996161	3718.24	15.5044	-11.0518	-0.00264524	0.143769	
493	1.04369	3559.9	13.5299	-10.8657	-0.0027416	0.156052	
494	1.08713	3387.49	11.502	-10.6366	-0.00282701	0.167692	
495	1.12729	3201.03	9.43007	-10.3638	-0.00289718	0.178031	
496	1.16302	3001.94	7.32103	-10.0501	-0.00295576	0.18764	
497	1.1947	2790.59	5.18556	-9.69487	-0.00299835	0.19578	
498	1.22166	2568.23	3.02972	-9.30136	-0.00302894	0.203118	
499	1.24392	2335.62	0.865488	-8.86932	-0.00304331	0.208848	
500	1.26126	2093.8	-1.30204	-8.40225	-0.00304552	0.213724	
501	1.27338	1843.9	-3.45964	-7.90038	-0.00303182	0.216886	
502	1.28045	1586.74	-5.60345	-7.3673	-0.00300601	0.219165	
503	1.28199	1323.78	-7.71897	-6.80382	-0.00296512	0.219666	
504	1.27843	1055.62	-9.80386	-6.21347	-0.00291243	0.219274	
505	1.26925	784.038	-11.8423	-5.59769	-0.00284594	0.21709	
506	1.25501	509.378	-13.8338	-4.95981	-0.00276816	0.214025	
507	1.23528	233.677	-15.7612	-4.30194	-0.00267827	0.209208	
508	1.21063	-42.9222	-17.6262	-3.62711	-0.00257781	0.203542	
509	1.18085	-318.197	-19.4103	-2.93808	-0.00246723	0.19622	
510	1.14636	-592.189	-21.1175	-2.23748	-0.00234697	0.188102	
511	1.10732	-862.552	-22.7284	-1.52872	-0.00221878	0.178475	
512	1.06386	-1129.48	-24.2493	-0.813958	-0.00208193	0.168126	
513	1.01658	-1390.58	-25.6606	-0.0971652	-0.00193942	0.15646	
514	0.965253	-1646.16	-26.9703	0.619978	-0.0017894	0.14416	
515	0.910954	-1893.84	-28.1599	1.33306	-0.00163592	0.13077	
516	0.853046	-2134.01	-29.2381	2.04084	-0.00147616	0.11685	
517	0.793056	-2364.37	-30.1892	2.73863	-0.00131495	0.102083	
518	0.729944	-2585.37	-31.021	3.42558	-0.00114874	0.0868993	
519	0.665624	-2794.83	-31.7226	4.09689	-0.000982794	0.0711111	
520	0.598705	-2993.22	-32.2989	4.75199	-0.000813143	0.0550308	
521	0.531368	-3178.55	-32.746	5.38619	-0.000645067	0.0385712	
522	0.461978	-3351.3	-33.0639	5.99909	-0.000474586	0.0219487	
523	0.392835	-3509.66	-33.2567	6.58631	-0.000306499	0.00514238	
524	0.322196	-3654.14	-33.3186	7.14749	-0.000137298	-0.0116943	
525	0.252319	-3783.11	-33.2619	7.67871	2.91938e-05	-0.028558	
526	0.181504	-3897.13	-33.0745	8.1796	0.000195531	-0.0453187	
527	0.111823	-3994.74	-32.776	8.64684	0.000359305	-0.0619909	
528	0.0417511	-4076.56	-32.3486	9.07994	0.000521682	-0.0784277	
529	-0.0269324	-4141.3	-31.8169	9.47629	0.000681982	-0.0946989	
530	-0.0954732	-4189.66	-31.1602	9.83523	0.000839672	-0.110605	
531	-0.162458	-4220.46	-30.4042	10.1549	0.000995923	-0.126299	
532	-0.228784	-4234.59	-29.5286	10.4346	0.00114837	-0.141503	
533	-0.293437	-4230.9	-28.5563	10.6731	0.00129994	-0.15647	
534	-0.356937	-4210.49	-27.4715	10.8695	0.00144654	-0.170826	
535	-0.418673	-4172.24	-26.2906	11.0235	0.00159248	-0.184931	
536	-0.478782	-4117.49	-25.0059	11.134	0.00173231	-0.19831	
537	-0.537044	-4045.1	-23.6246	11.2014	0.00187117	-0.211424	
538	-0.59323	-3956.71	-22.1498	11.2246	0.00200282	-0.223705	
539	-0.647483	-3851.09	-20.5787	11.2046	0.00213253	-0.235698	
540	-0.699237	-3730.24	-18.926	11.1403	0.00225396	-0.246761	
541	-0.748959	-3592.83	-17.18	11.0332	0.00237181	-0.257499	
542	-0.795787	-3441.19	-15.3657	10.8825	0.0024804	-0.267219	
543	-0.840458	-3273.88	-13.4652	10.6899	0.00258321	-0.276562	
544	-0.881871	-3093.6	-11.5111	10.4551	0.00267587	-0.28481	
545	-0.920952	-2898.8	-9.48326	10.1798	0.00276022	-0.292613	
546	-0.956449	-2692.49	-7.41746	9.8644	0.00283367	-0.299255	
547	-0.989374	-2473.02	-5.2957	9.51044	0.00289623	-0.305368	
548	-1.01843	-2243.74	-3.15259	9.11895	0.00294729	-0.31027	
549	-1.04459	-2002.88	-0.975521	8.69143	0.00298512	-0.314548	
550	-1.06665	-1754.05	1.2057	8.22959	0.00301106	-0.317576	
551	-1.08541	-1495.44	3.39613	7.73474	0.00302194	-0.319877	
552	-1.09989	-1230.87	5.57328	7.20933	0.00302074	-0.320907	
553	-1.11062	-958.499	7.73411	6.65441	0.00300334	-0.321103	
554	-1.11695	-682.283	9.86437	6.0732	0.00297393	-0.32002	
555	-1.11908	-400.404	11.9538	5.46646	0.00292793	-0.318001	
556	-1.11676	-116.883	13.9959	4.8381	0.00287022	-0.314714	
557	-1.10982	170.046	15.9753	4.18867	0.0027963	-0.310396	
558	-1.09846	456.365	17.8913	3.52266	0.00271121	-0.304837	
559	-1.08218	743.755	19.7259	2.84044	0.00261097	-0.298173	
560	-1.06158	1028.27	21.4825	2.14696	0.0025003	-0.290313	
561	-1.03591	1311.48	23.1426	1.44252	0.00237609	-0.281298	
562	-1.0061	1589.58	24.7111	0.732326	0.00224242	-0.271151	
563	-0.971268	1864.02	26.1715	0.016708	0.00209721	-0.259834	
564	-0.932543	2131.15	27.5284	-0.699025	0.00194368	-0.247467	
565	-0.889027	2392.33	28.7684	-1.41443	0.00178089	-0.233958	
566	-0.84195	2644.13	29.8948	-2.12429	0.00161108	-0.219498	
567	-0.790488	2887.78	30.8978	-2.82794	0.00143445	-0.203968	
568	-0.735863	3120.09	31.7789	-3.52047	0.00125222	-0.187607	
569	-0.677406	3342.24	32.5322	-4.20089	0.00106572	-0.170295	
570	-0.616246	3551.25	33.1571	-4.86477	0.000875104	-0.152285	
571	-0.551919	3748.28	33.6516	-5.51076	0.000682785	-0.133488	
572	-0.485399	3930.57	34.0134	-6.13502	0.000487898	-0.11414	
573	-0.416454	4099.31	34.2441	-6.73586	0.000293815	-0.0942078	
574	-0.345866	4251.92	34.3398	-7.31012	9.8723e-05	-0.0738824	
575	-0.273641	4389.69	34.3054	-7.8558	-9.31952e-05	-0.0531997	
576	-0.200352	4510.18	34.1358	-8.37046	-0.000284585	-0.0322906	
577	-0.126236	4614.85	33.839	-8.85186	-0.00047067	-0.0112652	
578	-0.0516518	4701.34	33.4088	-9.29831	-0.000654743	0.00981591	
579	0.0229463	4771.32	32.8561	-9.70743	-0.00083172	0.0307731	
580	0.0974114	4822.52	32.174	-10.0782	-0.00100528	0.0516145	
581	0.171089	4856.85	31.3754	-10.4083	-0.00117039	0.0721058	
582	0.244041	4872.06	30.4532	-10.6973	-0.00133078	0.092313	
583	0.315433	4870.35	29.422	-10.9431	-0.00148185	0.111969	
584	0.385525	4849.47	28.2749	-11.1456	-0.00162702	0.131179	
585	0.453334	4811.93	27.0275	-11.3031	-0.00176254	0.149672	
586	0.519301	4755.46	25.6736	-11.416	-0.00189108	0.167565	
587	0.582335	4682.85	24.2291	-11.4831	-0.00201011	0.184613	
588	0.643025	4591.82	22.6892	-11.5048	-0.00212124	0.200921	
589	0.700238	4485.44	21.0697	-11.4806	-0.00222338	0.216295	
590	0.754652	4361.42	19.3672	-11.4111	-0.00231683	0.230803	
591	0.805179	4223.08	17.5975	-11.2966	-0.00240208	0.244326	
592	0.852509	4068.14	15.7585	-11.1374	-0.00247797	0.256872	
593	0.895701	3900.08	13.8661	-10.9348	-0.00254656	0.268416	
594	0.935356	3716.69	11.9191	-10.6891	-0.00260525	0.278888	
595	0.970802	3521.59	9.93371	-10.4022	-0.00265751	0.288368	
596	1.00243	3312.65	7.90927	-10.0743	-0.00269944	0.2967	
597	1.02996	3093.52	5.86225	-9.70808	-0.00273562	0.304071	
598	1.05346	2862.25	3.79227	-9.30362	-0.00276115	0.310234	
599	1.07314	2622.45	1.71586	-8.86436	-0.00278129	0.315481	
