0	0	8.08665e-10	0	-3.1997e-13	0	9.2048e-27	
1	0	3.90436e-08	0	-1.54487e-11	0	3.27608e-13	
2	3.88232e-33	9.07042e-08	-5.6109e-27	-3.62025e-11	6.35502e-30	6.53924e-13	
3	1.38176e-19	7.70555e-07	3.35785e-25	-3.19998e-10	2.70043e-22	6.80675e-12	
4	2.75807e-19	1.56146e-06	5.29467e-19	-6.5323e-10	5.39025e-22	1.29327e-11	
5	1.33796e-17	7.62723e-06	2.55635e-17	-3.33052e-09	1.51012e-20	7.10599e-11	
6	2.64306e-17	1.43065e-05	1.0691e-16	-6.29877e-09	2.96039e-20	1.28907e-10	
7	4.56175e-16	5.07192e-05	2.79895e-15	-2.33182e-08	3.63365e-19	4.99039e-10	
8	8.8412e-16	8.96903e-05	7.35092e-15	-4.16332e-08	6.95692e-19	8.67201e-10	
9	8.83938e-15	0.000255989	9.84733e-14	-1.24013e-07	5.32667e-18	2.66229e-09	
10	1.67598e-14	0.000430909	2.22213e-13	-2.11064e-07	9.93663e-18	4.44687e-09	
11	1.16646e-13	0.00104997	1.87276e-12	-5.36144e-07	5.51765e-17	1.15465e-08	
12	2.16072e-13	0.00169355	3.89785e-12	-8.7546e-07	1.00199e-16	1.86006e-08	
13	1.15178e-12	0.00365724	2.35857e-11	-1.96816e-06	4.38696e-16	4.2527e-08	
14	2.08294e-12	0.00568152	4.64193e-11	-3.09863e-06	7.75462e-16	6.62855e-08	
15	9.01881e-12	0.011156	2.18986e-10	-6.32423e-06	2.82237e-15	1.37123e-07	
16	1.59191e-11	0.0167632	4.12235e-10	-9.63884e-06	4.85814e-15	2.07419e-07	
17	5.82777e-11	0.0304834	1.60117e-09	-1.81898e-05	1.52403e-14	3.95827e-07	
18	1.00406e-10	0.0444646	2.90149e-09	-2.69298e-05	2.55623e-14	5.82673e-07	
19	3.19968e-10	0.0759101	9.63869e-09	-4.76342e-05	7.09493e-14	1.04055e-06	
20	5.38267e-10	0.107819	1.68835e-08	-6.87036e-05	1.16056e-13	1.49432e-06	
21	1.52648e-09	0.174603	4.93179e-08	-0.000115097	2.90641e-13	2.52449e-06	
22	2.50868e-09	0.24213	8.3757e-08	-0.000162134	4.64078e-13	3.54471e-06	
23	6.44111e-09	0.374945	2.19668e-07	-0.000259345	1.06462e-12	5.71304e-06	
24	1.03481e-08	0.508818	3.62567e-07	-0.00035759	1.66097e-12	7.85883e-06	
25	2.43864e-08	0.758217	8.6763e-07	-0.000549666	3.53247e-12	1.21644e-05	
26	3.83284e-08	1.00891	1.3945e-06	-0.000743239	5.39003e-12	1.6422e-05	
27	8.38278e-08	1.45412	3.08378e-06	-0.00110357	1.07299e-11	2.45429e-05	
28	1.28996e-07	1.90052	4.83467e-06	-0.00146578	1.60275e-11	3.2567e-05	
29	2.64223e-07	2.66027	9.98109e-06	-0.00211119	3.01002e-11	4.71988e-05	
30	3.98407e-07	3.42028	1.52864e-05	-0.00275847	4.40541e-11	6.16443e-05	
31	7.70041e-07	4.66538	2.97077e-05	-0.00386741	7.85608e-11	8.69464e-05	
32	1.13864e-06	5.90821	4.45055e-05	-0.00497718	1.12757e-10	0.000111905	
33	2.08978e-06	7.87534	8.19794e-05	-0.00681216	1.91972e-10	0.000154066	
34	3.03267e-06	9.83483	0.000120277	-0.0086448	2.70428e-10	0.000195618	
35	5.31347e-06	12.8406	0.000211192	-0.0115787	4.41575e-10	0.000263538	
36	7.57329e-06	15.8287	0.000303774	-0.0145032	6.10979e-10	0.000330417	
37	1.27244e-05	20.2827	0.000510901	-0.0190487	9.60575e-10	0.000436508	
38	1.78253e-05	24.7019	0.000721151	-0.0235711	1.30638e-09	0.000540876	
39	2.88321e-05	31.1173	0.00116647	-0.0304115	1.98418e-09	0.000701948	
40	3.9725e-05	37.4702	0.0016172	-0.0372048	2.65414e-09	0.000860249	
41	6.2064e-05	46.4696	0.00252459	-0.0472244	3.90567e-09	0.00109845	
42	8.4158e-05	55.3642	0.00344052	-0.057157	5.14179e-09	0.00133231	
43	0.000127371	67.6796	0.00519922	-0.0714673	7.34923e-09	0.00167607	
44	0.000170081	79.828	0.00697001	-0.0856282	9.52766e-09	0.00201321	
45	0.000249996	96.292	0.0102227	-0.105588	1.32565e-08	0.00249809	
46	0.000328924	112.5	0.0134901	-0.125304	1.69329e-08	0.00297312	
47	0.000470593	134.028	0.0192469	-0.152527	2.29792e-08	0.00364259	
48	0.000610406	155.178	0.0250164	-0.179369	2.89348e-08	0.00429769	
49	0.000851726	182.735	0.0347898	-0.215717	3.8365e-08	0.00520355	
50	0.00108968	209.753	0.0445633	-0.25149	4.76439e-08	0.0060889	
51	0.00148552	244.317	0.0605141	-0.299047	6.18171e-08	0.0072915	
52	0.00187549	278.129	0.0764305	-0.345762	7.57466e-08	0.00846536	
53	0.00250191	320.633	0.101504	-0.406784	9.63071e-08	0.0100334	
54	0.00311846	362.115	0.126469	-0.466607	1.16488e-07	0.0115618	
55	0.00407656	413.385	0.164492	-0.543445	1.45318e-07	0.0135715	
56	0.00501859	463.295	0.202271	-0.618619	1.73576e-07	0.0155278	
57	0.00643714	523.973	0.257982	-0.713621	2.12706e-07	0.0180619	
58	0.00783031	582.882	0.313214	-0.806364	2.50997e-07	0.0205251	
59	0.00986641	653.35	0.392179	-0.921744	3.02462e-07	0.0236716	
60	0.0118636	721.563	0.470291	-1.03412	3.52736e-07	0.0267252	
61	0.0147006	801.864	0.578691	-1.17181	4.18404e-07	0.0305749	
62	0.0174798	879.341	0.68567	-1.30558	4.82427e-07	0.0343048	
63	0.0213221	969.098	0.829922	-1.46704	5.63801e-07	0.0389499	
64	0.0250806	1055.38	0.971937	-1.6235	6.42959e-07	0.0434427	
65	0.030145	1153.74	1.15817	-1.80957	7.40973e-07	0.0489743	
66	0.035091	1247.89	1.34104	-1.98934	8.36079e-07	0.0543151	
67	0.0415949	1353.44	1.57444	-2.20003	9.50925e-07	0.0608221	
68	0.0479356	1453.99	1.80298	-2.40291	1.06205e-06	0.067093	
69	0.0560835	1564.76	2.08705	-2.63721	1.19304e-06	0.0746606	
70	0.0640116	1669.68	2.36435	-2.86202	1.31937e-06	0.0819395	
71	0.0739802	1783.13	2.70014	-3.11776	1.46489e-06	0.090649	
72	0.0836596	1889.83	3.0268	-3.36212	1.60468e-06	0.0990095	
73	0.0955849	2002.83	3.41224	-3.63586	1.7621e-06	0.108939	
74	0.107138	2108.18	3.78575	-3.89615	1.91266e-06	0.118451	
75	0.121104	2217.12	4.21508	-4.18304	2.07844e-06	0.129676	
76	0.134599	2317.51	4.62923	-4.4543	2.23616e-06	0.140407	
77	0.150632	2418.34	5.09264	-4.74812	2.40586e-06	0.153003	
78	0.166082	2509.77	5.53727	-5.02402	2.56624e-06	0.165019	
79	0.184148	2598.14	6.02083	-5.3172	2.73459e-06	0.179063	
80	0.201504	2676.33	6.48172	-5.5901	2.89237e-06	0.192433	
81	0.221511	2747.72	6.96749	-5.87382	3.05326e-06	0.208003	
82	0.24067	2808.27	7.42655	-6.13494	3.20239e-06	0.222796	
83	0.262478	2858.17	7.89305	-6.39932	3.34896e-06	0.239972	
84	0.283286	2896.72	8.32882	-6.6389	3.48263e-06	0.256257	
85	0.306713	2920.82	8.75165	-6.8733	3.60715e-06	0.275115	
86	0.328978	2933.24	9.13995	-7.08087	3.71779e-06	0.292958	
87	0.353807	2927.6	9.49269	-7.27421	3.81177e-06	0.313565	
88	0.377305	2910.19	9.80751	-7.43896	3.89107e-06	0.333019	
89	0.40329	2871.48	10.0628	-7.58011	3.9453e-06	0.355414	
90	0.427767	2821.15	10.2774	-7.69129	3.98428e-06	0.376507	
91	0.454628	2746.8	10.408	-7.76956	3.9891e-06	0.400689	
92	0.479797	2661.27	10.4961	-7.81692	3.97844e-06	0.423406	
93	0.507207	2549.66	10.4765	-7.82249	3.92422e-06	0.449308	
94	0.532738	2427.61	10.4136	-7.79677	3.85466e-06	0.47357	
95	0.560302	2278.22	10.2212	-7.72122	3.73256e-06	0.501037	
96	0.585796	2119.41	9.98608	-7.61461	3.59573e-06	0.526673	
97	0.61302	1932.89	9.60267	-7.45135	3.39874e-06	0.555436	
98	0.637981	1738.29	9.17863	-7.25796	3.18818e-06	0.582164	
99	0.664237	1516.55	8.59202	-7.0027	2.91243e-06	0.611818	
100	0.688039	1288.37	7.96847	-6.71897	2.62486e-06	0.63922	
101	0.71253	1034.56	7.17362	-6.37007	2.2711e-06	0.66921	
102	0.734377	776.232	6.34726	-5.99511	1.90794e-06	0.696722	
103	0.756107	494.721	5.34748	-5.55384	1.48304e-06	0.726336	
104	0.775016	210.844	4.32334	-5.08968	1.05182e-06	0.753243	
105	0.79278	-92.9037	3.13103	-4.5604	5.70135e-07	0.781626	
106	0.80756	-396.661	1.92317	-4.01214	8.58276e-08	0.807074	
107	0.819953	-716.237	0.560176	-3.40234	-4.29807e-07	0.833249	
108	0.829225	-1033.31	-0.808007	-2.77814	-9.43864e-07	0.856273	
109	0.83468	-1361.57	-2.31051	-2.09832	-1.46172e-06	0.879185	
110	0.836918	-1684.72	-3.80652	-1.40931	-1.97348e-06	0.898747	
111	0.833781	-2014	-5.40859	-0.672779	-2.45331e-06	0.917315	
112	0.827381	-2335.55	-6.99144	0.0672234	-2.92248e-06	0.932362	
113	0.814015	-2657.99	-8.64541	0.844744	-3.31684e-06	0.945543	
114	0.797409	-2970.09	-10.2668	1.61962	-3.69631e-06	0.955069	
115	0.772323	-3277.89	-11.9186	2.42047	-3.95302e-06	0.961924	
116	0.744105	-3572.84	-13.5243	3.21233	-4.19133e-06	0.965037	
117	0.706108	-3858.53	-15.1155	4.01751	-4.25702e-06	0.964795	
118	0.665184	-4129.04	-16.6471	4.80724	-4.30201e-06	0.960777	
119	0.61353	-4385.8	-18.1166	5.5971	-4.12675e-06	0.952885	
120	0.559262	-4625.25	-19.5138	6.36511	-3.93021e-06	0.941245	
121	0.493788	-4847.12	-20.8003	7.12003	-3.47299e-06	0.925404	
122	0.426128	-5049.83	-22.0031	7.84694	-2.99607e-06	0.905907	
123	0.347349	-5231.92	-23.0476	8.54808	-2.23079e-06	0.882088	
124	0.266929	-5393.32	-23.9988	9.21545	-1.44996e-06	0.854771	
125	0.176092	-5531.95	-24.7478	9.84544	-3.71298e-07	0.823205	
126	0.0842688	-5648.72	-25.396	10.4364	7.15936e-07	0.788365	
127	-0.0166616	-5741.53	-25.8041	10.98	2.08726e-06	0.749521	
128	-0.117823	-5811.64	-26.1066	11.48	3.45729e-06	0.707688	
129	-0.226234	-5857.56	-26.1399	11.9245	5.07073e-06	0.662228	
130	-0.334041	-5880.36	-26.0659	12.3216	6.67032e-06	0.614121	
131	-0.446804	-5879.6	-25.705	12.6574	8.44381e-06	0.562855	
132	-0.558068	-5855.65	-25.2385	12.9429	1.01886e-05	0.509332	
133	-0.671702	-5809.58	-24.4811	13.1636	1.20095e-05	0.453161	
134	-0.782914	-5740.63	-23.6231	13.3321	1.37855e-05	0.395166	
135	-0.89378	-5651.62	-22.4856	13.4348	1.55147e-05	0.335044	
136	-1.0013	-5540.4	-21.2558	13.4842	1.71822e-05	0.273566	
137	-1.10579	-5411.67	-19.7737	13.4691	1.86615e-05	0.210461	
138	-1.20604	-5261.71	-18.2107	13.4007	2.00632e-05	0.146494	
139	-1.30074	-5097.07	-16.4376	13.2712	2.1126e-05	0.0813691	
140	-1.39038	-4912.48	-14.5975	13.0893	2.20976e-05	0.0158942	
141	-1.47223	-4716.19	-12.602	12.8516	2.25824e-05	-0.0503026	
142	-1.54827	-4501.47	-10.5558	12.5632	2.29665e-05	-0.116328	
143	-1.61467	-4277.99	-8.41735	12.2256	2.27333e-05	-0.182669	
144	-1.67463	-4037.83	-6.24576	11.84	2.23955e-05	-0.248313	
145	-1.72351	-3791.67	-4.04911	11.4129	2.13434e-05	-0.313887	
146	-1.76547	-3530.78	-1.83756	10.941	2.01897e-05	-0.378245	
147	-1.79539	-3266.38	0.333671	10.4359	1.82743e-05	-0.44216	
148	-1.81806	-2989.32	2.50162	9.88984	1.62682e-05	-0.504352	
149	-1.82825	-2710.93	4.57091	9.31885	1.35165e-05	-0.565741	
150	-1.83102	-2422.06	6.61955	8.71147	1.06935e-05	-0.624921	
151	-1.82139	-2133.67	8.52287	8.08714	7.21359e-06	-0.682959	
152	-1.80437	-1837.06	10.3896	7.43131	3.68994e-06	-0.738328	
153	-1.77559	-1542.41	12.0792	6.76592	-3.2729e-07	-0.792251	
154	-1.7396	-1241.83	13.7182	6.07428	-4.35405e-06	-0.843078	
155	-1.69301	-944.348	15.165	5.37959	-8.64512e-06	-0.892206	
156	-1.63956	-643.276	16.5491	4.66411	-1.29069e-05	-0.937851	
157	-1.57707	-346.176	17.7421	3.95109	-1.71576e-05	-0.98161	
158	-1.50825	-47.813	18.8629	3.2229	-2.13385e-05	-1.02154	
159	-1.43225	245.886	19.808	2.50157	-2.52174e-05	-1.05948	
160	-1.35054	538.547	20.6735	1.77074	-2.89879e-05	-1.09329	
161	-1.2636	825.956	21.3898	1.05015	-3.21877e-05	-1.12506	
162	-1.17168	1110.07	22.021	0.325718	-3.52458e-05	-1.15247	
163	-1.07635	1388.37	22.5366	-0.386053	-3.75259e-05	-1.17786	
164	-0.976824	1661.19	22.9636	-1.09609	-3.96396e-05	-1.19868	
165	-0.875339	1927.54	23.311	-1.79179	-4.08623e-05	-1.21754	
166	-0.770493	2186.33	23.5676	-2.4803	-4.19044e-05	-1.23169	
167	-0.664618	2437.88	23.7795	-3.15334	-4.20568e-05	-1.24395	
168	-0.55623	2679.86	23.8993	-3.81392	-4.20257e-05	-1.25139	
169	-0.447154	2913.65	24.0043	-4.45817	-4.1221e-05	-1.25698	
170	-0.336416	3136.01	24.017	-5.0849	-4.02405e-05	-1.25772	
171	-0.224784	3349	24.0376	-5.69446	-3.86977e-05	-1.25662	
172	-0.112336	3548.84	23.9659	-6.28169	-3.69953e-05	-1.25065	
173	0.00161326	3737.91	23.9161	-6.85071	-3.5e-05	-1.24282	
174	0.11553	3912.29	23.7746	-7.3929	-3.28665e-05	-1.23018	
175	0.231734	4074.3	23.6598	-7.91539	-3.07206e-05	-1.21561	
176	0.347053	4220.29	23.454	-8.40689	-2.84597e-05	-1.19633	
177	0.465381	4352.17	23.2707	-8.87666	-2.6431e-05	-1.17505	
178	0.581956	4466.92	22.9976	-9.31166	-2.43092e-05	-1.14922	
179	0.701981	4565.77	22.7348	-9.72229	-2.25915e-05	-1.12137	
180	0.819369	4646.62	22.3839	-10.0948	-2.07986e-05	-1.08916	
181	0.940223	4709.87	22.0243	-10.4397	-1.94906e-05	-1.05497	
182	1.05754	4754.52	21.5789	-10.7436	-1.812e-05	-1.01668	
183	1.17785	4780.03	21.101	-11.0162	-1.72249e-05	-0.976555	
184	1.29372	4786.65	20.5402	-11.2455	-1.62747e-05	-0.932644	
185	1.41165	4772.92	19.9202	-11.4394	-1.57193e-05	-0.88717	
186	1.52423	4740.31	19.2213	-11.5883	-1.51118e-05	-0.83826	
187	1.63756	4686.57	18.4353	-11.6977	-1.47758e-05	-0.788188	
188	1.74464	4614.28	17.5756	-11.761	-1.4388e-05	-0.735071	
189	1.85089	4520.64	16.6025	-11.7811	-1.41353e-05	-0.681299	
190	1.95002	4409.08	15.5623	-11.7546	-1.38297e-05	-0.624907	
191	2.04651	4276.56	14.3862	-11.6816	-1.35316e-05	-0.568442	
192	2.13509	4127.08	13.1512	-11.5625	-1.31798e-05	-0.509806	
193	2.21909	3957.66	11.7643	-11.3944	-1.27268e-05	-0.451709	
194	2.29447	3772.55	10.3284	-11.1812	-1.22202e-05	-0.391902	
195	2.36325	3569.16	8.7335	-10.9178	-1.1521e-05	-0.333237	
196	2.42279	3351.62	7.10137	-10.6111	-1.07701e-05	-0.273328	
197	2.47369	3118.05	5.3142	-10.2544	-9.74406e-06	-0.215115	
198	2.51488	2872.13	3.50337	-9.85706	-8.67079e-06	-0.156124	
199	2.54546	2612.92	1.55398	-9.41123	-7.24073e-06	-0.0993142	
200	2.566	2343.39	-0.403926	-8.92805	-5.77092e-06	-0.0421806	
201	2.57418	2063.72	-2.47104	-8.39958	-3.86325e-06	0.0123576	
202	2.57216	1775.91	-4.53023	-7.83776	-1.92716e-06	0.0667819	
203	2.5564	1481.38	-6.65744	-7.23534	5.17101e-07	0.11826	
204	2.53046	1181.04	-8.75946	-6.60419	2.97374e-06	0.169208	
205	2.48994	877.554	-10.879	-5.93852	5.97813e-06	0.216904	
206	2.43947	570.659	-12.9559	-5.24927	8.97338e-06	0.263681	
207	2.37426	264.194	-14.9946	-4.53277	1.25014e-05	0.306927	
208	2.29953	-43.2346	-16.9734	-3.79829	1.59929e-05	0.3489	
209	2.21062	-346.757	-18.858	-3.04477	1.99279e-05	0.387077	
210	2.11283	-648.814	-20.6668	-2.2792	2.37939e-05	0.423664	
211	2.00215	-943.697	-22.3306	-1.50339	2.7933e-05	0.456207	
212	1.88341	-1234.75	-23.9042	-0.721698	3.19667e-05	0.486887	
213	1.75365	-1515.65	-25.2922	0.0611138	3.60328e-05	0.513308	
214	1.61683	-1790.45	-26.5781	0.843585	3.99556e-05	0.537641	
215	1.47128	-2052.49	-27.6518	1.6181	4.36291e-05	0.557556	
216	1.31981	-2306.32	-28.6141	2.38608	4.71235e-05	0.575213	
217	1.16209	-2545.19	-29.3537	3.13741	5.00886e-05	0.58838	
218	0.999711	-2773.89	-29.9754	3.87616	5.28439e-05	0.599176	
219	0.833525	-2985.89	-30.3801	4.59024	5.48395e-05	0.605526	
220	0.66402	-3185.99	-30.6631	5.28597	5.66032e-05	0.609446	
221	0.492962	-3368.07	-30.7481	5.94994	5.74679e-05	0.609095	
222	0.319971	-3536.75	-30.7108	6.59018	5.80893e-05	0.606313	
223	0.147361	-3686.54	-30.5039	7.1927	5.77899e-05	0.599559	
224	-0.0257809	-3821.7	-30.1763	7.76658	5.72474e-05	0.590428	
225	-0.196985	-3937.5	-29.7123	8.29804	5.58841e-05	0.577733	
226	-0.367337	-4037.68	-29.1314	8.79652	5.42892e-05	0.562761	
227	-0.534578	-4118.39	-28.4471	9.24921	5.20767e-05	0.544707	
228	-0.699625	-4182.79	-27.6512	9.6652	4.96532e-05	0.524519	
229	-0.860744	-4227.88	-26.7804	10.0333	4.68809e-05	0.50176	
230	-1.01839	-4256.25	-25.8049	10.3617	4.39244e-05	0.477048	
231	-1.17159	-4265.7	-24.7761	10.6415	4.09045e-05	0.450267	
232	-1.32013	-4258.29	-23.6507	10.8791	3.77301e-05	0.421744	
233	-1.46393	-4232.48	-22.4855	11.0683	3.4745e-05	0.391615	
234	-1.60195	-4189.96	-21.2327	11.2138	3.16343e-05	0.359981	
235	-1.7351	-4129.64	-19.9467	11.312	2.88927e-05	0.327154	
236	-1.86145	-4053.01	-18.5829	11.3656	2.60512e-05	0.293078	
237	-1.98283	-3959.22	-17.187	11.3739	2.36615e-05	0.258177	
238	-2.09648	-3849.79	-15.7239	11.3372	2.11928e-05	0.2223	
239	-2.20501	-3723.82	-14.2269	11.2574	1.91584e-05	0.185943	
240	-2.30496	-3583.13	-12.6741	11.1333	1.70604e-05	0.148896	
241	-2.39945	-3426.54	-11.0852	10.9686	1.52934e-05	0.111715	
242	-2.48463	-3256.37	-9.45261	10.7607	1.3474e-05	0.0741379	
243	-2.56372	-3070.96	-7.78299	10.5148	1.18251e-05	0.0368033	
244	-2.63285	-2873.36	-6.0824	10.2275	1.01322e-05	-0.000629636	
245	-2.69498	-2661.23	-4.34657	9.90475	8.42674e-06	-0.0374013	
246	-2.74661	-2438.52	-2.59314	9.54301	6.68532e-06	-0.0739753	
247	-2.78999	-2202.13	-0.809432	9.14826	4.75925e-06	-0.109429	
248	-2.82246	-1956.94	0.978038	8.71749	2.80688e-06	-0.144398	
249	-2.84523	-1699.12	2.78754	8.25607	5.3503e-07	-0.177769	
250	-2.85684	-1434.48	4.58667	7.76212	-1.74993e-06	-0.210382	
251	-2.85724	-1158.49	6.39655	7.23986	-4.43575e-06	-0.240937	
252	-2.84637	-877.801	8.18182	6.68904	-7.11688e-06	-0.270485	
253	-2.82293	-587.356	9.96399	6.1123	-1.02207e-05	-0.297571	
254	-2.78833	-294.444	11.7074	5.5114	-1.32971e-05	-0.323431	
255	-2.74014	6.33098	13.4319	4.88719	-1.67604e-05	-0.346526	
256	-2.68108	307.233	15.104	4.2436	-2.01691e-05	-0.368207	
257	-2.60796	613.81	16.7401	3.5796	-2.38788e-05	-0.386945	
258	-2.52446	918.114	18.3106	2.90134	-2.75031e-05	-0.404117	
259	-2.42705	1225.63	19.8283	2.206	-3.13028e-05	-0.418304	
260	-2.31996	1528.46	21.268	1.50179	-3.49845e-05	-0.430813	
261	-2.19972	1831.83	22.639	0.784346	-3.86884e-05	-0.440415	
262	-2.0707	2128.11	23.9209	0.0636208	-4.22416e-05	-0.448261	
263	-1.92983	2422.1	25.121	-0.665921	-4.56516e-05	-0.453376	
264	-1.78125	2706.66	26.2221	-1.39304	-4.888e-05	-0.456693	
265	-1.62252	2986.04	27.2317	-2.12397	-5.18054e-05	-0.457509	
266	-1.45729	3253.74	28.1341	-2.84672	-5.45218e-05	-0.456518	
267	-1.2838	3513.4	28.9394	-3.56775	-5.68008e-05	-0.453273	
268	-1.10516	3759.29	29.6308	-4.27489	-5.88492e-05	-0.448243	
269	-0.920169	3994.36	30.2229	-4.97429	-6.03718e-05	-0.441194	
270	-0.731477	4213.74	30.6962	-5.65424	-6.16488e-05	-0.432409	
271	-0.538262	4419.74	31.0701	-6.32009	-6.23734e-05	-0.421807	
272	-0.342855	4608.35	31.3219	-6.96115	-6.28452e-05	-0.409545	
273	-0.144583	4781.29	31.4742	-7.58158	-6.28069e-05	-0.395637	
274	0.0543245	4935.4	31.5027	-8.1722	-6.25158e-05	-0.380169	
275	0.254611	5071.9	31.4292	-8.73571	-6.18188e-05	-0.363199	
276	0.453958	5188.42	31.2319	-9.26481	-6.08758e-05	-0.344797	
277	0.653332	5285.83	30.926	-9.76056	-5.96715e-05	-0.325031	
278	0.850196	5362.41	30.4981	-10.2178	-5.82328e-05	-0.303981	
279	1.0458	5418.85	29.951	-10.636	-5.6684e-05	-0.281713	
280	1.23736	5453.93	29.2852	-11.0122	-5.49153e-05	-0.258333	
281	1.42637	5468.39	28.4869	-11.3443	-5.31557e-05	-0.233897	
282	1.60983	5461.28	27.5754	-11.6316	-5.11916e-05	-0.208539	
283	1.7894	5433.59	26.5185	-11.8707	-4.92904e-05	-0.182304	
284	1.96199	5384.48	25.3557	-12.063	-4.71995e-05	-0.155352	
285	2.12927	5315.36	24.0397	-12.2042	-4.51421e-05	-0.127704	
286	2.28821	5225.3	22.6274	-12.2972	-4.29088e-05	-0.0995567	
287	2.44036	5116.27	21.063	-12.3375	-4.06012e-05	-0.0708815	
288	2.58293	4987.1	19.4141	-12.329	-3.81318e-05	-0.0419298	
289	2.71721	4840.44	17.6266	-12.2676	-3.54311e-05	-0.0125857	
290	2.84082	4674.75	15.7685	-12.1576	-3.25845e-05	0.016807	
291	2.95475	4493.39	13.7985	-11.9957	-2.93489e-05	0.0465011	
292	3.05704	4294.38	11.7734	-11.7864	-2.59876e-05	0.0760145	
293	3.14853	4081.78	9.67442	-11.5273	-2.21328e-05	0.105782	
294	3.22759	3853.16	7.53733	-11.2228	-1.81793e-05	0.13514	
295	3.29509	3613.19	5.37136	-10.8719	-1.37266e-05	0.164733	
296	3.34957	3359.06	3.18485	-10.4781	-9.20962e-06	0.193689	
297	3.39216	3095.87	1.01538	-10.0423	-4.30781e-06	0.222863	
298	3.42137	2820.56	-1.15695	-9.56691	6.16873e-07	0.251175	
299	3.43881	2538.5	-3.27179	-9.05472	5.70377e-06	0.279659	
300	3.4427	2246.52	-5.37227	-8.50686	1.07678e-05	0.307058	
301	3.43532	1950.02	-7.38537	-7.9279	1.57079e-05	0.33452	
302	3.41441	1645.91	-9.36788	-7.31775	2.0579e-05	0.36068	
303	3.38288	1339.43	-11.2463	-6.6826	2.50438e-05	0.386715	
304	3.33805	1027.74	-13.0791	-6.02118	2.93977e-05	0.411239	
305	3.28319	715.706	-14.804	-5.34103	3.31383e-05	0.435363	
306	3.21544	400.914	-16.4697	-4.63993	3.67339e-05	0.45778	
307	3.13798	87.7006	-18.0332	-3.92635	3.96392e-05	0.479459	
308	3.0482	-225.806	-19.5252	-3.19741	4.23757e-05	0.499248	
309	2.94867	-535.907	-20.9257	-2.46209	4.44949e-05	0.517926	
310	2.83754	-843.855	-22.2438	-1.71719	4.64313e-05	0.534557	
311	2.7163	-1146.65	-23.4805	-0.971719	4.79514e-05	0.549714	
312	2.58434	-1444.9	-24.6251	-0.222537	4.92823e-05	0.562694	
313	2.44173	-1736.31	-25.6941	0.521775	5.04666e-05	0.573895	
314	2.28945	-2020.86	-26.6623	1.26392	5.14592e-05	0.582821	
315	2.12612	-2296.96	-27.5545	1.9962	5.25644e-05	0.589758	
316	1.95433	-2563.99	-28.3385	2.72052	5.3475e-05	0.594358	
317	1.77151	-2820.97	-29.0402	3.43043	5.46724e-05	0.59688	
318	1.58159	-3066.84	-29.6279	4.12674	5.56689e-05	0.59704	
319	1.38132	-3301.14	-30.1242	4.80454	5.69938e-05	0.595156	
320	1.17546	-3522.43	-30.502	5.46336	5.81068e-05	0.590922	
321	0.960624	-3730.68	-30.7799	6.09995	5.94524e-05	0.584789	
322	0.741869	-3924.24	-30.9366	6.71249	6.05716e-05	0.576352	
323	0.516142	-4103.36	-30.9886	7.29944	6.17273e-05	0.566244	
324	0.28826	-4266.3	-30.9187	7.85763	6.26417e-05	0.553909	
325	0.0558094	-4413.53	-30.7446	8.38716	6.33633e-05	0.540178	
326	-0.17696	-4543.35	-30.4496	8.88367	6.38317e-05	0.524325	
327	-0.411786	-4656.29	-30.0561	9.34865	6.39181e-05	0.507361	
328	-0.645068	-4750.87	-29.5446	9.77683	6.37459e-05	0.488406	
329	-0.878045	-4827.56	-28.9427	10.1708	6.30972e-05	0.468606	
330	-1.10762	-4885.21	-28.2272	10.5247	6.21928e-05	0.446969	
331	-1.33485	-4924.18	-27.4289	10.842	6.08305e-05	0.424719	
332	-1.55688	-4943.73	-26.5229	11.1165	5.92236e-05	0.400802	
333	-1.77484	-4944.05	-25.5377	11.352	5.72684e-05	0.376464	
334	-1.98587	-4924.86	-24.4521	11.5428	5.5086e-05	0.350649	
335	-2.19138	-4886.21	-23.2855	11.6925	5.27026e-05	0.324571	
336	-2.38831	-4828.27	-22.027	11.7961	5.01129e-05	0.297219	
337	-2.57836	-4750.97	-20.6807	11.8569	4.74435e-05	0.269742	
338	-2.7583	-4654.89	-19.2523	11.8709	4.45896e-05	0.241207	
339	-2.92992	-4539.92	-17.7269	11.8408	4.17008e-05	0.212684	
340	-3.09003	-4407.01	-16.1307	11.764	3.86487e-05	0.183327	
341	-3.2402	-4256.06	-14.4301	11.6422	3.55108e-05	0.154131	
342	-3.37764	-4088.29	-12.6713	11.4745	3.22304e-05	0.124334	
343	-3.50332	-3903.73	-10.807	11.2618	2.8736e-05	0.0948721	
344	-3.61521	-3703.75	-8.89869	11.0045	2.51215e-05	0.0650434	
345	-3.71346	-3488.62	-6.8931	10.7029	2.11375e-05	0.0357562	
346	-3.79706	-3259.71	-4.85903	10.359	1.70595e-05	0.00633759	
347	-3.86525	-3017.65	-2.74677	9.97218	1.24924e-05	-0.0223014	
348	-3.91815	-2763.69	-0.622672	9.54594	7.86386e-06	-0.0508399	
349	-3.95414	-2498.88	1.55105	9.07914	2.71759e-06	-0.0783299	
350	-3.97447	-2224.23	3.71927	8.57644	-2.45044e-06	-0.105495	
351	-3.97689	-1941.32	5.90245	8.03646	-8.04607e-06	-0.131317	
352	-3.96355	-1650.78	8.06255	7.46469	-1.36169e-05	-0.156603	
353	-3.93192	-1354.75	10.2015	6.85982	-1.94149e-05	-0.180231	
354	-3.88468	-1053.41	12.3001	6.2278	-2.51373e-05	-0.203125	
355	-3.81946	-749.476	14.3446	5.56771	-3.08179e-05	-0.224038	
356	-3.73908	-442.638	16.3322	4.88558	-3.63715e-05	-0.24404	
357	-3.64162	-136.156	18.2393	4.18118	-4.16079e-05	-0.261734	
358	-3.52974	170.805	20.0739	3.46023	-4.66697e-05	-0.278365	
359	-3.4022	474.487	21.8096	2.72346	-5.11957e-05	-0.292376	
360	-3.2612	776.23	23.4588	1.97592	-5.5507e-05	-0.305197	
361	-3.10633	1071.86	24.9975	1.2195	-5.91659e-05	-0.315114	
362	-2.93917	1363.19	26.4374	0.458275	-6.25794e-05	-0.323745	
363	-2.76008	1645.73	27.7604	-0.304575	-6.53418e-05	-0.329235	
364	-2.5701	1921.7	28.9737	-1.06619	-6.78381e-05	-0.333379	
365	-2.37013	2186.4	30.0659	-1.82206	-6.97844e-05	-0.33421	
366	-2.16081	2442.4	31.0393	-2.57069	-7.14524e-05	-0.333669	
367	-1.94335	2684.92	31.887	-3.30632	-7.27285e-05	-0.329727	
368	-1.71824	2916.75	32.6088	-4.02883	-7.37199e-05	-0.324426	
369	-1.4867	3133.19	33.199	-4.73142	-7.44803e-05	-0.315725	
370	-1.2493	3337.17	33.6581	-5.41524	-7.49531e-05	-0.305719	
371	-1.00704	3524.14	33.979	-6.07276	-7.53107e-05	-0.29241	
372	-0.760807	3697.12	34.1657	-6.70619	-7.53788e-05	-0.277887	
373	-0.511187	3851.81	34.2087	-7.30764	-7.53759e-05	-0.260245	
374	-0.259532	3991.21	34.1165	-7.88012	-7.50824e-05	-0.241516	
375	-0.00588393	4111.38	33.8789	-8.41578	-7.46909e-05	-0.219924	
376	0.247822	4215.25	33.5073	-8.9181	-7.40091e-05	-0.197404	
377	0.502191	4299.27	32.9941	-9.37967	-7.31584e-05	-0.172325	
378	0.754632	4366.25	32.3506	-9.80411	-7.20201e-05	-0.146506	
379	1.00647	4413.09	31.576	-10.1849	-7.06389e-05	-0.118451	
380	1.25441	4442.45	30.6769	-10.5253	-6.89778e-05	-0.0898713	
381	1.50056	4451.66	29.6633	-10.8201	-6.70363e-05	-0.0593739	
382	1.74087	4443.25	28.533	-11.0721	-6.48283e-05	-0.0285864	
383	1.97822	4414.94	27.3089	-11.2773	-6.23627e-05	0.00382002	
384	2.20788	4369.17	25.9777	-11.438	-5.96502e-05	0.0362669	
385	2.43339	4303.99	24.5743	-11.5517	-5.6761e-05	0.0700611	
386	2.64941	4221.77	23.0748	-11.6199	-5.36493e-05	0.103635	
387	2.85994	4120.85	21.5228	-11.6415	-5.04734e-05	0.138306	
388	3.0593	4003.61	19.8867	-11.6173	-4.71019e-05	0.172487	
389	3.25158	3868.52	18.2132	-11.5477	-4.37686e-05	0.207523	
390	3.43113	3718.12	16.4687	-11.4326	-4.02671e-05	0.241797	
391	3.60167	3550.88	14.6964	-11.2739	-3.68547e-05	0.276664	
392	3.75807	3369.58	12.8667	-11.0707	-3.33006e-05	0.310495	
393	3.90323	3172.59	11.0139	-10.826	-2.98105e-05	0.344618	
394	4.03303	2963.02	9.11787	-10.5386	-2.62036e-05	0.377434	
395	4.14917	2739.06	7.20027	-10.2121	-2.2562e-05	0.410178	
396	4.24893	2504.23	5.25425	-9.84537	-1.88282e-05	0.441352	
397	4.33267	2256.45	3.28745	-9.44225	-1.49167e-05	0.472017	
398	4.39928	1999.69	1.30741	-9.00192	-1.09393e-05	0.500859	
399	4.44782	1731.58	-0.69074	-8.52814	-6.64403e-06	0.528685	
400	4.47874	1456.56	-2.68664	-8.02075	-2.31296e-06	0.554455	
401	4.49013	1171.96	-4.6943	-7.48309	2.42441e-06	0.578648	
402	4.48372	882.641	-6.68403	-6.91592	7.16228e-06	0.600577	
403	4.45708	585.701	-8.67479	-6.32191	1.23087e-05	0.620343	
404	4.41276	286.359	-10.6319	-5.70294	1.7415e-05	0.637669	
405	4.34832	-18.4629	-12.5753	-5.06085	2.28375e-05	0.652268	
406	4.26663	-323.305	-14.4696	-4.39875	2.8175e-05	0.664287	
407	4.16568	-631.3	-16.3324	-3.71754	3.36605e-05	0.673078	
408	4.04823	-936.896	-18.1313	-3.0216	3.90143e-05	0.679195	
409	3.91298	-1243.16	-19.8797	-2.31092	4.43103e-05	0.68169	
410	3.76225	-1544.61	-21.55	-1.59104	4.94292e-05	0.681469	
411	3.59563	-1844.12	-23.151	-0.861152	5.4292e-05	0.677373	
412	3.41479	-2136.43	-24.6608	-0.127775	5.89357e-05	0.670571	
413	3.22024	-2424.15	-26.0837	0.61049	6.31692e-05	0.659804	
414	3.01296	-2702.38	-27.4037	1.34645	6.71477e-05	0.646397	
415	2.79428	-2973.35	-28.6209	2.08184	7.06255e-05	0.629101	
416	2.56456	-3232.65	-29.725	2.80911	7.38191e-05	0.609287	
417	2.32577	-3482.14	-30.7122	3.53008	7.64848e-05	0.585812	
418	2.07781	-3717.93	-31.578	4.23721	7.88445e-05	0.559992	
419	1.82307	-3941.51	-32.3142	4.9321	8.0697e-05	0.530865	
420	1.56115	-4149.58	-32.9228	5.60761	8.22282e-05	0.499614	
421	1.29463	-4343.29	-33.391	6.2649	8.32985e-05	0.465493	
422	1.02303	-4519.88	-33.7271	6.89752	8.40387e-05	0.42951	
423	0.748876	-4680.29	-33.914	7.50603	8.43689e-05	0.391138	
424	0.471786	-4822.26	-33.9666	8.08496	8.4366e-05	0.351202	
425	0.194029	-4946.58	-33.8636	8.63412	8.39962e-05	0.309357	
426	-0.0844914	-5051.4	-33.6265	9.14923	8.32954e-05	0.266274	
427	-0.36197	-5137.52	-33.2309	9.62936	8.22582e-05	0.221728	
428	-0.638032	-5203.39	-32.7036	10.0715	8.08971e-05	0.176292	
429	-0.911475	-5249.93	-32.0192	10.474	7.92202e-05	0.129787	
430	-1.18135	-5275.78	-31.208	10.8351	7.72312e-05	0.0827542	
431	-1.44709	-5282.1	-30.2462	11.1528	7.49421e-05	0.0349835	
432	-1.70717	-5267.6	-29.1646	11.4263	7.23573e-05	-0.0129429	
433	-1.96159	-5233.77	-27.9446	11.6533	6.94893e-05	-0.0613311	
434	-2.20832	-5179.32	-26.614	11.8343	6.63466e-05	-0.109498	
435	-2.44784	-5106.11	-25.1621	11.9666	6.2943e-05	-0.157891	
436	-2.67774	-5012.78	-23.6107	12.0516	5.929e-05	-0.205685	
437	-2.8988	-4901.59	-21.9595	12.0868	5.54075e-05	-0.253489	
438	-3.10845	-4771.11	-20.2216	12.0743	5.13052e-05	-0.30032	
439	-3.30762	-4623.96	-18.4079	12.0119	4.70161e-05	-0.346946	
440	-3.49377	-4458.61	-16.5219	11.902	4.25405e-05	-0.392232	
441	-3.66783	-4278.02	-14.585	11.7432	3.79323e-05	-0.437084	
442	-3.82745	-4080.62	-12.591	11.5381	3.31745e-05	-0.480243	
443	-3.97352	-3869.63	-10.5702	11.2859	2.83479e-05	-0.522718	
444	-4.10393	-3643.42	-8.50829	10.9892	2.34109e-05	-0.563164	
445	-4.21952	-3405.45	-6.44087	10.6482	1.84724e-05	-0.602667	
446	-4.31849	-3154.09	-4.34867	10.2653	1.34636e-05	-0.639826	
447	-4.4016	-2892.9	-2.26856	9.8417	8.51435e-06	-0.675784	
448	-4.46736	-2620.36	-0.180068	9.37932	3.535e-06	-0.70911	
449	-4.51646	-2340.03	1.88304	8.88066	-1.34197e-06	-0.741003	
450	-4.54775	-2050.52	3.93831	8.34699	-6.21009e-06	-0.770006	
451	-4.56181	-1755.34	5.95899	7.78192	-1.09602e-05	-0.797386	
452	-4.55788	-1453.27	7.95597	7.18618	-1.56645e-05	-0.821657	
453	-4.53638	-1147.68	9.91241	6.56434	-2.02656e-05	-0.844174	
454	-4.497	-837.6	11.8298	5.91665	-2.47862e-05	-0.863401	
455	-4.43999	-526.148	13.7026	5.24844	-2.92436e-05	-0.880809	
456	-4.36548	-212.65	15.5217	4.55959	-3.35873e-05	-0.894785	
457	-4.27359	100.081	17.2926	3.85594	-3.79192e-05	-0.90694	
458	-4.16485	412.394	18.9958	3.13714	-4.21054e-05	-0.915564	
459	-4.03932	721.845	20.6464	2.4093	-4.63239e-05	-0.922409	
460	-3.89786	1028.43	22.2162	1.67202	-5.03652e-05	-0.925666	
461	-3.74053	1330.12	23.7268	0.931359	-5.44574e-05	-0.927212	
462	-3.56844	1626.55	25.1446	0.187082	-5.83411e-05	-0.925155	
463	-3.38169	1916.11	26.4944	-0.555089	-6.22569e-05	-0.921457	
464	-3.18159	2198.11	27.7403	-1.29502	-6.59332e-05	-0.914181	
465	-2.96824	2471.37	28.9073	-2.0276	-6.95827e-05	-0.905319	
466	-2.74315	2734.88	29.9608	-2.75214	-7.29625e-05	-0.892942	
467	-2.50636	2987.86	30.9228	-3.46435	-7.62241e-05	-0.87901	
468	-2.25964	3229.05	31.7631	-4.16288	-7.9188e-05	-0.861666	
469	-2.00283	3458.03	32.4992	-4.84439	-8.19241e-05	-0.842778	
470	-1.73806	3673.37	33.1073	-5.50679	-8.43381e-05	-0.820617	
471	-1.46487	3874.93	33.5992	-6.1478	-8.64147e-05	-0.796918	
472	-1.18582	4061.2	33.9587	-6.76457	-8.81496e-05	-0.770122	
473	-0.900122	4232.24	34.1923	-7.35584	-8.94545e-05	-0.741813	
474	-0.610781	4386.6	34.2911	-7.91813	-9.04041e-05	-0.710619	
475	-0.316695	4524.43	34.2575	-8.45112	-9.08604e-05	-0.677982	
476	-0.0212661	4644.43	34.0886	-8.95081	-9.09549e-05	-0.642708	
477	0.276788	4746.8	33.7846	-9.41767	-9.05285e-05	-0.606132	
478	0.573839	4830.45	33.3471	-9.84743	-8.97409e-05	-0.567199	
479	0.871168	4895.6	32.7752	-10.2411	-8.8441e-05	-0.527194	
480	1.16514	4941.43	32.0738	-10.5945	-8.67883e-05	-0.485143	
481	1.45684	4968.15	31.2424	-10.9089	-8.4663e-05	-0.442343	
482	1.74286	4975.27	30.2875	-11.1803	-8.22003e-05	-0.39783	
483	2.02396	4962.96	29.2096	-11.4103	-7.93274e-05	-0.352978	
484	2.29712	4931.05	28.0165	-11.5952	-7.61391e-05	-0.306768	
485	2.56274	4879.74	26.7099	-11.7367	-7.2615e-05	-0.260692	
486	2.81826	4809.16	25.2979	-11.8319	-6.88029e-05	-0.213625	
487	3.06375	4719.54	23.7839	-11.8821	-6.47303e-05	-0.1672	
488	3.29716	4611.29	22.1761	-11.8855	-6.04014e-05	-0.120155	
489	3.5183	4484.75	20.4792	-11.8429	-5.58787e-05	-0.0742617	
490	3.72556	4340.5	18.7015	-11.7536	-5.11348e-05	-0.0281171	
491	3.91865	4179.08	16.8489	-11.6182	-4.62487e-05	0.0163985	
492	4.09626	4001.17	14.9299	-11.4369	-4.11793e-05	0.0608067	
493	4.25815	3807.54	12.9511	-11.21	-3.60028e-05	0.103169	
494	4.40322	3598.9	10.9213	-10.9389	-3.06831e-05	0.145081	
495	4.53138	3376.34	8.84794	-10.6236	-2.52785e-05	0.184608	
496	4.64163	3140.46	6.7397	-10.2663	-1.97725e-05	0.223365	
497	4.73408	2892.76	4.60495	-9.86698	-1.41983e-05	0.259485	
498	4.80782	2633.66	2.45205	-9.42867	-8.56605e-06	0.294542	
499	4.86317	2365.04	0.290302	-8.95132	-2.88496e-06	0.326794	
500	4.8993	2087.12	-1.87255	-8.43861	2.80919e-06	0.35772	
501	4.91672	1802.19	-4.02614	-7.89064	8.52287e-06	0.38575	
502	4.91471	1510.18	-6.16376	-7.31149	1.42038e-05	0.412226	
503	4.89392	1213.78	-8.27375	-6.70163	1.98612e-05	0.435774	
504	4.8538	912.641	-10.351	-6.06529	2.54398e-05	0.457578	
505	4.79511	609.81	-12.3822	-5.40342	3.09383e-05	0.476469	
506	4.71748	304.619	-14.3644	-4.72021	3.63129e-05	0.493461	
507	4.6218	0.443845	-16.2825	-4.01724	4.15407e-05	0.507589	
508	4.50786	-303.682	-18.1362	-3.2984	4.66015e-05	0.519699	
509	4.37672	-604.136	-19.9084	-2.566	5.14443e-05	0.529015	
510	4.2283	-902.151	-21.6019	-1.82347	5.60801e-05	0.536235	
511	4.06387	-1193.93	-23.1979	-1.07388	6.04276e-05	0.540742	
512	3.8834	-1480.95	-24.702	-0.320076	6.45319e-05	0.543111	
513	3.68849	-1759.31	-26.0947	0.434138	6.82843e-05	0.542858	
514	3.47903	-2030.67	-27.3842	1.18661	7.17623e-05	0.540463	
515	3.25699	-2291.13	-28.551	1.93283	7.48364e-05	0.535547	
516	3.02213	-2542.5	-29.6048	2.67138	7.76107e-05	0.528521	
517	2.77681	-2780.95	-30.5285	3.39719	7.9947e-05	0.519085	
518	2.52057	-3008.36	-31.3315	4.10953	8.19641e-05	0.507609	
519	2.25613	-3221.06	-32.0009	4.80296	8.35339e-05	0.49385	
520	1.98283	-3420.99	-32.5438	5.47736	8.4772e-05	0.478153	
521	1.70359	-3604.66	-32.9539	6.1271	8.55839e-05	0.460327	
522	1.41767	-3774.05	-33.2339	6.75259	8.60582e-05	0.440697	
523	1.12795	-3925.9	-33.3853	7.34824	8.61607e-05	0.419124	
524	0.833809	-4062.2	-33.4052	7.91481	8.59258e-05	0.395913	
525	0.537813	-4179.94	-33.3034	8.44702	8.54026e-05	0.370985	
526	0.239715	-4281.14	-33.0705	8.94583	8.45478e-05	0.344611	
527	-0.0585119	-4363.03	-32.7239	9.40646	8.35042e-05	0.316794	
528	-0.356507	-4427.65	-32.2487	9.82991	8.21388e-05	0.287746	
529	-0.653067	-4472.48	-31.6674	10.2121	8.06803e-05	0.25758	
530	-0.94707	-4499.6	-30.9617	10.554	7.89125e-05	0.226421	
531	-1.23813	-4506.72	-30.1558	10.8523	7.71194e-05	0.194515	
532	-1.52434	-4495.99	-29.2314	11.1078	7.50309e-05	0.161868	
533	-1.80603	-4465.29	-28.2106	11.3182	7.29366e-05	0.128887	
534	-2.08065	-4416.92	-27.0787	11.4839	7.05613e-05	0.0954271	
535	-2.34897	-4348.87	-25.8522	11.6038	6.8141e-05	0.0620708	
536	-2.60808	-4263.6	-24.5236	11.6778	6.54549e-05	0.0285046	
537	-2.85887	-4159.2	-23.1011	11.7059	6.26301e-05	-0.0045136	
538	-3.09844	-4038.33	-21.5872	11.6877	5.95569e-05	-0.0374755	
539	-3.32742	-3899.12	-19.9806	11.6241	5.62177e-05	-0.0694597	
540	-3.54332	-3744.46	-18.2948	11.5145	5.26506e-05	-0.101129	
541	-3.74623	-3572.5	-16.5201	11.3606	4.86888e-05	-0.131429	
542	-3.93438	-3386.39	-14.6798	11.1618	4.45251e-05	-0.161169	
543	-4.10714	-3184.23	-12.7583	10.9203	3.98719e-05	-0.189205	
544	-4.26369	-2969.45	-10.786	10.6356	3.50497e-05	-0.216454	
545	-4.40267	-2740.12	-8.74531	10.3103	2.9707e-05	-0.241738	
546	-4.52424	-2499.91	-6.66963	9.94431	2.42356e-05	-0.266029	
547	-4.62642	-2246.85	-4.54339	9.54021	1.82913e-05	-0.288171	
548	-4.71029	-1984.85	-2.39882	9.09847	1.22655e-05	-0.309141	
549	-4.7735	-1711.88	-0.225481	8.62163	5.88992e-06	-0.327853	
550	-4.8178	-1432.08	1.949	8.11077	-5.14732e-07	-0.345242	
551	-4.84077	-1143.36	4.12794	7.56824	-7.09174e-06	-0.360331	
552	-4.84456	-850.064	6.29069	6.99583	-1.36423e-05	-0.373975	
553	-4.82699	-550.051	8.43299	6.39558	-2.01657e-05	-0.385327	
554	-4.7903	-247.793	10.542	5.77006	-2.66069e-05	-0.395142	
555	-4.73281	58.8494	12.6068	5.1209	-3.28342e-05	-0.402709	
556	-4.65657	365.334	14.6217	4.4515	-3.89263e-05	-0.408676	
557	-4.56059	673.775	16.5715	3.76304	-4.46587e-05	-0.412461	
558	-4.44656	979.631	18.4556	3.05968	-5.02074e-05	-0.414611	
559	-4.31424	1284.95	20.2568	2.34219	-5.53077e-05	-0.414653	
560	-4.16487	1585.26	21.9779	1.61539	-6.0182e-05	-0.413054	
561	-3.99894	1882.51	23.602	0.879714	-6.45768e-05	-0.409426	
562	-3.81722	2172.4	25.1328	0.1405	-6.87098e-05	-0.404179	
563	-3.62088	2456.7	26.5558	-0.602088	-7.23778e-05	-0.396986	
564	-3.41026	2731.37	27.8738	-1.34236	-7.57547e-05	-0.388225	
565	-3.18708	2997.98	29.076	-2.08029	-7.87072e-05	-0.37761	
566	-2.95136	3252.82	30.1634	-2.81006	-8.13453e-05	-0.365505	
567	-2.70523	3497.24	31.1291	-3.53162	-8.36054e-05	-0.351658	
568	-2.44846	3727.91	31.9719	-4.2393	-8.55332e-05	-0.336423	
569	-2.18351	3945.97	32.6889	-4.93287	-8.71195e-05	-0.319584	
570	-1.91	4148.5	33.2769	-5.60702	-8.83607e-05	-0.301485	
571	-1.63057	4336.43	33.7367	-6.26122	-8.92798e-05	-0.28195	
572	-1.34476	4507.29	34.0635	-6.89075	-8.98458e-05	-0.261306	
573	-1.05535	4661.85	34.2611	-7.49471	-9.00933e-05	-0.239426	
574	-0.76183	4798.03	34.3236	-8.06911	-8.99848e-05	-0.216607	
575	-0.467007	4916.53	34.2578	-8.61263	-8.95524e-05	-0.192779	
576	-0.170407	5015.65	34.0569	-9.12217	-8.87666e-05	-0.168199	
577	0.125223	5096.05	33.7302	-9.596	-8.76527e-05	-0.142857	
578	0.420294	5156.36	33.2705	-10.0319	-8.61935e-05	-0.11696	
579	0.712193	5197.32	32.689	-10.4279	-8.44119e-05	-0.0905537	
580	1.00122	5217.78	31.9786	-10.7827	-8.22987e-05	-0.0638012	
581	1.285	5218.65	31.1521	-11.0941	-7.98835e-05	-0.0367839	
582	1.56367	5198.94	30.2028	-11.3616	-7.71558e-05	-0.00963287	
583	1.83516	5159.79	29.1441	-11.5829	-7.41625e-05	0.0175561	
584	2.09938	5100.3	27.9707	-11.7584	-7.08803e-05	0.0446653	
585	2.35471	5021.91	26.6962	-11.886	-6.73816e-05	0.0716129	
586	2.60073	4923.72	25.3165	-11.9665	-6.36218e-05	0.0982696	
587	2.83636	4807.52	23.8453	-11.9982	-5.97022e-05	0.124597	
588	3.0608	4672.37	22.2802	-11.9825	-5.55524e-05	0.150428	
589	3.27356	4520.4	20.6346	-11.9179	-5.13016e-05	0.175796	
590	3.47343	4350.63	18.9077	-11.8063	-4.68537e-05	0.200469	
591	3.66054	4165.5	17.1129	-11.6469	-4.23601e-05	0.224575	
592	3.83326	3963.97	15.2508	-11.4414	-3.77039e-05	0.247798	
593	3.99234	3748.76	13.335	-11.19	-3.30494e-05	0.270377	
594	4.13572	3518.8	11.3668	-10.8945	-2.82678e-05	0.291896	
595	4.26477	3277.01	9.36062	-10.5557	-2.35233e-05	0.312716	
596	4.37705	3022.33	7.31766	-10.1753	-1.86876e-05	0.332312	
597	4.47443	2757.81	5.25344	-9.75515	-1.39101e-05	0.351172	
598	4.55422	2482.44	3.16866	-9.29649	-9.07756e-06	0.368658	
599	4.61866	2199.29	1.07962	-8.80211	-4.30814e-06	0.385385	
600	4.66493	1907.51	-1.0135	-8.27304	4.79997e-07	0.400605	
601	4.69551	1610.08	-3.09432	-7.71282	5.21507e-06	0.415053	
602	4.7076	1306.33	-5.16277	-7.12221	9.93269e-06	0.427878	
603	4.70373	999.083	-7.20349	-6.50542	1.46186e-05	0.439925	
604	4.68133	687.928	-9.21567	-5.863	1.9251e-05	0.450251	
605	4.6428	375.449	-11.1862	-5.19964	2.38775e-05	0.4598	
606	4.58598	61.5121	-13.1126	-4.51581	2.84147e-05	0.467548	
607	4.513	-251.592	-14.9851	-3.81646	3.29677e-05	0.474515	
608	4.42223	-563.688	-16.7985	-3.10208	3.73955e-05	0.479623	
609	4.31545	-872.822	-18.547	-2.37768	4.18468e-05	0.483939	
610	4.19165	-1178.5	-20.2225	-1.64393	4.61377e-05	0.486358	
611	4.05223	-1479.14	-21.8229	-0.905637	5.04376e-05	0.48796	
612	3.89682	-1773.94	-23.3374	-0.163803	5.45426e-05	0.487646	
613	3.7265	-2061.67	-24.7667	0.577147	5.86156e-05	0.486467	
614	3.54145	-2341.27	-26.0985	1.3158	6.24603e-05	0.483377	
615	3.34253	-2611.86	-27.3348	2.04826	6.62054e-05	0.47935	
616	3.1304	-2872.15	-28.4634	2.77264	6.96907e-05	0.473439	
617	2.90581	-3121.58	-29.4858	3.48569	7.29873e-05	0.4665	
618	2.66972	-3358.7	-30.3919	4.18499	7.59956e-05	0.457723	
619	2.42298	-3583.24	-31.1811	4.86803	7.87132e-05	0.447817	
620	2.16664	-3793.64	-31.8472	5.53187	8.11179e-05	0.436144	
621	1.90178	-3989.86	-32.3866	6.17475	8.31289e-05	0.423247	
622	1.62939	-4170.35	-32.798	6.79329	8.48075e-05	0.408676	
623	1.35088	-4335.21	-33.0745	7.38642	8.60007e-05	0.392815	
624	1.06705	-4482.98	-33.2204	7.95043	8.68484e-05	0.375397	
625	0.77971	-4613.88	-33.2261	8.48488	8.71421e-05	0.356675	
626	0.489304	-4726.59	-33.1005	8.98588	8.70846e-05	0.336537	
627	0.198118	-4821.4	-32.8331	9.45347	8.64375e-05	0.315157	
628	-0.0938312	-4897.2	-32.436	9.88379	8.54418e-05	0.292525	
629	-0.383864	-4954.31	-31.8994	10.2772	8.38606e-05	0.268806	
630	-0.672352	-4991.89	-31.2368	10.6302	8.19417e-05	0.24402	
631	-0.956361	-5010.28	-30.4409	10.9431	7.94837e-05	0.2184	
632	-1.23656	-5008.92	-29.5247	11.213	7.6707e-05	0.191915	
633	-1.50994	-4988.18	-28.4846	11.4403	7.3477e-05	0.164942	
634	-1.77732	-4947.76	-27.3319	11.6225	6.99546e-05	0.137321	
635	-2.03586	-4888.11	-26.0671	11.7601	6.60953e-05	0.109631	
636	-2.28631	-4809.18	-24.6993	11.8513	6.19756e-05	0.0815178	
637	-2.5262	-4711.52	-23.2325	11.8966	5.76515e-05	0.0537986	
638	-2.75608	-4595.26	-21.674	11.8949	5.31034e-05	0.0258839	
639	-2.97399	-4461.13	-20.0303	11.8466	4.84817e-05	-0.00116797	
640	-3.18013	-4309.4	-18.3076	11.7514	4.36746e-05	-0.0281914	
641	-3.37312	-4140.99	-16.514	11.6096	3.89052e-05	-0.0539139	
642	-3.55279	-3956.25	-14.6551	11.422	3.39896e-05	-0.0793941	
643	-3.71834	-3756.37	-12.7398	11.1885	2.91891e-05	-0.103199	
644	-3.86921	-3541.68	-10.7742	10.9108	2.42811e-05	-0.126562	
645	-4.00509	-3313.69	-8.76689	10.589	1.95249e-05	-0.147962	
646	-4.12517	-3072.65	-6.72499	10.2253	1.46986e-05	-0.168741	
647	-4.22948	-2820.42	-4.65694	9.81988	1.00225e-05	-0.187362	
648	-4.31711	-2557.08	-2.57052	9.37569	5.31224e-06	-0.205209	
649	-4.38828	-2284.87	-0.474409	8.89306	7.23182e-07	-0.220791	
650	-4.44213	-2003.68	1.62355	8.37531	-3.86525e-06	-0.235468	
651	-4.47895	-1716.09	3.71386	7.82316	-8.37304e-06	-0.247849	
652	-4.4981	-1421.77	5.78946	7.2401	-1.28464e-05	-0.259221	
653	-4.49983	-1123.64	7.83958	6.62737	-1.72752e-05	-0.268312	
654	-4.4838	-821.111	9.85867	5.98847	-2.16363e-05	-0.276315	
655	-4.45023	-517.402	11.8347	5.32519	-2.59736e-05	-0.282074	
656	-4.39909	-211.7	13.7639	4.64089	-3.02104e-05	-0.286694	
657	-4.33059	92.5605	15.6336	3.93799	-3.44254e-05	-0.289105	
658	-4.245	396.403	17.4416	3.21955	-3.85078e-05	-0.29035	
659	-4.14255	696.226	19.1757	2.48863	-4.25561e-05	-0.289409	
660	-4.02374	993.246	20.8341	1.7479	-4.64409e-05	-0.287298	
661	-3.88889	1283.76	22.4073	1.00102	-5.02739e-05	-0.283006	
662	-3.73866	1569.15	23.892	0.250211	-5.39139e-05	-0.277567	
663	-3.57344	1845.67	25.2832	-0.500335	-5.74873e-05	-0.269942	
664	-3.3941	2114.85	26.5748	-1.24887	-6.08399e-05	-0.261217	
665	-3.20102	2372.98	27.7675	-1.99079	-6.41168e-05	-0.250308	
666	-2.99529	2621.67	28.8508	-2.72481	-6.71473e-05	-0.238374	
667	-2.77726	2857.31	29.8321	-3.44605	-7.00942e-05	-0.224282	
668	-2.54823	3081.61	30.6961	-4.15364	-7.27708e-05	-0.209265	
669	-2.30853	3291.08	31.4559	-4.84258	-7.53464e-05	-0.192161	
670	-2.05969	3487.5	32.0921	-5.51235	-7.76296e-05	-0.174255	
671	-1.80199	3667.55	32.6222	-6.15803	-7.97718e-05	-0.154391	
672	-1.53715	3833.07	33.024	-6.77935	-8.1602e-05	-0.133874	
673	-1.2655	3980.95	33.3168	-7.37163	-8.32208e-05	-0.111584	
674	-0.988837	4113.07	33.4785	-7.93476	-8.45108e-05	-0.088811	
675	-0.70765	4226.57	33.5271	-8.4645	-8.54901e-05	-0.0645031	
676	-0.423666	4323.34	33.4437	-8.96079	-8.61282e-05	-0.0398993	
677	-0.137657	4400.8	33.2418	-9.41995	-8.63409e-05	-0.0140368	
678	0.148887	4460.83	32.9089	-9.84191	-8.62057e-05	0.0119206	
679	0.434822	4501.14	32.4523	-10.2237	-8.55382e-05	0.0388429	
680	0.719019	4523.63	31.8677	-10.5651	-8.45233e-05	0.0656493	
681	0.999947	4526.26	31.1553	-10.8641	-8.2903e-05	0.0931279	
682	1.2769	4510.98	30.3198	-11.1201	-8.09445e-05	0.120275	
683	1.54801	4475.96	29.3556	-11.3319	-7.83623e-05	0.147817	
684	1.81297	4423.24	28.2752	-11.4991	-7.54604e-05	0.17481	
685	2.06971	4351.15	27.0693	-11.6211	-7.19811e-05	0.201944	
686	2.31824	4261.85	25.7562	-11.6972	-6.82094e-05	0.228315	
687	2.55644	4153.8	24.3258	-11.7278	-6.39653e-05	0.25459	
688	2.78449	4029.32	22.799	-11.7121	-5.94639e-05	0.279893	
689	3.00036	3886.92	21.1684	-11.6512	-5.46351e-05	0.304874	
690	3.20434	3729.14	19.454	-11.5442	-4.95895e-05	0.328684	
691	3.39454	3554.49	17.6535	-11.3929	-4.43745e-05	0.351935	
692	3.5713	3365.76	15.7833	-11.1966	-3.89868e-05	0.373827	
693	3.7329	3161.43	13.8479	-10.9572	-3.35737e-05	0.394901	
694	3.87972	2944.57	11.858	-10.6746	-2.80333e-05	0.414442	
695	4.01023	2713.58	9.82529	-10.3508	-2.25782e-05	0.432872	
696	4.12485	2471.82	7.75402	-9.98619	-1.70409e-05	0.449611	
697	4.22218	2217.61	5.66222	-9.58278	-1.1658e-05	0.464905	
698	4.3028	1954.58	3.54838	-9.14156	-6.23683e-06	0.478374	
699	4.36539	1680.99	1.43482	-8.66447	-1.00168e-06	0.490033	
700	4.4107	1400.71	-0.684069	-8.15318	4.22965e-06	0.499759	
701	4.43752	1111.96	-2.78398	-7.60945	9.26813e-06	0.507299	
702	4.44679	818.75	-4.87256	-7.03567	1.42629e-05	0.512827	
703	4.43748	519.351	-6.92569	-6.43335	1.90671e-05	0.515809	
704	4.41062	217.839	-8.95118	-5.80562	2.37898e-05	0.516737	
705	4.36547	-87.4341	-10.9266	-5.15374	2.83198e-05	0.514808	
706	4.30307	-392.421	-12.8587	-4.48148	3.27329e-05	0.510821	
707	4.22311	-698.619	-14.7275	-3.7899	3.69394e-05	0.50375	
708	4.12649	-1002.11	-16.5379	-3.08333	4.09963e-05	0.494657	
709	4.01347	-1304.2	-18.2727	-2.36266	4.48206e-05	0.482361	
710	3.88462	-1601.19	-19.9352	-1.63262	4.84654e-05	0.468125	
711	3.74094	-1894.15	-21.5103	-0.89405	5.18456e-05	0.450692	
712	3.58252	-2179.67	-23.0004	-0.151908	5.502e-05	0.431442	
713	3.41116	-2458.6	-24.3922	0.592943	5.79009e-05	0.409129	
714	3.22637	-2727.85	-25.6876	1.3355	6.05536e-05	0.385164	
715	3.03076	-2988.05	-26.8752	2.07477	6.28964e-05	0.358386	
716	2.82324	-3236.49	-27.9566	2.80589	6.49928e-05	0.33016	
717	2.60712	-3473.6	-28.9226	3.52769	6.67823e-05	0.299464	
718	2.38079	-3697.03	-29.7744	4.23559	6.83116e-05	0.267556	
719	2.14812	-3907.1	-30.5054	4.92818	6.95584e-05	0.233586	
720	1.90705	-4101.77	-31.1161	5.60133	7.05352e-05	0.198666	
721	1.6618	-4281.32	-31.6033	6.25334	7.12716e-05	0.162118	
722	1.41006	-4444	-31.9658	6.88069	7.17321e-05	0.124907	
723	1.15615	-4590.12	-32.2044	7.48136	7.20033e-05	0.0864955	
724	0.897749	-4718.14	-32.316	8.05251	7.19958e-05	0.0477209	
725	0.638956	-4828.49	-32.3051	8.59189	7.18463e-05	0.00814532	
726	0.37771	-4919.81	-32.1668	9.09736	7.14182e-05	-0.0314842	
727	0.117675	-4992.69	-31.9083	9.56648	7.08777e-05	-0.0715639	
728	-0.142768	-5045.89	-31.5241	9.99782	7.00612e-05	-0.111384	
729	-0.400533	-5080.24	-31.0225	10.3889	6.91337e-05	-0.151356	
730	-0.656675	-5094.57	-30.3987	10.739	6.7935e-05	-0.190756	
731	-0.908728	-5089.96	-29.6604	11.0455	6.65939e-05	-0.230059	
732	-1.15717	-5065.29	-28.8052	11.3085	6.49894e-05	-0.268481	
733	-1.40007	-5021.93	-27.8388	11.5256	6.3183e-05	-0.306595	
734	-1.63743	-4958.79	-26.7626	11.6972	6.11242e-05	-0.343526	
735	-1.86771	-4877.49	-25.5793	11.8214	5.87901e-05	-0.379959	
736	-2.09061	-4776.98	-24.295	11.899	5.62188e-05	-0.414921	
737	-2.30478	-4659.14	-22.9094	11.9284	5.33049e-05	-0.449198	
738	-2.50984	-4522.95	-21.4333	11.9108	5.01743e-05	-0.481732	
739	-2.7044	-4370.51	-19.864	11.8453	4.66614e-05	-0.513391	
740	-2.88829	-4200.86	-18.2161	11.7331	4.29581e-05	-0.543053	
741	-3.05993	-4016.28	-16.4861	11.5741	3.88763e-05	-0.571641	
742	-3.21948	-3815.88	-14.6909	11.3694	3.46361e-05	-0.598	
743	-3.36513	-3602.05	-12.8274	11.1198	3.00708e-05	-0.62308	
744	-3.49748	-3374.05	-10.9131	10.8262	2.53836e-05	-0.645728	
745	-3.61451	-3134.3	-8.94679	10.4904	2.04667e-05	-0.6669	
746	-3.71725	-2882.22	-6.94508	10.1132	1.54683e-05	-0.685465	
747	-3.80359	-2620.25	-4.90924	9.69682	1.03591e-05	-0.702379	
748	-3.87489	-2347.96	-2.85393	9.24224	5.21049e-06	-0.716546	
749	-3.92913	-2067.73	-0.782873	8.75237	7.02695e-08	-0.728928	
750	-3.96782	-1779.37	1.29134	8.22799	-5.06707e-06	-0.738459	
751	-3.98923	-1485.12	3.36324	7.67261	-1.00983e-05	-0.746129	
752	-3.99486	-1185.03	5.42191	7.08699	-1.50857e-05	-0.75088	
753	-3.9834	-881.177	7.46109	6.47503	-1.99036e-05	-0.75376	
754	-3.95619	-573.86	9.47087	5.83756	-2.46391e-05	-0.753695	
755	-3.91244	-264.939	11.445	5.17872	-2.9177e-05	-0.751816	
756	-3.85323	45.0192	13.374	4.49948	-3.35966e-05	-0.747003	
757	-3.77832	354.404	15.2521	3.80407	-3.78162e-05	-0.740499	
758	-3.68849	662.389	17.07	3.09367	-4.18842e-05	-0.731109	
759	-3.58399	967.632	18.8224	2.37241	-4.57588e-05	-0.720199	
760	-3.46535	1269.06	20.5005	1.64181	-4.94513e-05	-0.706488	
761	-3.3332	1565.61	22.0989	0.905741	-5.29501e-05	-0.691462	
762	-3.18791	1855.98	23.61	0.166113	-5.62388e-05	-0.673751	
763	-3.03034	2139.39	25.0276	-0.573582	-5.93165e-05	-0.654946	
764	-2.86083	2414.37	26.3464	-1.31101	-6.21592e-05	-0.633602	
765	-2.68031	2680.37	27.559	-2.04315	-6.47558e-05	-0.611383	
766	-2.48924	2935.8	28.6628	-2.76724	-6.70959e-05	-0.586797	
767	-2.28851	3180.33	29.6494	-3.48077	-6.91447e-05	-0.561541	
768	-2.07877	3412.32	30.5189	-4.18059	-7.09195e-05	-0.534115	
769	-1.86083	3631.61	31.2626	-4.86473	-7.23603e-05	-0.506207	
770	-1.63555	3836.58	31.8829	-5.52969	-7.35145e-05	-0.476344	
771	-1.40365	4027.2	32.3721	-6.17404	-7.43067e-05	-0.446169	
772	-1.16622	4201.93	32.7335	-6.79405	-7.48047e-05	-0.414273	
773	-0.923934	4360.84	32.962	-7.38873	-7.49354e-05	-0.38222	
774	-0.677999	4502.56	33.0605	-7.95429	-7.47699e-05	-0.348696	
775	-0.429153	4627.19	33.0276	-8.49008	-7.42553e-05	-0.315165	
776	-0.178612	4733.57	32.8644	-8.99239	-7.34477e-05	-0.280425	
777	0.0727387	4821.86	32.5743	-9.46086	-7.2328e-05	-0.245832	
778	0.323799	4891.13	32.1558	-9.89201	-7.09234e-05	-0.2103	
779	0.573452	4941.59	31.617	-10.2856	-6.92541e-05	-0.175078	
780	0.820831	4972.55	30.9535	-10.6387	-6.73123e-05	-0.139193	
781	1.06454	4984.3	30.1776	-10.951	-6.51556e-05	-0.103792	
782	1.30404	4976.38	29.2828	-11.2201	-6.27425e-05	-0.0680077	
783	1.53764	4949.19	28.284	-11.4458	-6.01609e-05	-0.032895	
784	1.76514	4902.46	27.174	-11.6264	-5.7342e-05	0.00232422	
785	1.98464	4836.74	25.9689	-11.7616	-5.43964e-05	0.0366752	
786	2.19627	4751.93	24.6616	-11.8503	-5.12342e-05	0.0708603	
787	2.39795	4648.76	23.2688	-11.8923	-4.79835e-05	0.103975	
788	2.59012	4527.26	21.7843	-11.8874	-4.45375e-05	0.136661	
789	2.77062	4388.38	20.2242	-11.8353	-4.10409e-05	0.168074	
790	2.94013	4232.2	18.5845	-11.7364	-3.73675e-05	0.198806	
791	3.09649	4059.95	16.88	-11.5904	-3.3684e-05	0.228065	
792	3.24058	3871.69	15.1091	-11.3987	-2.98349e-05	0.256409	
793	3.37032	3668.98	13.2853	-11.1611	-2.60239e-05	0.283083	
794	3.48671	3451.81	11.4091	-10.8794	-2.20403e-05	0.308627	
795	3.58789	3222.06	9.49296	-10.5536	-1.8161e-05	0.33231	
796	3.67484	2979.62	7.53939	-10.1861	-1.40639e-05	0.354671	
797	3.74604	2726.68	5.55948	-9.77728	-1.01799e-05	0.374988	
798	3.8024	2463.01	3.55762	-9.32984	-5.95408e-06	0.393817	
799	3.84281	2191.11	1.54356	-8.84452	-2.15003e-06	0.410431	
800	3.86799	1910.61	-0.476709	-8.32427	2.28204e-06	0.425419	
801	3.87738	1624.27	-2.4949	-7.77033	5.86129e-06	0.438041	
802	3.87138	1331.56	-4.5035	-7.1857	1.06871e-05	0.448927	
803	3.85006	1035.5	-6.49572	-6.5722	1.37547e-05	0.457328	
804	3.81342	735.402	-8.46281	-5.93275	1.93679e-05	0.463918	
805	3.76221	434.473	-10.3991	-5.26977	2.13329e-05	0.467946	
806	3.6959	131.878	-12.2954	-4.58597	2.85358e-05	0.47012	
807	3.61604	-169.027	-14.146	-3.88444	2.81841e-05	0.469713	
808	3.5214	-469.214	-15.9427	-3.16752	3.8614e-05	0.467446	
809	3.41453	-765.239	-17.678	-2.43896	3.34724e-05	0.462648	
810	3.29311	-1058.19	-19.3473	-1.70067	5.04881e-05	0.45602	
811	3.16124	-1344.59	-20.9377	-0.957037	3.55425e-05	0.446988	
812	3.01467	-1625.62	-22.453	-0.209384	6.6052e-05	0.436192	
813	2.86032	-1897.86	-23.8692	0.537177	3.11402e-05	0.423198	
814	2.69006	-2162.52	-25.2065	1.28214	8.9341e-05	0.408538	
815	2.5165	-2416.3	-26.4191	2.01948	1.38346e-05	0.391957	
816	2.32354	-2660.43	-27.5585	2.74994	0.000128848	0.373843	
817	2.13539	-2891.81	-28.5376	3.46603	-2.92089e-05	0.354142	
818	1.91945	-3111.58	-29.4673	4.17073	0.000202218	0.333068	
819	1.72382	-3316.99	-30.1798	4.85377	-0.000123836	0.310774	
820	1.48185	-3508.99	-30.9022	5.52234	0.000345784	0.287299	
821	1.29061	-3685.35	-31.3058	6.16064	-0.000322411	0.262978	
822	1.0136	-3846.55	-31.8487	6.78422	0.000633927	0.237698	
823	0.847976	-3991.28	-31.8774	7.36581	-0.000731376	0.211916	
824	0.514359	-4119.07	-32.3159	7.93789	0.00121844	0.185442	
825	0.414194	-4230.25	-31.8505	8.4496	-0.00156739	0.158737	
826	-0.0234782	-4322.36	-32.3495	8.96775	0.00240862	0.13168	
827	0.0191912	-4398.81	-31.1564	9.39304	-0.00327156	0.104528	
828	-0.623111	-4453.13	-32.0575	9.86214	0.00483414	0.0775039	
829	-0.284115	-4494.77	-29.6638	10.1767	-0.00674184	0.0502702	
830	-1.34004	-4508.99	-31.661	10.6155	0.00977633	0.0239353	
831	-0.396526	-4517.31	-27.1025	10.7783	-0.0138053	-0.00319203	
832	-2.29587	-4488.19	-31.599	11.2322	0.0198414	-0.0280491	
833	-0.124968	-4467.38	-22.9098	11.1669	-0.0281781	-0.0552011	
834	-3.74661	-4389.15	-32.7432	11.7347	0.0403286	-0.0774536	
835	0.914478	-4348.32	-15.9213	11.2924	-0.057415	-0.105366	
836	-6.22134	-4209.58	-36.8351	12.1791	0.0820082	-0.123121	
837	3.49372	-4167.15	-3.74627	11.0625	-0.116868	-0.153733	
838	-10.8034	-3944.49	-47.3729	12.6878	0.166762	-0.163451	
839	9.17308	-3937.33	18.4961	10.2977	-0.237722	-0.201161	
840	-19.7011	-3582.44	-71.4094	13.5137	0.339028	-0.195826	
841	21.1139	-3684.08	60.7346	8.63855	-0.483293	-0.250103	
842	-37.4053	-3097.7	-123.192	15.1718	0.689015	-0.215455	
843	45.7272	-3455.44	143.123	5.35969	-0.982091	-0.306259	
844	-73.0373	-2434.57	-231.529	18.704	1.39977	-0.212977	
845	96.016	-3344.41	306.518	-1.00727	-1.99483	-0.381998	
846	-145.108	-1475.7	-454.685	26.2148	2.8426	-0.169539	
847	198.35	-3533.97	633.664	-13.4348	-4.05022	-0.503451	
848	-291.161	22.0053	-910.515	41.9528	5.77029	-0.0466111	
849	406.193	-4387.87	1292.04	-37.9366	-8.22005	-0.72516	
850	-587.309	2556.69	-1837.36	74.4944	11.7086	0.23504	
851	827.898	-6634.27	2620.42	-86.6706	-16.676	-1.1603	
852	-1187.78	7142.68	-3717.13	141.152	23.7485	0.838741	
853	1682.98	-11736.4	5303.84	-184.2	-33.8171	-2.04303	
854	-2404.98	15837.5	-7523.85	276.864	48.1495	2.10138	
855	3415.97	-22641	10726.8	-380.12	-68.5495	-3.85695	
856	-4871.42	32805.1	-15225.7	552.132	97.5826	4.71774	
857	6926.77	-45288.2	21686.5	-774.526	-138.899	-7.59966	
858	-9867.28	66460.7	-30798.1	1109.16	197.688	10.12	
859	14036.3	-91656.4	43832.1	-1569.32	-281.331	-15.3271	
860	-19982.4	133795	-62268.2	2234.73	400.325	21.2585	
861	28427.8	-185902	88568.4	-3171.64	-569.592	-31.2733	
862	-40454.5	269090	-125839	4506.88	810.348	44.2067	
863	57548.3	-376729	178912	-6402.03	-1152.75	-64.1504	
864	-81871	541477	-254202	9090.45	1639.68	91.4579	
865	116449	-762312	361294	-12913.7	-2332.05	-131.874	
866	-165626	1.09031e+06	-513298	18331.7	3316.44	188.694	
867	235538	-1.54048e+06	729353	-26036.2	-4715.9	-271.256	
868	-334936	2.19634e+06	-1.03608e+06	36955.1	6705.24	388.672	
869	476224	-3.1097e+06	1.47185e+06	-52472.3	-9532.81	-557.893	
870	-677053	4.42504e+06	-2.09054e+06	74469.7	13551.4	799.688	
871	962473	-6.27238e+06	2.9692e+06	-105711	-19262.2	-1146.91	
872	-1.36809e+06	8.91481e+06	-4.21661e+06	150008	27376.8	1643.91	
873	1.94444e+06	-1.26436e+07	5.98772e+06	-212887	-38906.1	-2356.43	
874	-2.76333e+06	1.79567e+07	-8.5018e+06	302050	55285.4	3376.77	
875	3.92671e+06	-2.54729e+07	1.20706e+07	-428563	-78552.4	-4838.41	
876	-5.57933e+06	3.61595e+07	-1.71357e+07	607959	111601	6931.38	
877	7.9267e+06	-5.12963e+07	2.43244e+07	-862420	-158537	-9928.09	
878	-1.12606e+07	7.27914e+07	-3.45254e+07	1.22321e+06	225192	14218.2	
879	1.5995e+07	-1.03255e+08	4.90004e+07	-1.73484e+06	-319839	-20358.4	
880	-2.27179e+07	1.46483e+08	-6.95378e+07	2.46017e+06	454221	29146.1	
881	3.22633e+07	-2.07759e+08	9.86743e+07	-3.48848e+06	-645002	-41719.6	
882	-4.58148e+07	2.9467e+08	-1.40007e+08	4.94607e+06	915825	59708.5	
883	6.5052e+07	-4.17869e+08	1.98634e+08	-7.01209e+06	-1.30023e+06	-85439.5	
884	-9.23578e+07	5.9255e+08	-2.81788e+08	9.94011e+06	1.84581e+06	122241	
885	1.31112e+08	-8.40144e+08	3.99716e+08	-1.40895e+07	-2.62006e+06	-174865	
886	-1.86111e+08	1.19111e+09	-5.66947e+08	1.9969e+07	3.71871e+06	250106	
887	2.64154e+08	-1.6885e+09	8.04072e+08	-2.82995e+07	-5.27754e+06	-357664	
888	-3.74887e+08	2.39341e+09	-1.14027e+09	4.01013e+07	7.48907e+06	511402	
889	5.31987e+08	-3.39224e+09	1.61691e+09	-5.68195e+07	-1.06263e+07	-731109	
890	-7.54848e+08	4.80748e+09	-2.29257e+09	8.04999e+07	1.50763e+07	1.04505e+06	
891	1.07097e+09	-6.81249e+09	3.2503e+09	-1.14039e+08	-2.13876e+07	-1.49357e+06	
892	-1.51932e+09	9.65284e+09	-4.6077e+09	1.61536e+08	3.03382e+07	2.13427e+06	
893	2.15516e+09	-1.36761e+10	6.53142e+09	-2.28793e+08	-4.30303e+07	-3.04936e+06	
894	-3.05682e+09	1.93745e+10	-9.25749e+09	3.24023e+08	6.10262e+07	4.35617e+06	
895	4.33527e+09	-2.74445e+10	1.31202e+10	-4.58848e+08	-8.65399e+07	-6.22209e+06	
896	-6.14782e+09	3.88723e+10	-1.8593e+10	6.49712e+08	1.22708e+08	8.88597e+06	
897	8.71733e+09	-5.50535e+10	2.63464e+10	-9.1988e+08	-1.73976e+08	-1.26885e+07	
898	-1.23596e+10	7.7963e+10	-3.73297e+10	1.30227e+09	2.46639e+08	1.81156e+07	
899	1.75219e+10	-1.10396e+11	5.28872e+10	-1.84344e+09	-3.49617e+08	-2.58603e+07	
900	-2.4838e+10	1.56305e+11	-7.49218e+10	2.60926e+09	4.95542e+08	3.69107e+07	
901	3.52055e+10	-2.21286e+11	1.06127e+11	-3.69287e+09	-7.02307e+08	-5.26755e+07	
902	-4.98955e+10	3.13253e+11	-1.50317e+11	5.226e+09	9.95246e+08	7.51631e+07	
903	7.07082e+10	-4.434e+11	2.12889e+11	-7.39492e+09	-1.41024e+09	-1.07236e+08	
904	-1.00193e+11	6.27559e+11	-3.01481e+11	1.0463e+10	1.99807e+09	1.52973e+08	
905	1.41958e+11	-8.88122e+11	4.26902e+11	-1.48027e+10	-2.83066e+09	-2.18186e+08	
906	-2.01114e+11	1.25675e+12	-6.04447e+11	2.09402e+10	4.00979e+09	3.11159e+08	
907	2.84894e+11	-1.77823e+12	8.55759e+11	-2.96197e+10	-5.67954e+09	-4.43686e+08	
908	-4.03534e+11	2.51584e+12	-1.21145e+12	4.18929e+10	8.04383e+09	6.32573e+08	
909	5.71525e+11	-3.55908e+12	1.71484e+12	-5.9246e+10	-1.13912e+10	-9.0175e+08	
910	-8.09372e+11	5.03446e+12	-2.42719e+12	8.37792e+10	1.613e+10	1.2853e+09	
911	1.14609e+12	-7.12076e+12	3.43515e+12	-1.1846e+11	-2.28379e+10	-1.83173e+09	
912	-1.62273e+12	1.00707e+13	-4.86126e+12	1.67482e+11	3.23323e+10	2.61012e+09	
913	2.29738e+12	-1.42414e+13	6.87885e+12	-2.36767e+11	-4.57693e+10	-3.7188e+09	
914	-3.2522e+12	2.01374e+13	-9.73295e+12	3.34683e+11	6.47843e+10	5.29769e+09	
915	4.60339e+12	-2.84717e+13	1.37701e+13	-4.73049e+11	-9.16901e+10	-7.54594e+09	
916	-6.51534e+12	4.02516e+13	-1.948e+13	6.68554e+11	1.29757e+11	1.07469e+10	
917	9.22048e+12	-5.69001e+13	2.75553e+13	-9.44769e+11	-1.83612e+11	-1.53036e+10	
918	-1.30475e+13	8.04268e+13	-3.89748e+13	1.33498e+12	2.59792e+11	2.17896e+10	
919	1.84612e+13	-1.13671e+14	5.51219e+13	-1.88617e+12	-3.67543e+11	-3.10204e+10	
920	-2.61185e+13	1.6064e+14	-7.79519e+13	2.66469e+12	5.19933e+11	4.41559e+10	
921	3.69483e+13	-2.26997e+14	1.10228e+14	-3.76419e+12	-7.35436e+11	-6.28455e+10	
922	-5.22636e+13	3.20734e+14	-1.55855e+14	5.31685e+12	1.04016e+12	8.94342e+10	
923	7.39198e+13	-4.53136e+14	2.20349e+14	-7.50925e+12	-1.471e+12	-1.27256e+11	
924	-1.04539e+14	6.40135e+14	-3.11503e+14	1.06047e+13	2.08009e+12	1.81049e+11	
925	1.47828e+14	-9.04219e+14	4.40329e+14	-1.49746e+13	-2.94109e+12	-2.57548e+11	
926	-2.09021e+14	1.27713e+15	-6.22379e+14	2.11434e+13	4.15807e+12	3.66323e+11	
927	2.95516e+14	-1.80366e+15	8.79619e+14	-2.98504e+13	-5.87805e+12	-5.20975e+11	
928	-4.17763e+14	2.54703e+15	-1.24307e+15	4.21392e+13	8.30867e+12	7.40822e+11	
929	5.90522e+14	-3.59643e+15	1.75655e+15	-5.94812e+13	-1.17432e+13	-1.05331e+12	
930	-8.34639e+14	5.07771e+15	-2.48192e+15	8.39521e+13	1.65959e+13	1.49742e+12	
931	1.17956e+15	-7.16842e+15	3.50653e+15	-1.18479e+14	-2.34514e+13	-2.12852e+12	
932	-1.66685e+15	1.0119e+16	-4.95369e+15	1.6719e+14	3.31357e+13	3.02522e+12	
933	2.35522e+15	-1.42827e+16	6.9975e+15	-2.35905e+14	-4.68144e+13	-4.29914e+12	
934	-3.32754e+15	2.01578e+16	-9.88369e+15	3.32831e+14	6.61334e+13	6.10875e+12	
935	4.7008e+15	-2.84469e+16	1.39591e+16	-4.69534e+14	-9.34153e+13	-8.67901e+12	
936	-6.64014e+15	4.01406e+16	-1.97133e+16	6.62323e+14	1.31939e+14	1.23292e+13	
937	9.37864e+15	-5.6636e+16	2.7837e+16	-9.34179e+14	-1.86331e+14	-1.75123e+13	
938	-1.32452e+16	7.99023e+16	-3.9305e+16	1.31749e+15	2.63119e+14	2.48714e+13	
939	1.87041e+16	-1.12716e+17	5.54927e+16	-1.85791e+15	-3.71516e+14	-3.53186e+13	
940	-2.64101e+16	1.5899e+17	-7.83404e+16	2.61975e+15	5.24516e+14	5.0148e+13	
941	3.72872e+16	-2.2424e+17	1.10585e+17	-3.69362e+15	-7.40452e+14	-7.11953e+13	
942	-5.26389e+16	3.16238e+17	-1.56089e+17	5.20719e+15	1.04518e+15	1.01064e+14	
943	7.43036e+16	-4.45937e+17	2.20298e+17	-7.34026e+15	-1.47517e+15	-1.43446e+14	
944	-1.04875e+17	6.28769e+17	-3.10892e+17	1.03461e+16	2.08185e+15	2.03576e+14	
945	1.48009e+17	-8.86478e+17	4.38703e+17	-1.45815e+16	-2.93775e+15	-2.88877e+14	
946	-2.08862e+17	1.24969e+18	-6.19005e+17	2.05487e+16	4.1451e+15	4.0987e+14	
947	2.94707e+17	-1.76155e+18	8.73332e+17	-2.8955e+16	-5.84806e+15	-5.81471e+14	
948	-4.15792e+17	2.48283e+18	-1.23205e+18	4.07963e+16	8.24983e+15	8.24817e+14	
949	5.86568e+17	-3.4991e+18	1.73795e+18	-5.74746e+16	-1.16368e+16	-1.16986e+15	
950	-8.27404e+17	4.93087e+18	-2.45137e+18	8.09633e+16	1.64127e+16	1.65905e+15	
951	1.167e+18	-6.94783e+18	3.45735e+18	-1.1404e+17	-2.31463e+16	-2.35252e+15	
952	-1.64583e+18	9.78888e+18	-4.87573e+18	1.60615e+17	3.26392e+16	3.33545e+15	
953	2.32087e+18	-1.37903e+19	6.87539e+18	-2.26188e+17	-4.60206e+16	-4.72851e+15	
954	-3.27246e+18	1.94256e+19	-9.69432e+18	3.18502e+17	6.48816e+16	6.70258e+15	
955	4.61375e+18	-2.73609e+19	1.36678e+19	-4.48446e+17	-9.14633e+16	-9.49967e+15	
956	-6.50413e+18	3.85342e+19	-1.92683e+19	6.31345e+17	1.28922e+17	1.34624e+16	
957	9.16812e+18	-5.42649e+19	2.71612e+19	-8.8875e+17	-1.81704e+17	-1.9076e+16	
958	-1.29219e+19	7.64098e+19	-3.82839e+19	1.25098e+18	2.56069e+17	2.7027e+16	
959	1.82108e+19	-1.07581e+20	5.39568e+19	-1.76066e+18	-3.60832e+17	-3.82876e+16	
960	-2.56619e+19	1.51454e+20	-7.60391e+19	2.47776e+18	5.08403e+17	5.42335e+16	
961	3.61578e+19	-2.13199e+20	1.07149e+20	-3.48659e+18	-7.16253e+17	-7.68113e+16	
962	-5.09414e+19	3.00086e+20	-1.50975e+20	4.90566e+18	1.00897e+18	1.08776e+17	
963	7.17622e+19	-4.2234e+20	2.12707e+20	-6.90162e+18	-1.42118e+18	-1.54024e+17	
964	-1.01083e+20	5.94343e+20	-2.99653e+20	9.7087e+18	2.00158e+18	2.18068e+17	
965	1.42368e+20	-8.36313e+20	4.22103e+20	-1.36561e+19	-2.81873e+18	-3.08706e+17	
966	-2.00494e+20	1.17668e+21	-5.94537e+20	1.92066e+19	3.96906e+18	4.36966e+17	
967	2.82324e+20	-1.6554e+21	8.37339e+20	-2.70103e+19	-5.58827e+18	-6.18443e+17	
968	-3.9751e+20	2.32866e+21	-1.17919e+21	3.79808e+19	7.86723e+18	8.75185e+17	
969	5.59634e+20	-3.27541e+21	1.66047e+21	-5.34017e+19	-1.10744e+19	-1.23837e+18	
970	-7.87798e+20	4.60661e+21	-2.33796e+21	7.50761e+19	1.55874e+19	1.75206e+18	
971	1.10887e+21	-6.4782e+21	3.29158e+21	-1.05537e+20	-2.19373e+19	-2.47854e+18	
972	-1.56063e+21	9.10927e+21	-4.63375e+21	1.48342e+20	3.08707e+19	3.50585e+18	
973	2.19622e+21	-1.28077e+22	6.52263e+21	-2.08486e+20	-4.34374e+19	-4.95839e+18	
974	-3.09033e+21	1.80058e+22	-9.18067e+21	2.92986e+20	6.11133e+19	7.01191e+18	
975	4.34799e+21	-2.53111e+22	1.29207e+22	-4.11692e+20	-8.59729e+19	-9.91474e+18	
976	-6.11683e+21	3.55766e+22	-1.81827e+22	5.78432e+20	1.20932e+20	1.40177e+19	
977	8.60437e+21	-5.00006e+22	2.55855e+22	-8.12621e+20	-1.70089e+20	-1.98161e+19	
978	-1.21022e+22	7.02655e+22	-3.59988e+22	1.14151e+21	2.39202e+20	2.80099e+19	
979	1.70203e+22	-9.87336e+22	5.06459e+22	-1.60333e+21	-3.36363e+20	-3.95871e+19	
980	-2.39343e+22	1.38721e+23	-7.1246e+22	2.25177e+21	4.72938e+20	5.5943e+19	
981	3.36535e+22	-1.94885e+23	1.00216e+23	-3.16213e+21	-6.64897e+20	-7.90472e+19	
982	-4.73143e+22	2.73758e+23	-1.40953e+23	4.44007e+21	9.34669e+20	1.1168e+20	
983	6.65134e+22	-3.84514e+23	1.98232e+23	-6.23382e+21	-1.31376e+21	-1.57767e+20	
984	-9.34931e+22	5.40024e+23	-2.78761e+23	8.75131e+21	1.8464e+21	2.22846e+20	
985	1.31402e+23	-7.58348e+23	3.91969e+23	-1.22842e+22	-2.59472e+21	-3.14733e+20	
986	-1.84663e+23	1.06483e+24	-5.511e+23	1.72414e+22	3.64593e+21	4.44457e+20	
987	2.59484e+23	-1.49501e+24	7.74765e+23	-2.41966e+22	-5.12247e+21	-6.27576e+20	
988	-3.64582e+23	2.09878e+24	-1.0891e+24	3.39539e+22	7.19621e+21	8.86038e+20	
989	5.12192e+23	-2.94606e+24	1.53084e+24	-4.76407e+22	-1.01084e+22	-1.2508e+21	
990	-7.19487e+23	4.13497e+24	-2.15154e+24	6.68376e+22	1.41975e+22	1.76552e+21	
991	1.01057e+24	-5.80306e+24	3.02363e+24	-9.37598e+22	-1.99386e+22	-2.49175e+21	
992	-1.41926e+24	8.14322e+24	-4.24881e+24	1.31512e+23	2.79982e+22	3.51631e+21	
993	1.99303e+24	-1.14259e+25	5.96989e+24	-1.84446e+23	-3.93115e+22	-4.96157e+21	
994	-2.79843e+24	1.60302e+25	-8.38735e+24	2.58657e+23	5.51901e+22	7.00002e+21	
995	3.92889e+24	-2.24874e+25	1.17826e+25	-3.62687e+23	-7.74738e+22	-9.87482e+21	
996	-5.51541e+24	3.15424e+25	-1.65508e+25	5.08503e+23	1.08743e+23	1.39286e+22	
997	7.74172e+24	-4.42389e+25	2.32464e+25	-7.12865e+23	-1.52616e+23	-1.96442e+22	
998	-1.08655e+25	6.20394e+25	-3.26477e+25	9.99248e+23	2.14166e+23	2.7702e+22	
999	1.52481e+25	-8.6993e+25	4.58466e+25	-1.40053e+24	-3.00507e+23	-3.90604e+22	
1000	-2.1396e+25	1.2197e+26	-6.43755e+25	1.96274e+24	4.2161e+23	5.50695e+22	
1001	3.00194e+25	-1.70993e+26	9.03844e+25	-2.75033e+24	-5.9145e+23	-7.76307e+22	
1002	-4.21137e+25	2.39692e+26	-1.26889e+26	3.85353e+24	8.29618e+23	1.09422e+23	
1003	5.90741e+25	-3.35956e+26	1.78121e+26	-5.39865e+24	-1.16356e+24	-1.54214e+23	
1004	-8.28558e+25	4.7083e+26	-2.50014e+26	7.56245e+24	1.63175e+24	2.17317e+23	
1005	1.16199e+26	-6.59779e+26	3.5089e+26	-1.05923e+25	-2.28807e+24	-3.06204e+23	
1006	-1.62941e+26	9.24455e+26	-4.9242e+26	1.48344e+25	3.20801e+24	4.31395e+23	
1007	2.28461e+26	-1.29516e+27	6.9097e+26	-2.07731e+25	-4.49733e+24	-6.077e+23	
1008	-3.20291e+26	1.81433e+27	-9.69483e+26	2.90859e+25	6.30413e+24	8.55955e+23	
1009	4.48982e+26	-2.54132e+27	1.36013e+27	-4.07207e+25	-8.83582e+24	-1.20548e+24	
1010	-6.2931e+26	3.55922e+27	-1.90799e+27	5.7003e+25	1.23828e+25	1.69753e+24	
1011	8.81967e+26	-4.98427e+27	2.67628e+27	-7.97867e+25	-1.73518e+25	-2.39015e+24	
1012	-1.23592e+27	6.9791e+27	-3.75355e+27	1.11664e+26	2.4312e+25	3.36494e+24	
1013	1.73174e+27	-9.77122e+27	5.26395e+27	-1.56259e+26	-3.40603e+25	-4.73674e+24	
1014	-2.42619e+27	1.36788e+28	-7.38139e+27	2.18639e+26	4.7712e+25	6.66697e+24	
1015	3.39873e+27	-1.9147e+28	1.03495e+28	-3.05886e+26	-6.6828e+25	-9.38264e+24	
1016	-4.7606e+27	2.67981e+28	-1.45098e+28	4.27898e+26	9.35922e+25	1.32029e+25	
1017	6.66741e+27	-3.75022e+28	2.03403e+28	-5.98508e+26	-1.31061e+26	-1.85763e+25	
1018	-9.33694e+27	5.24758e+28	-2.85109e+28	8.37045e+26	1.83509e+26	2.61336e+25	
1019	1.30738e+28	-7.34197e+28	3.99596e+28	-1.17051e+27	-2.56916e+26	-3.67607e+25	
1020	-1.83043e+28	1.02711e+29	-5.59998e+28	1.63663e+27	3.59649e+26	5.17031e+25	
1021	2.56243e+28	-1.43671e+29	7.84708e+28	-2.2881e+27	-5.03403e+26	-7.27103e+25	
1022	-3.58678e+28	2.00943e+29	-1.09947e+29	3.1985e+27	7.04539e+26	1.0224e+26	
1023	5.02004e+28	-2.81012e+29	1.54034e+29	-4.47061e+27	-9.85927e+26	-1.43746e+26	
1024	-7.02524e+28	3.9294e+29	-2.15777e+29	6.24789e+27	1.37955e+27	2.02076e+26	
1025	9.8303e+28	-5.49385e+29	3.02238e+29	-8.73067e+27	-1.9301e+27	-2.8404e+26	
1026	-1.37538e+29	7.68026e+29	-4.23299e+29	1.21986e+28	2.70006e+27	3.992e+26	
1027	1.92412e+29	-1.07355e+30	5.9279e+29	-1.70418e+28	-3.77675e+27	-5.6098e+26	
1028	-2.69148e+29	1.50044e+30	-8.30058e+29	2.38051e+28	5.28221e+27	7.88226e+26	
1029	3.76445e+29	-2.09684e+30	1.16217e+30	-3.32485e+28	-7.38693e+27	-1.10739e+27	
1030	-5.26457e+29	2.92993e+30	-1.62699e+30	4.64321e+28	1.03291e+28	1.55558e+27	
1031	7.36168e+29	-4.09352e+30	2.27749e+30	-6.48352e+28	-1.44416e+28	-2.18491e+27	
1032	-1.0293e+30	5.71853e+30	-3.18771e+30	9.05209e+28	2.01892e+28	3.06844e+27	
1033	1.439e+30	-7.98765e+30	4.46124e+30	-1.26367e+29	-2.82212e+28	-4.30871e+27	
1034	-2.01154e+30	1.11558e+31	-6.24288e+30	1.76385e+29	3.94442e+28	6.04952e+27	
1035	2.81157e+30	-1.55786e+31	8.73509e+30	-2.46169e+29	-5.51244e+28	-8.49258e+27	
1036	-3.92936e+30	2.17522e+31	-1.22209e+31	3.4352e+29	7.70294e+28	1.19207e+28	
1037	5.49095e+30	-3.03686e+31	1.70958e+31	-4.79307e+29	-1.07627e+29	-1.67305e+28	
1038	-7.6723e+30	4.23929e+31	-2.39127e+31	6.68681e+29	1.50363e+29	2.3478e+28	
1039	1.0719e+31	-5.91706e+31	3.34441e+31	-9.32757e+29	-2.10045e+29	-3.29425e+28	
1040	-1.49741e+31	8.25781e+31	-4.67694e+31	1.30095e+30	2.93384e+29	4.62162e+28	
1041	2.09159e+31	-1.15231e+32	6.53966e+31	-1.81425e+30	-4.09746e+29	-6.483e+28	
1042	-2.92124e+31	1.60775e+32	-9.14322e+31	2.52974e+30	5.72199e+29	9.09287e+28	
1043	4.07953e+31	-2.24291e+32	1.27818e+32	-3.52693e+30	-7.98975e+29	-1.27517e+29	
1044	-5.69651e+31	3.1286e+32	-1.78664e+32	4.91654e+30	1.11551e+30	1.78804e+29	
1045	7.95355e+31	-4.36348e+32	2.49707e+32	-6.85275e+30	-1.55729e+30	-2.50686e+29	
1046	-1.11037e+32	6.08498e+32	-3.48959e+32	9.55018e+30	2.17381e+30	3.51419e+29	
1047	1.54999e+32	-8.48456e+32	4.87604e+32	-1.33076e+31	-3.0341e+30	-4.92562e+29	
1048	-2.16345e+32	1.18289e+33	-6.81252e+32	1.85408e+31	4.23441e+30	6.90302e+29	
1049	3.0194e+32	-1.64892e+33	9.51692e+32	-2.58284e+31	-5.90899e+30	-9.67293e+29	
1050	-4.21358e+32	2.29826e+33	-1.32933e+33	3.59755e+31	8.245e+30	1.35525e+30	
1051	5.87946e+32	-3.20288e+33	1.85659e+33	-5.01022e+31	-1.15034e+31	-1.89853e+30	
1052	-8.20318e+32	4.46299e+33	-2.59267e+33	6.97663e+31	1.6048e+31	2.65925e+30	
1053	1.14442e+33	-6.21801e+33	3.62013e+33	-9.71346e+31	-2.23858e+31	-3.72426e+30	
1054	-1.59641e+33	8.66203e+33	-5.05414e+33	1.3522e+32	3.12238e+31	5.21508e+30	
1055	2.22672e+33	-1.2065e+34	7.0553e+33	-1.88212e+32	-4.3547e+31	-7.30166e+30	
1056	-3.10561e+33	1.68027e+34	-9.84757e+33	2.61933e+32	6.07285e+31	1.02217e+31	
1057	4.33099e+33	-2.33975e+34	1.37432e+34	-3.64479e+32	-8.46815e+31	-1.43073e+31	
1058	-6.03935e+33	3.25763e+34	-1.91773e+34	5.07098e+32	1.18072e+32	2.00233e+31	
1059	8.42084e+33	-4.53495e+34	2.67567e+34	-7.05421e+32	-1.64615e+32	-2.80189e+31	
1060	-1.17404e+34	6.31225e+34	-3.73268e+34	9.81165e+32	2.29487e+32	3.92015e+31	
1061	1.63673e+34	-8.78485e+34	5.20655e+34	-1.36449e+33	-3.19898e+32	-5.48394e+31	
1062	-2.28157e+34	1.22243e+35	-7.26141e+34	1.8973e+33	4.45893e+32	7.67042e+31	
1063	3.18022e+34	-1.7008e+35	1.01259e+35	-2.63778e+33	-6.21468e+32	-1.07271e+32	
1064	-4.4325e+34	2.36603e+35	-1.41184e+35	3.66669e+33	8.66115e+32	1.49997e+32	
1065	6.17743e+34	-3.29097e+35	1.96823e+35	-5.09619e+33	-1.20699e+33	-2.09709e+32	
1066	-8.6087e+34	4.57685e+35	-2.74351e+35	7.08192e+33	1.68191e+33	2.93149e+32	
1067	1.1996e+35	-6.36425e+35	3.82362e+35	-9.8399e+33	-2.34355e+33	-4.09726e+32	
1068	-1.67152e+35	8.84838e+35	-5.3282e+35	1.36698e+34	3.26528e+33	5.72576e+32	
1069	2.32893e+35	-1.23004e+36	7.42374e+35	-1.89876e+34	-4.54928e+33	-8.00032e+32	
1070	-3.24473e+35	1.70965e+36	-1.03419e+36	2.63699e+34	6.33787e+33	1.11767e+33	
1071	4.52041e+35	-2.37593e+36	1.4405e+36	-3.66168e+34	-8.82923e+33	-1.56119e+33	
1072	-6.29731e+35	3.30137e+36	-2.00613e+36	5.08374e+34	1.22994e+34	2.18037e+33	
1073	8.77228e+35	-4.5866e+36	2.79343e+36	-7.05697e+34	-1.71328e+34	-3.04463e+33	
1074	-1.22195e+36	6.37122e+36	-3.88909e+36	9.79454e+34	2.38647e+34	4.25081e+33	
1075	1.70206e+36	-8.84888e+36	5.41365e+36	-1.35919e+35	-3.32408e+34	-5.9339e+33	
1076	-2.37075e+36	1.22882e+37	-7.53463e+36	1.88585e+35	4.62995e+34	8.28207e+33	
1077	3.30206e+36	-1.70617e+37	1.04849e+37	-2.61615e+35	-6.44871e+34	-1.15576e+34	
1078	-4.5991e+36	2.36858e+37	-1.45878e+37	3.62