0	0	0	0	0	0	0	
1	0	0	0	0	0	0	
2	0	0.000244961	0	-9.69253e-08	2.4776e-25	1.89712e-09	
3	2.66785e-20	0.00235452	-1.49483e-21	-1.02641e-06	-3.09969e-19	2.06796e-08	
4	3.00585e-15	0.0118416	8.4494e-13	-5.68709e-06	-1.79316e-17	1.1708e-07	
5	1.31034e-13	0.0419874	2.88659e-11	-2.21508e-05	-3.84856e-16	4.63586e-07	
6	2.21365e-12	0.118701	4.38788e-10	-6.84831e-05	-4.81097e-15	1.45231e-06	
7	2.25311e-11	0.285854	4.19933e-09	-0.00017946	-4.18308e-14	3.84881e-06	
8	1.63651e-10	0.61051	2.92422e-08	-0.000415001	-2.77997e-13	8.99106e-06	
9	9.2689e-10	1.18745	1.60398e-07	-0.000869865	-1.49673e-12	1.90274e-05	
10	4.32196e-09	2.14241	7.28469e-07	-0.00168393	-6.7903e-12	3.71825e-05	
11	1.72076e-08	3.63353	2.83445e-06	-0.00305212	-2.67016e-11	6.80359e-05	
12	6.00454e-08	5.85062	9.68489e-06	-0.00523306	-9.29555e-11	0.000117795	
13	1.87249e-07	9.01204	2.9605e-05	-0.00855527	-2.91211e-10	0.000194539	
14	5.29755e-07	13.3591	8.21384e-05	-0.01342	-8.31705e-10	0.000308421	
15	1.37599e-06	19.1482	0.000209227	-0.0202997	-2.18832e-09	0.00047179	
16	3.31294e-06	26.6405	0.000493867	-0.0297318	-5.35025e-09	0.000699244	
17	7.45241e-06	36.0909	0.00108851	-0.0423072	-1.22426e-08	0.00100757	
18	1.57658e-05	47.7353	0.00225444	-0.058653	-2.6378e-08	0.00141556	
19	3.1541e-05	61.7776	0.00441112	-0.0794119	-5.37911e-08	0.0019438	
20	5.99545e-05	78.3778	0.00819098	-0.105216	-1.04282e-07	0.00261422	
21	0.000108722	97.6408	0.0144908	-0.136657	-1.92935e-07	0.00344967	
22	0.000188752	119.607	0.0245065	-0.174261	-3.41809e-07	0.00447334	
23	0.000314695	144.246	0.0397359	-0.218454	-5.81597e-07	0.00570821	
24	0.000505242	171.453	0.0619335	-0.269537	-9.52989e-07	0.00717638	
25	0.000783043	201.047	0.0930059	-0.327659	-1.5074e-06	0.00889848	
26	0.00117411	232.776	0.134847	-0.392806	-2.30673e-06	0.0108931	
27	0.00170666	266.319	0.189121	-0.464776	-3.42196e-06	0.0131764	
28	0.00240943	301.299	0.257021	-0.543188	-4.93047e-06	0.0157614	
29	0.00330955	337.289	0.339029	-0.627474	-6.91221e-06	0.0186583	
30	0.00443029	373.828	0.434737	-0.716894	-9.44514e-06	0.0218739	
31	0.00578888	410.433	0.542747	-0.810553	-1.26006e-05	0.0254118	
32	0.00739482	446.61	0.660695	-0.907424	-1.64389e-05	0.0292729	
33	0.00924891	481.871	0.785394	-1.00638	-2.10071e-05	0.0334556	
34	0.0113432	515.74	0.913092	-1.10621	-2.63372e-05	0.0379563	
35	0.0136617	547.767	1.03979	-1.20568	-3.24477e-05	0.0427701	
36	0.0161825	577.533	1.16157	-1.30355	-3.93464e-05	0.0478911	
37	0.0188795	604.656	1.27493	-1.39858	-4.70343e-05	0.0533133	
38	0.0217254	628.793	1.37692	-1.48962	-5.5511e-05	0.0590303	
39	0.0246933	649.639	1.46528	-1.57557	-6.47784e-05	0.0650357	
40	0.0277584	666.931	1.5384	-1.65542	-7.48439e-05	0.0713228	
41	0.0308987	680.437	1.59516	-1.72829	-8.57201e-05	0.0778838	
42	0.0340942	689.961	1.63481	-1.7934	-9.74236e-05	0.0847088	
43	0.0373261	695.33	1.65679	-1.85007	-0.00010997	0.0917849	
44	0.0405742	696.394	1.66063	-1.89774	-0.000123366	0.099095	
45	0.043815	693.021	1.64589	-1.93594	-0.000137605	0.106616	
46	0.0470192	685.093	1.61222	-1.9643	-0.000152654	0.114318	
47	0.0501506	672.504	1.55939	-1.9825	-0.000168455	0.122163	
48	0.053165	655.157	1.48739	-1.99029	-0.000184911	0.130108	
49	0.0560109	632.966	1.39644	-1.98744	-0.000201888	0.138098	
50	0.0586307	605.859	1.28699	-1.97376	-0.000219218	0.146076	
51	0.0609636	573.777	1.15964	-1.94908	-0.000236694	0.153977	
52	0.062948	536.68	1.01505	-1.91325	-0.000254081	0.161733	
53	0.0645251	494.554	0.85389	-1.8661	-0.000271115	0.169277	
54	0.0656416	447.409	0.676797	-1.80751	-0.000287517	0.17654	
55	0.0662525	395.291	0.484478	-1.73737	-0.000302995	0.183455	
56	0.0663221	338.283	0.277829	-1.65561	-0.000317256	0.189958	
57	0.0658247	276.505	0.0581136	-1.56217	-0.000330009	0.195989	
58	0.0647436	210.125	-0.172886	-1.4571	-0.000340978	0.20149	
59	0.0630699	139.351	-0.412793	-1.34047	-0.000349905	0.206406	
60	0.0608003	64.438	-0.658696	-1.21247	-0.000356558	0.21068	
61	0.0579342	-14.3156	-0.907342	-1.07337	-0.000360731	0.214259	
62	0.0544723	-96.57	-1.15543	-0.923522	-0.000362251	0.217086	
63	0.0504144	-181.947	-1.39999	-0.763416	-0.000360973	0.219107	
64	0.0457598	-270.035	-1.63862	-0.593633	-0.000356781	0.220263	
65	0.0405074	-360.391	-1.86974	-0.414871	-0.000349588	0.220499	
66	0.0346579	-452.551	-2.09258	-0.227925	-0.00033934	0.219759	
67	0.0282168	-546.031	-2.30695	-0.0336885	-0.000326011	0.217992	
68	0.0211976	-640.336	-2.51297	0.166865	-0.000309618	0.215152	
69	0.0136247	-734.963	-2.71062	0.372696	-0.000290217	0.2112	
70	0.00553487	-829.406	-2.89939	0.582715	-0.000267907	0.206103	
71	-0.00302197	-923.162	-3.07802	0.7958	-0.000242831	0.199838	
72	-0.0119848	-1015.73	-3.24447	1.01081	-0.000215162	0.192391	
73	-0.0212844	-1106.61	-3.39602	1.22662	-0.000185093	0.183752	
74	-0.0308476	-1195.32	-3.52962	1.44208	-0.000152818	0.173922	
75	-0.0406015	-1281.38	-3.64227	1.65609	-0.000118518	0.162906	
76	-0.0504764	-1364.29	-3.73144	1.86757	-8.23543e-05	0.150714	
77	-0.0604079	-1443.58	-3.7954	2.07544	-4.447e-05	0.137363	
78	-0.0703364	-1518.77	-3.83335	2.27867	-5.00219e-06	0.122871	
79	-0.0802057	-1589.4	-3.84543	2.47623	3.58962e-05	0.107264	
80	-0.0899607	-1654.99	-3.83249	2.66712	7.80336e-05	0.0905723	
81	-0.099545	-1715.07	-3.79584	2.85032	0.000121162	0.0728334	
82	-0.1089	-1769.18	-3.73688	3.02485	0.000164971	0.0540903	
83	-0.117965	-1816.88	-3.65679	3.18971	0.000209093	0.0343933	
84	-0.126679	-1857.74	-3.55634	3.34391	0.000253129	0.0138003	
85	-0.134982	-1891.33	-3.43577	3.48646	0.000296673	-0.00762412	
86	-0.142818	-1917.28	-3.29487	3.61639	0.000339343	-0.0298081	
87	-0.150132	-1935.22	-3.13309	3.73272	0.000380794	-0.0526735	
88	-0.156875	-1944.84	-2.94984	3.83454	0.000420731	-0.0761363	
89	-0.162999	-1945.85	-2.74468	3.92094	0.00045889	-0.100107	
90	-0.168453	-1938.02	-2.51763	3.99109	0.000495026	-0.12449	
91	-0.173183	-1921.16	-2.26937	4.04421	0.00052889	-0.149187	
92	-0.177132	-1895.12	-2.00129	4.0796	0.000560213	-0.174093	
93	-0.180242	-1859.8	-1.71555	4.09666	0.000588708	-0.199099	
94	-0.182453	-1815.18	-1.41493	4.09488	0.000614084	-0.224092	
95	-0.183711	-1761.24	-1.10268	4.07384	0.000636066	-0.248956	
96	-0.183969	-1698.05	-0.782239	4.03327	0.000654426	-0.273573	
97	-0.183194	-1625.7	-0.456959	3.97297	0.000669002	-0.29782	
98	-0.181365	-1544.34	-0.129901	3.89289	0.000679711	-0.321575	
99	-0.178477	-1454.16	0.196351	3.79307	0.000686548	-0.344715	
100	-0.174535	-1355.39	0.519757	3.67366	0.000689566	-0.367119	
101	-0.169555	-1248.29	0.838791	3.53493	0.000688858	-0.388664	
102	-0.163561	-1133.18	1.15232	3.37723	0.000684535	-0.409233	
103	-0.156583	-1010.39	1.45946	3.20101	0.000676709	-0.428709	
104	-0.148654	-880.312	1.75935	3.00679	0.000665484	-0.446976	
105	-0.13981	-743.353	2.05109	2.79517	0.000650958	-0.463923	
106	-0.130088	-599.97	2.33358	2.56684	0.000633228	-0.479442	
107	-0.119528	-450.65	2.60562	2.32254	0.000612399	-0.493426	
108	-0.108167	-295.921	2.86586	2.06307	0.000588588	-0.505775	
109	-0.0960462	-136.345	3.113	1.78932	0.000561933	-0.516391	
110	-0.0832041	27.4769	3.34579	1.50221	0.00053259	-0.525181	
111	-0.0696816	194.91	3.56314	1.20277	0.000500729	-0.532059	
112	-0.0555211	365.285	3.76411	0.892086	0.000466536	-0.536943	
113	-0.0407683	537.9	3.94785	0.571307	0.00043021	-0.53976	
114	-0.0254741	712.026	4.11359	0.241671	0.000391961	-0.540443	
115	-0.00969549	886.907	4.26054	-0.0955123	0.000352013	-0.538935	
116	0.0065035	1061.77	4.38789	-0.438861	0.000310605	-0.535186	
117	0.0230514	1235.82	4.49489	-0.786924	0.000267993	-0.529156	
118	0.0398699	1408.25	4.58092	-1.13819	0.000224442	-0.520814	
119	0.0568748	1578.26	4.64563	-1.49109	0.000180225	-0.510139	
120	0.0739774	1745.04	4.68906	-1.84401	0.00013561	-0.49712	
121	0.0910862	1907.79	4.71167	-2.19531	9.0852e-05	-0.481758	
122	0.108108	2065.7	4.71434	-2.54332	4.61823e-05	-0.464063	
123	0.124951	2217.99	4.69823	-2.88635	1.79759e-06	-0.444058	
124	0.141524	2363.9	4.66459	-3.22274	-4.21426e-05	-0.421776	
125	0.157739	2502.69	4.61457	-3.55082	-8.55164e-05	-0.39726	
126	0.173511	2633.62	4.54896	-3.86895	-0.000128235	-0.370566	
127	0.18876	2756	4.46817	-4.17553	-0.000170234	-0.341761	
128	0.203413	2869.17	4.37213	-4.46901	-0.00021146	-0.310921	
129	0.217398	2972.48	4.26044	-4.74788	-0.000251866	-0.278134	
130	0.230651	3065.32	4.13256	-5.0107	-0.000291392	-0.243498	
131	0.24311	3147.13	3.988	-5.25608	-0.00032997	-0.207121	
132	0.254717	3217.37	3.82652	-5.48271	-0.000367508	-0.169121	
133	0.265414	3275.53	3.64828	-5.68933	-0.000403904	-0.129625	
134	0.275147	3321.16	3.45389	-5.87475	-0.000439036	-0.0887712	
135	0.283863	3353.84	3.2443	-6.03788	-0.000472782	-0.0467049	
136	0.29151	3373.2	3.02071	-6.17767	-0.000505017	-0.00358033	
137	0.298038	3378.93	2.7844	-6.29316	-0.00053563	0.0404403	
138	0.303401	3370.75	2.53659	-6.38348	-0.000564526	0.0851878	
139	0.307556	3348.46	2.27831	-6.44782	-0.000591633	0.130486	
140	0.310467	3311.91	2.01043	-6.48551	-0.000616907	0.176154	
141	0.312099	3261	1.73368	-6.49592	-0.000640323	0.222005	
142	0.312424	3195.72	1.44872	-6.47859	-0.000661874	0.267848	
143	0.311419	3116.1	1.1563	-6.43311	-0.000681562	0.313488	
144	0.309065	3022.26	0.857306	-6.35925	-0.00069939	0.358729	
145	0.305347	2914.36	0.552839	-6.25687	-0.000715358	0.403372	
146	0.300257	2792.66	0.244166	-6.12596	-0.000729465	0.447217	
147	0.293792	2657.46	-0.0673318	-5.96666	-0.000741706	0.490066	
148	0.285959	2509.13	-0.38027	-5.77925	-0.000752079	0.531721	
149	0.27677	2348.12	-0.693376	-5.56413	-0.000760584	0.571985	
150	0.266247	2174.92	-1.00558	-5.32185	-0.000767222	0.610666	
151	0.25442	1990.09	-1.31605	-5.05312	-0.00077199	0.647575	
152	0.241329	1794.23	-1.6242	-4.75873	-0.000774873	0.682528	
153	0.227018	1588.03	-1.92961	-4.43967	-0.000775829	0.715345	
154	0.211541	1372.2	-2.23193	-4.09699	-0.000774787	0.745855	
155	0.194952	1147.49	-2.53076	-3.73189	-0.000771641	0.773891	
156	0.177313	914.723	-2.82552	-3.34568	-0.000766256	0.799296	
157	0.158687	674.748	-3.11547	-2.93976	-0.000758476	0.821919	
158	0.139137	428.459	-3.39961	-2.51563	-0.000748135	0.84162	
159	0.118731	176.785	-3.67682	-2.07487	-0.000735075	0.85827	
160	0.097536	-79.308	-3.94588	-1.61914	-0.000719154	0.871748	
161	0.0756225	-338.822	-4.20563	-1.15019	-0.000700253	0.881949	
162	0.0530639	-600.732	-4.45505	-0.669827	-0.000678282	0.888776	
163	0.0299372	-863.983	-4.69329	-0.17992	-0.000653176	0.892147	
164	0.00632414	-1127.5	-4.91968	0.317595	-0.000624892	0.891994	
165	-0.0176892	-1390.19	-5.13364	0.820724	-0.000593404	0.888262	
166	-0.0420119	-1650.95	-5.33452	1.32743	-0.000558697	0.88091	
167	-0.0665487	-1908.66	-5.5215	1.83561	-0.000520769	0.869913	
168	-0.0912005	-2162.2	-5.69343	2.34314	-0.00047963	0.855259	
169	-0.115865	-2410.45	-5.84876	2.84785	-0.000435307	0.836952	
170	-0.140435	-2652.3	-5.98556	3.34757	-0.000387851	0.815014	
171	-0.164805	-2886.65	-6.10167	3.84008	-0.000337345	0.789478	
172	-0.188862	-3112.43	-6.19485	4.32319	-0.000283913	0.760398	
173	-0.212496	-3328.56	-6.26305	4.7947	-0.000227726	0.72784	
174	-0.235593	-3534.04	-6.30463	5.25243	-0.000168999	0.691887	
175	-0.258041	-3727.87	-6.31852	5.69424	-0.000107986	0.652639	
176	-0.279728	-3909.1	-6.30431	6.11803	-4.49716e-05	0.61021	
177	-0.300546	-4076.81	-6.26216	6.52175	1.97437e-05	0.564729	
178	-0.32039	-4230.16	-6.19268	6.90342	8.58578e-05	0.516342	
179	-0.339161	-4368.33	-6.09669	7.26114	0.000153076	0.465207	
180	-0.356766	-4490.58	-5.97495	7.5931	0.000221116	0.411495	
181	-0.373116	-4596.2	-5.82802	7.89759	0.000289704	0.355393	
182	-0.388131	-4684.57	-5.65606	8.17299	0.000358566	0.297097	
183	-0.401734	-4755.12	-5.45889	8.41782	0.000427421	0.236818	
184	-0.413855	-4807.34	-5.23602	8.6307	0.000495963	0.174776	
185	-0.424427	-4840.81	-4.98688	8.81038	0.000563855	0.1112	
186	-0.433391	-4855.17	-4.71097	8.95575	0.000630729	0.0463312	
187	-0.44069	-4850.12	-4.40806	9.06581	0.000696183	-0.0195835	
188	-0.446272	-4825.44	-4.07834	9.13973	0.000759787	-0.0862889	
189	-0.45009	-4781.02	-3.7225	9.17678	0.000821098	-0.153523	
190	-0.452103	-4716.77	-3.3417	9.1764	0.000879668	-0.22102	
191	-0.452275	-4632.74	-2.93752	9.13814	0.000935055	-0.288506	
192	-0.450573	-4529.03	-2.5119	9.06174	0.00098684	-0.355708	
193	-0.446974	-4405.82	-2.06702	8.94706	0.00103463	-0.422346	
194	-0.441458	-4263.38	-1.6052	8.79412	0.00107809	-0.488142	
195	-0.434017	-4102.09	-1.12889	8.6031	0.0011169	-0.552816	
196	-0.424649	-3922.38	-0.640599	8.37433	0.00115081	-0.61609	
197	-0.413363	-3724.78	-0.14286	8.10833	0.00117963	-0.677687	
198	-0.400181	-3509.9	0.361764	7.80576	0.00120322	-0.737336	
199	-0.385134	-3278.42	0.870712	7.46745	0.00122144	-0.79477	
200	-0.368269	-3031.12	1.38146	7.09442	0.00123424	-0.849728	
201	-0.349639	-2768.85	1.89153	6.68781	0.00124157	-0.901959	
202	-0.329314	-2492.51	2.39855	6.24898	0.00124338	-0.951219	
203	-0.307366	-2203.08	2.90023	5.77938	0.00123967	-0.997275	
204	-0.283879	-1901.64	3.39438	5.28068	0.00123041	-1.0399	
205	-0.258942	-1589.28	3.87892	4.75466	0.00121562	-1.0789	
206	-0.232647	-1267.19	4.35182	4.20325	0.0011953	-1.11405	
207	-0.20509	-936.638	4.81108	3.62852	0.00116949	-1.14519	
208	-0.176373	-598.935	5.25474	3.03271	0.00113823	-1.17214	
209	-0.146598	-255.476	5.68082	2.41816	0.0011016	-1.19475	
210	-0.115873	92.2821	6.08732	1.78738	0.00105972	-1.21289	
211	-0.0843099	442.818	6.47225	1.14302	0.0010127	-1.22642	
212	-0.0520255	794.549	6.83357	0.487855	0.000960711	-1.23526	
213	-0.0191418	1145.85	7.16923	-0.175196	0.00090396	-1.23932	
214	0.0142134	1495.04	7.47716	-0.843082	0.00084268	-1.23855	
215	0.0479073	1840.43	7.75528	-1.51263	0.000777143	-1.2329	
216	0.0818018	2180.3	8.00152	-2.18058	0.000707655	-1.22236	
217	0.115755	2512.96	8.21378	-2.84356	0.000634556	-1.20693	
218	0.149621	2836.72	8.39002	-3.49816	0.000558211	-1.18665	
219	0.18325	3149.95	8.52818	-4.14095	0.000479007	-1.16157	
220	0.216492	3451.06	8.62626	-4.76849	0.000397349	-1.13175	
221	0.249193	3738.58	8.68225	-5.37741	0.000313655	-1.0973	
222	0.281198	4011.09	8.69419	-5.96441	0.00022835	-1.05832	
223	0.312348	4267.3	8.66011	-6.52634	0.000141869	-1.01496	
224	0.342485	4506.04	8.57815	-7.06021	5.46496e-05	-0.967363	
225	0.371447	4726.27	8.44657	-7.56323	-3.28651e-05	-0.915703	
226	0.399076	4927.05	8.26393	-8.03286	-0.000120228	-0.860171	
227	0.425211	5107.59	8.02925	-8.46682	-0.000206988	-0.800971	
228	0.449699	5267.24	7.74228	-8.86312	-0.000292694	-0.738325	
229	0.472394	5405.44	7.40368	-9.22003	-0.000376895	-0.672467	
230	0.49316	5521.75	7.0152	-9.53616	-0.000459145	-0.603645	
231	0.511872	5615.85	6.57981	-9.81037	-0.000539013	-0.532122	
232	0.528421	5687.49	6.10162	-10.0418	-0.000616086	-0.45817	
233	0.542717	5736.52	5.58574	-10.2299	-0.000689982	-0.382073	
234	0.554682	5762.86	5.03796	-10.3742	-0.000760354	-0.304128	
235	0.564258	5766.49	4.46438	-10.4747	-0.000826895	-0.22464	
236	0.571397	5747.47	3.87106	-10.5313	-0.000889337	-0.143922	
237	0.576068	5705.92	3.26362	-10.5443	-0.00094745	-0.0622989	
238	0.578245	5642	2.64706	-10.5138	-0.00100102	0.0198988	
239	0.577915	5555.94	2.02569	-10.4405	-0.00104987	0.102333	
240	0.575069	5448.06	1.40316	-10.3247	-0.00109379	0.184663	
241	0.569704	5318.69	0.78265	-10.1671	-0.00113259	0.266542	
242	0.561827	5168.29	0.167076	-9.96846	-0.00116607	0.347623	
243	0.551452	4997.36	-0.440696	-9.72945	-0.00119404	0.427563	
244	0.538605	4806.49	-1.03773	-9.45096	-0.0012163	0.506022	
245	0.523327	4596.37	-1.621	-9.13396	-0.00123269	0.582667	
246	0.505672	4367.76	-2.18745	-8.77953	-0.0012431	0.657174	
247	0.485714	4121.51	-2.73411	-8.38886	-0.00124745	0.729234	
248	0.463545	3858.57	-3.25823	-7.96331	-0.00124574	0.79855	
249	0.439272	3579.97	-3.75741	-7.50436	-0.00123802	0.86484	
250	0.413019	3286.82	-4.22955	-7.0137	-0.0012244	0.927838	
251	0.384925	2980.29	-4.67287	-6.49316	-0.00120507	0.987294	
252	0.355135	2661.66	-5.08573	-5.94475	-0.00118024	1.04297	
253	0.323805	2332.21	-5.46659	-5.37066	-0.00115018	1.09465	
254	0.291092	1993.31	-5.81396	-4.77322	-0.00111519	1.14213	
255	0.257155	1646.35	-6.12638	-4.15492	-0.00107562	1.1852	
256	0.222152	1292.76	-6.40266	-3.51838	-0.00103182	1.22371	
257	0.186239	933.969	-6.642	-2.86629	-0.000984175	1.25747	
258	0.149572	571.429	-6.84424	-2.20146	-0.000933087	1.28636	
259	0.112306	206.591	-7.01005	-1.52674	-0.000878958	1.31023	
260	0.0745952	-159.102	-7.14086	-0.844984	-0.000822188	1.32898	
261	0.0365968	-524.214	-7.23882	-0.159091	-0.000763173	1.34253	
262	-0.00152917	-887.329	-7.30641	0.528076	-0.000702289	1.35081	
263	-0.0396193	-1247.05	-7.34615	1.21369	-0.000639891	1.35378	
264	-0.0775072	-1601.99	-7.36009	1.89497	-0.000576309	1.35143	
265	-0.115025	-1950.81	-7.34959	2.56919	-0.000511838	1.34377	
266	-0.152005	-2292.17	-7.31512	3.23373	-0.000446744	1.33084	
267	-0.188285	-2624.77	-7.25632	3.886	-0.000381265	1.31268	
268	-0.223707	-2947.33	-7.17228	4.52353	-0.000315605	1.28937	
269	-0.258126	-3258.61	-7.0619	5.14389	-0.00024995	1.261	
270	-0.291405	-3557.4	-6.92436	5.74474	-0.000184465	1.22769	
271	-0.323421	-3842.52	-6.7595	6.32381	-0.000119312	1.18956	
272	-0.354063	-4112.82	-6.56806	6.87889	-5.46557e-05	1.14675	
273	-0.383228	-4367.22	-6.35172	7.40783	9.3213e-06	1.09943	
274	-0.41082	-4604.67	-6.11297	7.90853	7.24094e-05	1.04778	
275	-0.436745	-4824.19	-5.85482	8.379	0.000134368	0.991984	
276	-0.460913	-5024.88	-5.58041	8.81728	0.000194928	0.932263	
277	-0.483233	-5205.9	-5.29267	9.22153	0.00025381	0.868849	
278	-0.503617	-5366.49	-4.994	9.59001	0.000310742	0.801989	
279	-0.521983	-5505.99	-4.6862	9.92109	0.000365492	0.731946	
280	-0.538254	-5623.84	-4.37043	10.2133	0.000417888	0.658998	
281	-0.552365	-5719.54	-4.04734	10.4653	0.000467839	0.583435	
282	-0.564262	-5792.74	-3.71734	10.676	0.000515339	0.505557	
283	-0.573902	-5843.15	-3.38077	10.8443	0.000560448	0.425675	
284	-0.581252	-5870.6	-3.03817	10.9696	0.000603274	0.344104	
285	-0.586289	-5875.01	-2.69039	11.0512	0.000643935	0.261168	
286	-0.588996	-5856.38	-2.33865	11.0889	0.000682534	0.177195	
287	-0.589365	-5814.83	-1.98446	11.0825	0.000719138	0.0925144	
288	-0.587394	-5750.54	-1.62951	11.032	0.000753777	0.00746148	
289	-0.583093	-5663.79	-1.27548	10.9377	0.000786454	-0.0776291	
290	-0.576482	-5554.93	-0.923851	10.8	0.000817164	-0.162422	
291	-0.567598	-5424.4	-0.575675	10.6196	0.000845917	-0.246584	
292	-0.556492	-5272.7	-0.231482	10.3973	0.000872748	-0.329784	
293	-0.54323	-5100.43	0.10879	10.1339	0.000897711	-0.411694	
294	-0.527886	-4908.24	0.445758	9.83059	0.000920867	-0.491994	
295	-0.510545	-4696.86	0.780464	9.48853	0.000942254	-0.570368	
296	-0.491293	-4467.09	1.11417	9.10907	0.000961858	-0.646511	
297	-0.470217	-4219.8	1.44812	8.69365	0.000979593	-0.720122	
298	-0.447402	-3955.93	1.78326	8.24385	0.000995298	-0.790915	
299	-0.42293	-3676.5	2.12006	7.76135	0.00100874	-0.85861	
300	-0.396886	-3382.58	2.45833	7.24796	0.00101965	-0.92294	
301	-0.369352	-3075.31	2.79724	6.70558	0.00102774	-0.98365	
302	-0.340418	-2755.89	3.13535	6.13625	0.00103274	-1.0405	
303	-0.310176	-2425.59	3.47076	5.54211	0.00103443	-1.09326	
304	-0.278725	-2085.71	3.80136	4.92542	0.00103264	-1.14172	
305	-0.246174	-1737.6	4.12497	4.28854	0.00102723	-1.18569	
306	-0.212637	-1382.66	4.43957	3.63394	0.00101812	-1.22499	
307	-0.178238	-1022.3	4.74342	2.96421	0.00100527	-1.25946	
308	-0.143107	-657.971	5.03503	2.28198	0.000988641	-1.28896	
309	-0.107385	-291.123	5.31321	1.59	0.000968198	-1.31339	
310	-0.0712139	76.7809	5.57691	0.891043	0.000943917	-1.33265	
311	-0.034745	444.28	5.82519	0.187944	0.000915776	-1.34666	
312	0.00187004	809.922	6.05714	-0.51645	0.000883757	-1.35538	
313	0.0384788	1172.27	6.27176	-1.21928	0.000847847	-1.35876	
314	0.0749308	1529.9	6.46804	-1.91772	0.000808043	-1.35681	
315	0.11108	1881.43	6.64488	-2.60896	0.000764351	-1.34954	
316	0.146785	2225.49	6.80115	-3.29023	0.00071679	-1.33698	
317	0.181912	2560.74	6.93566	-3.95884	0.000665393	-1.31918	
318	0.216332	2885.9	7.04717	-4.61217	0.000610213	-1.29622	
319	0.24992	3199.69	7.13434	-5.24767	0.000551332	-1.26819	
320	0.282558	3500.92	7.1957	-5.86287	0.000488868	-1.2352	
321	0.31413	3788.39	7.22969	-6.45541	0.000422984	-1.1974	
322	0.344523	4061.01	7.23464	-7.02301	0.000353893	-1.15492	
323	0.373628	4317.69	7.2089	-7.5635	0.00028186	-1.10794	
324	0.401337	4557.42	7.15096	-8.07481	0.0002072	-1.05665	
325	0.427545	4779.25	7.05957	-8.55497	0.000130277	-1.00125	
326	0.452151	4982.3	6.93391	-9.0021	5.14896e-05	-0.941954	
327	0.475056	5165.74	6.77366	-9.41447	-2.87331e-05	-0.879006	
328	0.496164	5328.85	6.57906	-9.79044	-0.000109945	-0.812654	
329	0.515386	5470.95	6.35085	-10.1285	-0.000191693	-0.743161	
330	0.532637	5591.48	6.09024	-10.4272	-0.000273526	-0.670804	
331	0.547838	5689.95	5.79871	-10.6855	-0.000355003	-0.595868	
332	0.56092	5765.95	5.47797	-10.9021	-0.000435701	-0.518652	
333	0.57182	5819.2	5.1298	-11.0762	-0.00051522	-0.439459	
334	0.58049	5849.48	4.75598	-11.2069	-0.000593181	-0.358604	
335	0.586886	5856.67	4.35831	-11.2938	-0.000669225	-0.276404	
336	0.590981	5840.78	3.93856	-11.3364	-0.000743003	-0.193182	
337	0.592753	5801.87	3.49852	-11.3346	-0.00081417	-0.109267	
338	0.592193	5740.12	3.04005	-11.2882	-0.000882369	-0.0249859	
339	0.5893	5655.8	2.56506	-11.1976	-0.000947228	0.05933	
340	0.584081	5549.25	2.07553	-11.063	-0.00100836	0.143351	
341	0.576554	5420.91	1.57348	-10.8851	-0.00106535	0.226748	
342	0.566744	5271.31	1.06094	-10.6645	-0.00111781	0.309196	
343	0.554687	5101.04	0.539934	-10.4022	-0.00116533	0.390373	
344	0.540428	4910.78	0.0124375	-10.0992	-0.00120755	0.469963	
345	0.524023	4701.28	-0.519608	-9.75675	-0.00124412	0.547654	
346	0.505537	4473.35	-1.05427	-9.37626	-0.00127474	0.623146	
347	0.485045	4227.9	-1.58955	-8.95923	-0.00129913	0.696143	
348	0.462626	3965.86	-2.12336	-8.5073	-0.00131707	0.76636	
349	0.43837	3688.27	-2.6534	-8.02224	-0.00132831	0.833525	
350	0.412369	3396.2	-3.17711	-7.50592	-0.00133268	0.897374	
351	0.384721	3090.8	-3.69163	-6.96035	-0.00133002	0.957657	
352	0.355529	2773.24	-4.19379	-6.3876	-0.00132022	1.01414	
353	0.3249	2444.79	-4.68016	-5.78988	-0.00130325	1.0666	
354	0.292947	2106.73	-5.14715	-5.16948	-0.00127916	1.11483	
355	0.259789	1760.39	-5.59113	-4.52877	-0.0012481	1.15865	
356	0.225549	1407.15	-6.00857	-3.87022	-0.00121033	1.19788	
357	0.190361	1048.41	-6.39626	-3.19637	-0.00116616	1.23237	
358	0.154363	685.591	-6.75136	-2.50984	-0.00111602	1.26199	
359	0.117701	320.146	-7.07154	-1.8133	-0.00106037	1.28662	
360	0.0805256	-46.4711	-7.35499	-1.1095	-0.000999696	1.30618	
361	0.0429942	-412.802	-7.60037	-0.401217	-0.000934513	1.32058	
362	0.00526579	-777.389	-7.80673	0.308744	-0.000865329	1.32977	
363	-0.0324989	-1138.79	-7.97344	1.01755	-0.000792648	1.33373	
364	-0.0701395	-1495.56	-8.10006	1.72239	-0.000716959	1.33243	
365	-0.107497	-1846.3	-8.18631	2.42043	-0.000638743	1.32589	
366	-0.144416	-2189.64	-8.23206	3.10889	-0.000558469	1.31414	
367	-0.180743	-2524.21	-8.23739	3.78504	-0.000476603	1.29722	
368	-0.21633	-2848.72	-8.20269	4.4462	-0.00039361	1.27522	
369	-0.251032	-3161.9	-8.1287	5.08977	-0.000309952	1.2482	
370	-0.284709	-3462.52	-8.01659	5.7132	-0.000226089	1.2163	
371	-0.317227	-3749.41	-7.86795	6.31408	-0.000142469	1.17963	
372	-0.348459	-4021.46	-7.68468	6.89007	-5.95254e-05	1.13834	
373	-0.378284	-4277.61	-7.46884	7.43895	2.23363e-05	1.0926	
374	-0.406589	-4516.85	-7.22249	7.95859	0.000102742	1.04258	
375	-0.433267	-4738.25	-6.94752	8.44701	0.000181352	0.988492	
376	-0.45822	-4940.94	-6.64556	8.90232	0.000257858	0.930543	
377	-0.481354	-5124.1	-6.31795	9.32278	0.000331977	0.868963	
378	-0.502584	-5287.03	-5.96585	9.70677	0.000403445	0.803995	
379	-0.521828	-5429.06	-5.59037	10.0528	0.000472007	0.735894	
380	-0.53901	-5549.64	-5.1928	10.3596	0.000537413	0.664929	
381	-0.554062	-5648.26	-4.77474	10.6258	0.000599422	0.59138	
382	-0.566919	-5724.54	-4.33829	10.8505	0.000657805	0.515535	
383	-0.577527	-5778.17	-3.88598	11.0327	0.000712355	0.437692	
384	-0.585837	-5808.92	-3.42078	11.1718	0.000762897	0.35816	
385	-0.591814	-5816.68	-2.94588	11.267	0.000809296	0.27725	
386	-0.595428	-5801.42	-2.46457	11.3181	0.000851466	0.195282	
387	-0.596665	-5763.19	-1.98	11.3248	0.00088937	0.112579	
388	-0.595518	-5702.16	-1.49507	11.2869	0.000923022	0.0294664	
389	-0.591994	-5618.58	-1.01234	11.2048	0.00095248	-0.0537274	
390	-0.586111	-5512.79	-0.534039	11.0786	0.000977843	-0.136675	
391	-0.577895	-5385.22	-0.0620655	10.9088	0.00099924	-0.21905	
392	-0.567389	-5236.4	0.401936	10.6962	0.00101682	-0.300528	
393	-0.554641	-5066.91	0.856533	10.4417	0.00103075	-0.380791	
394	-0.539713	-4877.45	1.30047	10.1461	0.00104118	-0.459524	
395	-0.522673	-4668.77	1.73268	9.81083	0.00104827	-0.536418	
396	-0.503599	-4441.69	2.15224	9.43714	0.00105214	-0.611175	
397	-0.482573	-4197.13	2.55843	9.02656	0.0010529	-0.683501	
398	-0.459686	-3936.03	2.95066	8.58075	0.00105064	-0.753113	
399	-0.43503	-3659.44	3.32845	8.10149	0.00104539	-0.819741	
400	-0.408702	-3368.43	3.69132	7.59068	0.00103721	-0.883121	
401	-0.380803	-3064.14	4.03871	7.05036	0.0010261	-0.943005	
402	-0.351438	-2747.77	4.36991	6.48264	0.00101209	-0.999158	
403	-0.320714	-2420.56	4.68399	5.88975	0.000995182	-1.05136	
404	-0.288746	-2083.79	4.97982	5.27399	0.000975416	-1.09939	
405	-0.255653	-1738.79	5.25615	4.63777	0.000952833	-1.14308	
406	-0.22156	-1386.91	5.51167	3.98355	0.0009275	-1.18224	
407	-0.1866	-1029.55	5.74514	3.31388	0.000899509	-1.21672	
408	-0.150908	-668.119	5.95551	2.63136	0.000868975	-1.24638	
409	-0.114627	-304.056	6.14199	1.93866	0.000836032	-1.2711	
410	-0.0779029	61.1949	6.30408	1.23848	0.000800826	-1.29079	
411	-0.040884	426.18	6.44157	0.533563	0.000763504	-1.30537	
412	-0.00372013	789.446	6.55448	-0.173302	0.000724208	-1.31478	
413	0.0334387	1149.55	6.64301	-0.879323	0.000683061	-1.31899	
414	0.0704437	1505.05	6.70749	-1.5817	0.000640164	-1.31798	
415	0.107148	1854.54	6.74831	-2.27764	0.000595591	-1.31175	
416	0.143406	2196.64	6.76597	-2.96437	0.000549392	-1.30034	
417	0.179078	2529.99	6.76108	-3.63917	0.000501593	-1.28378	
418	0.214025	2853.27	6.73434	-4.29933	0.000452208	-1.26214	
419	0.248113	3165.21	6.68664	-4.94224	0.000401236	-1.23551	
420	0.28121	3464.59	6.61897	-5.56536	0.000348679	-1.204	
421	0.31319	3750.23	6.53246	-6.16622	0.000294539	-1.16773	
422	0.343931	4021.01	6.42826	-6.74245	0.00023883	-1.12683	
423	0.373316	4275.87	6.30744	-7.29181	0.00018158	-1.08148	
424	0.401233	4513.82	6.17092	-7.81214	0.000122836	-1.03186	
425	0.427576	4733.91	6.01933	-8.30142	6.2672e-05	-0.978148	
426	0.452244	4935.29	5.85295	-8.75777	1.18656e-06	-0.920568	
427	0.475146	5117.17	5.67171	-9.17941	-6.1492e-05	-0.859346	
428	0.496193	5278.83	5.47522	-9.56473	-0.000125207	-0.794721	
429	0.515306	5419.63	5.2628	-9.91224	-0.000189773	-0.726949	
430	0.53241	5539	5.03366	-10.2206	-0.000254977	-0.656297	
431	0.547441	5636.47	4.78701	-10.4887	-0.000320575	-0.583044	
432	0.560339	5711.65	4.52219	-10.7153	-0.000386293	-0.507478	
433	0.571052	5764.23	4.2388	-10.8998	-0.000451823	-0.429897	
434	0.579537	5794	3.93678	-11.0412	-0.000516824	-0.350608	
435	0.585756	5800.83	3.61649	-11.1391	-0.000580923	-0.269924	
436	0.589682	5784.68	3.27865	-11.1931	-0.000643726	-0.188164	
437	0.591295	5745.62	2.92434	-11.203	-0.000704829	-0.105653	
438	0.590585	5683.81	2.55492	-11.1686	-0.000763836	-0.022717	
439	0.587551	5599.48	2.17191	-11.0902	-0.000820374	0.0603137	
440	0.582204	5492.97	1.77693	-10.9679	-0.000874105	0.14311	
441	0.574562	5364.71	1.37157	-10.8023	-0.000924729	0.225344	
442	0.564655	5215.21	0.957381	-10.594	-0.000971988	0.306689	
443	0.552521	5045.07	0.535778	-10.3439	-0.00101565	0.386824	
444	0.538209	4854.98	0.108089	-10.053	-0.00105549	0.465432	
445	0.521776	4645.69	-0.324438	-9.72231	-0.0010913	0.542202	
446	0.503285	4418.04	-0.760596	-9.35332	-0.00112287	0.61683	
447	0.482809	4172.93	-1.19916	-8.94747	-0.00114996	0.689023	
448	0.46043	3911.34	-1.63882	-8.50641	-0.00117235	0.758495	
449	0.436234	3634.29	-2.0782	-8.0319	-0.00118984	0.824973	
450	0.410319	3342.88	-2.51574	-7.52585	-0.00120223	0.888192	
451	0.382786	3038.26	-2.94978	-6.99029	-0.00120937	0.947904	
452	0.353745	2721.62	-3.37849	-6.42736	-0.00121115	1.00387	
453	0.323311	2394.22	-3.79996	-5.83929	-0.00120749	1.05587	
454	0.291603	2057.34	-4.21216	-5.22841	-0.00119835	1.1037	
455	0.258746	1712.29	-4.61303	-4.59712	-0.00118374	1.14717	
456	0.224867	1360.45	-5.00047	-3.94793	-0.00116367	1.18611	
457	0.190097	1003.19	-5.37236	-3.28337	-0.00113819	1.22035	
458	0.15457	641.918	-5.72661	-2.60605	-0.00110737	1.24978	
459	0.118422	278.068	-6.06111	-1.91864	-0.00107132	1.27425	
460	0.0817899	-86.9259	-6.37376	-1.22383	-0.00103014	1.29369	
461	0.0448149	-451.618	-6.66245	-0.524335	-0.000984	1.30801	
462	0.00763963	-814.562	-6.92509	0.177079	-0.000933087	1.31714	
463	-0.0295907	-1174.32	-7.15961	0.877656	-0.000877634	1.32106	
464	-0.0667287	-1529.46	-7.36404	1.57463	-0.000817918	1.31975	
465	-0.103625	-1878.57	-7.53655	2.26524	-0.000754258	1.31321	
466	-0.140129	-2220.28	-7.67559	2.94676	-0.000687011	1.30146	
467	-0.17609	-2553.21	-7.77994	3.61647	-0.000616559	1.28455	
468	-0.21136	-2876.05	-7.84881	4.27171	-0.000543302	1.26254	
469	-0.245794	-3187.52	-7.88185	4.90989	-0.000467643	1.23553	
470	-0.279249	-3486.4	-7.87922	5.52845	-0.000389975	1.20362	
471	-0.311592	-3771.5	-7.84142	6.12493	-0.000310673	1.16693	
472	-0.342693	-4041.69	-7.76929	6.69698	-0.000230093	1.1256	
473	-0.372432	-4295.92	-7.66379	7.24231	-0.000148567	1.07981	
474	-0.400693	-4533.18	-7.52593	7.75877	-6.64133e-05	1.02972	
475	-0.427368	-4752.54	-7.35658	8.24432	1.60571e-05	0.975549	
476	-0.452357	-4953.15	-7.15643	8.69705	9.8535e-05	0.917493	
477	-0.475564	-5134.21	-6.92596	9.1152	0.000180704	0.855787	
478	-0.4969	-5295.02	-6.66547	9.49713	0.000262239	0.790672	
479	-0.516281	-5434.94	-6.37515	9.84135	0.000342798	0.722406	
480	-0.533633	-5553.42	-6.05521	10.1465	0.000422028	0.651258	
481	-0.548886	-5649.98	-5.706	10.4115	0.000499561	0.577508	
482	-0.561979	-5724.26	-5.32813	10.6352	0.000575017	0.501447	
483	-0.572859	-5775.94	-4.92257	10.8168	0.000648007	0.423376	
484	-0.58148	-5804.81	-4.49067	10.9556	0.000718138	0.343604	
485	-0.587806	-5810.76	-4.03423	11.0511	0.000785016	0.262447	
486	-0.59181	-5793.75	-3.55541	11.1028	0.000848256	0.180225	
487	-0.59347	-5753.84	-3.05676	11.1106	0.000907488	0.0972655	
488	-0.592778	-5691.18	-2.54109	11.0745	0.000962365	0.0138971	
489	-0.589732	-5606.01	-2.01144	10.9945	0.00101257	-0.0695492	
490	-0.58434	-5498.67	-1.47097	10.871	0.00105784	-0.152742	
491	-0.57662	-5369.58	-0.922936	10.7043	0.00109792	-0.235351	
492	-0.5666	-5219.24	-0.37063	10.4953	0.00113263	-0.317048	
493	-0.554318	-5048.25	0.182673	10.2446	0.00116183	-0.397509	
494	-0.539822	-4857.3	0.733731	9.95334	0.00118543	-0.476414	
495	-0.523172	-4647.13	1.27935	9.62255	0.00120339	-0.55345	
496	-0.504436	-4418.58	1.81641	9.2536	0.00121571	-0.628313	
497	-0.483691	-4172.57	2.34188	8.84793	0.00122246	-0.700705	
498	-0.461024	-3910.06	2.85283	8.40718	0.00122373	-0.770339	
499	-0.436528	-3632.1	3.34652	7.93312	0.00121964	-0.83694	
500	-0.410304	-3339.79	3.82039	7.42763	0.00121036	-0.900245	
501	-0.382459	-3034.27	4.27214	6.89274	0.00119606	-0.960002	
502	-0.353105	-2716.77	4.69979	6.33059	0.00117691	-1.01597	
503	-0.322361	-2388.52	5.10168	5.74343	0.0011531	-1.06794	
504	-0.290349	-2050.82	5.47652	5.13359	0.00112481	-1.1157	
505	-0.257194	-1705	5.82332	4.5035	0.00109222	-1.15905	
506	-0.223029	-1352.41	6.14139	3.85566	0.00105552	-1.19783	
507	-0.187985	-994.442	6.43021	3.19262	0.0010149	-1.23189	
508	-0.152199	-632.5	6.68938	2.51701	0.000970539	-1.26108	
509	-0.115811	-268.008	6.91852	1.83149	0.000922657	-1.2853	
510	-0.078963	97.6005	7.11721	1.13876	0.000871477	-1.30444	
511	-0.041798	462.883	7.28495	0.441532	0.000817242	-1.31842	
512	-0.00446274	826.399	7.4212	-0.257444	0.000760217	-1.3272	
513	0.0328949	1186.71	7.52539	-0.955423	0.000700687	-1.33073	
514	0.0701253	1542.4	7.59701	-1.64966	0.000638956	-1.329	
515	0.107078	1892.04	7.63573	-2.33742	0.000575344	-1.32201	
516	0.143603	2234.27	7.64141	-3.01598	0.000510177	-1.30979	
517	0.179552	2567.71	7.61424	-3.68267	0.000443778	-1.29238	
518	0.214777	2891.05	7.55472	-4.33484	0.000376459	-1.26986	
519	0.249136	3203.01	7.46367	-4.96991	0.000308508	-1.24231	
520	0.28249	3502.34	7.3422	-5.58534	0.000240186	-1.20984	
521	0.314707	3787.87	7.19169	-6.17868	0.000171723	-1.17258	
522	0.34566	4058.47	7.01366	-6.74757	0.000103318	-1.13068	
523	0.375229	4313.06	6.80979	-7.28974	3.51488e-05	-1.0843	
524	0.403302	4550.64	6.58182	-7.80302	-3.26196e-05	-1.03362	
525	0.429771	4770.28	6.33154	-8.28537	-9.98234e-05	-0.978856	
526	0.454537	4971.11	6.06071	-8.73488	-0.000166291	-0.920209	
527	0.477503	5152.35	5.7711	-9.14976	-0.000231836	-0.857916	
528	0.498584	5313.29	5.46437	-9.52837	-0.000296259	-0.792221	
529	0.517697	5453.29	5.14212	-9.86922	-0.000359344	-0.723384	
530	0.534767	5571.8	4.80578	-10.171	-0.000420869	-0.651675	
531	0.549726	5668.36	4.45663	-10.4324	-0.00048061	-0.577378	
532	0.562516	5742.59	4.09581	-10.6526	-0.000538347	-0.500786	
533	0.573083	5794.2	3.72429	-10.8306	-0.000593865	-0.422202	
534	0.581384	5822.97	3.34295	-10.9657	-0.000646964	-0.341935	
535	0.587386	5828.79	2.95263	-11.0575	-0.000697452	-0.260304	
536	0.591061	5811.64	2.55419	-11.1055	-0.000745152	-0.177631	
537	0.592394	5771.57	2.14863	-11.1096	-0.000789904	-0.094244	
538	0.591379	5708.74	1.73708	-11.0698	-0.000831564	-0.0104718	
539	0.588019	5623.38	1.32087	-10.9862	-0.00087001	0.0733537	
540	0.582329	5515.83	0.901504	-10.8591	-0.000905145	0.156901	
541	0.574332	5386.5	0.480616	-10.6889	-0.00093689	0.23984	
542	0.564064	5235.91	0.0599273	-10.4765	-0.000965189	0.321841	
543	0.551567	5064.65	-0.358821	-10.2225	-0.000990002	0.402582	
544	0.536895	4873.38	-0.77392	-9.92805	-0.0010113	0.481741	
545	0.52011	4662.87	-1.18372	-9.59416	-0.00102906	0.559007	
546	0.501281	4433.94	-1.58666	-9.22219	-0.00104328	0.634072	
547	0.480487	4187.51	-1.98125	-8.8136	-0.00105395	0.706642	
548	0.457809	3924.55	-2.36606	-8.37001	-0.0010611	0.776428	
549	0.43334	3646.09	-2.73976	-7.89316	-0.00106474	0.843154	
550	0.407174	3353.26	-3.10108	-7.38495	-0.00106492	0.906559	
551	0.379415	3047.19	-3.44891	-6.84741	-0.0010617	0.966391	
552	0.35017	2729.11	-3.78233	-6.28266	-0.00105514	1.02242	
553	0.319554	2400.26	-4.10066	-5.69295	-0.00104531	1.07441	
554	0.287684	2061.95	-4.4035	-5.08064	-0.00103227	1.12217	
555	0.254686	1715.5	-4.69076	-4.44814	-0.00101608	1.16552	
556	0.220689	1362.29	-4.96257	-3.79798	-0.00099676	1.20427	
557	0.185828	1003.69	-5.21923	-3.13273	-0.000974344	1.23827	
558	0.15024	641.122	-5.46105	-2.45503	-0.000948839	1.2674	
559	0.114067	276.006	-5.68824	-1.76754	-0.000920247	1.29154	
560	0.0774532	-90.2229	-5.90078	-1.07299	-0.000888562	1.31059	
561	0.0405424	-456.125	-6.09829	-0.374119	-0.000853777	1.32447	
562	0.0034812	-820.26	-6.28004	0.326334	-0.000815886	1.33314	
563	-0.0335846	-1181.2	-6.44498	1.02561	-0.000774893	1.33655	
564	-0.0705096	-1537.51	-6.59176	1.72096	-0.000730811	1.3347	
565	-0.10715	-1887.8	-6.71895	2.40965	-0.000683678	1.32759	
566	-0.143362	-2230.67	-6.82509	3.08897	-0.000633556	1.31525	
567	-0.179006	-2564.78	-6.90885	3.75626	-0.000580539	1.29773	
568	-0.213944	-2888.8	-6.9691	4.40888	-0.000524754	1.27509	
569	-0.24804	-3201.45	-7.00492	5.04425	-0.000466358	1.24743	
570	-0.281163	-3501.49	-7.01562	5.65986	-0.000405537	1.21485	
571	-0.313185	-3787.73	-7.00066	6.25326	-0.000342493	1.17749	
572	-0.343982	-4059.04	-6.95964	6.82211	-0.000277441	1.13548	
573	-0.373432	-4314.34	-6.89219	7.36413	-0.000210605	1.08901	
574	-0.401422	-4552.64	-6.79804	7.87716	-0.000142213	1.03824	
575	-0.42784	-4772.98	-6.67695	8.35915	-7.25008e-05	0.983384	
576	-0.452582	-4974.5	-6.52881	8.80819	-1.71251e-06	0.924656	
577	-0.475549	-5156.4	-6.35368	9.22248	6.98936e-05	0.862287	
578	-0.49665	-5317.98	-6.15181	9.60037	0.000142044	0.796524	
579	-0.5158	-5458.59	-5.92369	9.94036	0.000214448	0.727625	
580	-0.532924	-5577.69	-5.67002	10.2411	0.000286803	0.655863	
581	-0.547952	-5674.82	-5.39168	10.5014	0.000358794	0.58152	
582	-0.560827	-5749.59	-5.08969	10.7202	0.000430105	0.504891	
583	-0.571497	-5801.72	-4.7651	10.8967	0.000500418	0.426275	
584	-0.579921	-5830.99	-4.41898	11.0302	0.000569419	0.345984	
585	-0.586065	-5837.3	-4.05239	11.1202	0.0006368	0.264333	
586	-0.589904	-5820.61	-3.66636	11.1663	0.000702259	0.181644	
587	-0.591424	-5781	-3.26196	11.1683	0.000765495	0.0982409	
588	-0.590617	-5718.62	-2.84029	11.1263	0.000826209	0.0144534	
589	-0.587486	-5633.7	-2.40257	11.0404	0.000884099	-0.0693894	
590	-0.582043	-5526.58	-1.95015	10.9109	0.000938858	-0.152957	
591	-0.574309	-5397.68	-1.48455	10.7384	0.000990177	-0.235922	
592	-0.564314	-5247.49	-1.00749	10.5235	0.00103774	-0.317955	
593	-0.552097	-5076.61	-0.520836	10.267	0.00108124	-0.398734	
594	-0.537706	-4885.71	-0.0266615	9.97	0.00112038	-0.47794	
595	-0.521197	-4675.54	0.472802	9.63359	0.00115485	-0.555261	
596	-0.502634	-4446.93	0.975151	9.25909	0.00118439	-0.630391	
597	-0.482089	-4200.77	1.47782	8.84796	0.00120877	-0.703036	
598	-0.459642	-3938.05	1.9781	8.40181	0.00122778	-0.772907	
599	-0.435378	-3659.81	2.47319	7.9224	0.00124126	-0.83973	
