0	0	0	0	0	0	0	
1	0	0	0	0	0	0	
2	0	0	0.330654	-0.000222746	-0.000865795	-1.11071e-06	
3	1.65045e-05	-0.00333223	3.44937	-0.00244389	-0.0087039	-3.06993e-05	
4	0.0598777	-0.0661179	15.6734	-0.0115524	-0.0375986	-0.000267821	
5	1.00877	-0.548785	40.7356	-0.0305518	-0.0911145	-0.00124471	
6	6.55244	-2.62515	68.2155	-0.0495442	-0.139019	-0.00423295	
7	22.7649	-8.20484	83.5635	-0.051175	-0.156216	-0.0122349	
8	49.185	-17.6351	92.7181	-0.032803	-0.17701	-0.0281986	
9	74.077	-26.3898	106.495	-0.00275702	-0.219721	-0.0476145	
10	88.1569	-27.2169	108.626	0.0389986	-0.206748	-0.0581305	
11	95.8778	-19.4655	89.4708	0.0817115	-0.112785	-0.055581	
12	107.442	-12.2287	82.3668	0.0955169	-0.0684544	-0.0530556	
13	123.484	-11.565	103.959	0.0831115	-0.120596	-0.061099	
14	130.594	-10.6293	115.458	0.0774233	-0.122414	-0.0681844	
15	126.898	-2.86347	101.777	0.0683039	-0.0450254	-0.0611292	
16	128.694	5.22342	99.3117	0.0346798	-0.0283066	-0.0478742	
17	132.066	7.9801	110.113	0.0131209	-0.0450679	-0.0346187	
18	127.978	9.38766	108.162	0.0141482	-0.000418165	-0.0162554	
19	129.56	8.14882	113.072	-0.00680385	0.000738956	-0.00223415	
20	132.513	1.0316	133.528	-0.0323454	-0.0537565	-0.00174781	
21	125.865	-3.53984	135.195	-0.0252476	-0.0191219	-0.000892158	
22	123.351	-2.16673	131.523	-0.0205817	0.020917	0.00641082	
23	127.821	-3.63327	148.726	-0.0287731	-0.0271565	0.00794954	
24	128.879	-8.25131	155.746	-0.0218918	-0.0256354	0.00598387	
25	131.625	-11.398	150.104	-0.0184447	0.00942042	0.00870177	
26	139.155	-16.2682	154.101	-0.0220019	-0.0124847	0.00499272	
27	135.575	-20.011	147.085	-0.00652862	0.00616957	-0.0034079	
28	125.748	-15.465	134.441	0.0079904	0.0445296	0.000824643	
29	130.415	-10.4274	139.265	0.0120964	0.0124363	0.00443773	
30	133.139	-11.4003	138.502	0.0273596	0.00275738	-0.0017132	
31	129.466	-9.81558	126.09	0.0308015	0.0397914	0.00393603	
32	132.441	-5.59786	120.498	0.0113527	0.044368	0.0156743	
33	126.276	-4.39316	116.046	-8.13415e-05	0.045876	0.0170625	
34	119.417	-1.99686	110.673	-0.00660756	0.0683214	0.020233	
35	120.066	0.445081	109.303	-0.0153709	0.0696763	0.0263229	
36	114.593	-0.666682	104.313	-0.0201693	0.0723179	0.0292481	
37	108.648	-1.65147	95.7218	-0.0286202	0.0990325	0.0376706	
38	99.6222	-2.80468	92.0502	-0.030631	0.105042	0.0449284	
39	90.6481	-4.82983	89.4852	-0.0268373	0.101209	0.0421414	
40	82.2965	-5.51834	82.636	-0.0305369	0.119409	0.0413854	
41	69.9868	-5.71067	77.684	-0.0260475	0.122572	0.0433262	
42	64.857	-6.12695	73.9855	-0.0137836	0.112591	0.0393214	
43	52.5881	-6.67537	66.4665	-0.0108873	0.11772	0.0360108	
44	38.0371	-6.17084	59.5576	-0.0125803	0.111253	0.0359205	
45	33.635	-4.12751	51.1359	-0.0102725	0.0997332	0.0326218	
46	24.4866	-3.42581	37.9506	-0.00667763	0.10909	0.0265669	
47	17.6701	-3.70419	28.7259	-0.00585541	0.100514	0.0221882	
48	8.28991	-1.75005	21.2284	-0.00490144	0.0758251	0.023437	
49	-0.5913	0.904837	7.366	-0.00710436	0.079987	0.0265923	
50	-1.22538	0.906671	-3.7062	-0.0104392	0.0772809	0.0250587	
51	-9.91882	0.740874	-10.4033	-0.00796421	0.0647107	0.023868	
52	-14.892	2.68885	-21.2555	-0.0121403	0.0810416	0.0243093	
53	-17.9846	2.42389	-29.5875	-0.0175803	0.0822128	0.0217569	
54	-24.6664	0.267917	-35.2428	-0.0132921	0.0736837	0.0225735	
55	-27.9622	0.611082	-45.7337	-0.015747	0.0943205	0.0280162	
56	-38.6944	1.10671	-55.7841	-0.0219858	0.107245	0.0299198	
57	-48.8477	0.0943979	-63.1826	-0.0174849	0.1075	0.0296758	
58	-60.5155	0.238212	-69.3834	-0.00773639	0.110808	0.0305025	
59	-72.3272	1.06364	-74.4335	-0.00106582	0.108043	0.0274999	
60	-76.966	0.855163	-80.8733	0.00506302	0.103387	0.0217015	
61	-92.1325	1.8473	-87.6698	0.0140426	0.101281	0.0211866	
62	-103.569	4.90206	-92.7962	0.0146142	0.0922203	0.0211873	
63	-105.767	6.73213	-97.0205	0.00786055	0.0731679	0.01462	
64	-116.452	8.7641	-104.42	0.00575031	0.0655298	0.0124857	
65	-124.571	12.4139	-113.622	0.00223464	0.0561911	0.016415	
66	-126.862	12.6674	-118.155	-0.00261671	0.0279593	0.011457	
67	-130.62	11.1488	-122.178	-0.00394694	0.0158472	0.00432427	
68	-133.531	12.6681	-128.636	-0.00686848	0.00916439	0.0068377	
69	-132.621	13.0479	-132.703	-0.010537	-0.00932582	0.0050575	
70	-128.743	10.5982	-135.056	-0.0108649	-0.0104353	-0.00288105	
71	-124.812	10.1635	-137.579	-0.0111989	-0.00819541	0.000263679	
72	-123.367	10.6461	-139.859	-0.0160264	-0.0136265	0.00692178	
73	-123.716	8.17407	-142.037	-0.0180379	-0.00360895	0.00269384	
74	-121.655	5.59416	-143.215	-0.0144676	0.00802103	-0.000474259	
75	-122.072	5.15051	-143.449	-0.0131457	0.0114458	0.00382307	
76	-126.167	4.22097	-143.074	-0.00779283	0.0201664	0.00245505	
77	-127.44	2.95964	-140.747	0.00277399	0.0188806	-0.00241483	
78	-128.039	2.73672	-138.559	0.00813911	0.00983486	-0.000124563	
79	-130.322	3.18538	-136.94	0.0121012	0.0129712	0.000583679	
80	-133.125	4.61186	-132.396	0.0158838	0.00859589	-0.00468276	
81	-134.741	5.85009	-128.268	0.0154292	-0.00932859	-0.0066628	
82	-134.336	6.5332	-125.099	0.0152529	-0.0223932	-0.00845466	
83	-131.578	8.09401	-119.335	0.014972	-0.0356167	-0.0132454	
84	-128.53	8.88132	-115.753	0.0121067	-0.0559902	-0.01547	
85	-125.845	8.39342	-113.896	0.00856702	-0.0721029	-0.0180775	
86	-118.865	8.85891	-107.386	0.00509134	-0.0856973	-0.0215725	
87	-109.112	9.39694	-100.84	0.00231502	-0.10415	-0.0227035	
88	-98.8926	8.33046	-98.4938	-0.000354902	-0.108499	-0.0248801	
89	-88.4811	6.80406	-92.0652	-0.00122498	-0.110737	-0.0262932	
90	-78.1059	6.13525	-82.0522	0.000529884	-0.124366	-0.0255224	
91	-67.0161	5.04977	-77.3243	0.000206331	-0.115102	-0.0256979	
92	-56.784	2.79863	-70.8158	0.000553537	-0.101391	-0.0261265	
93	-47.2113	1.82634	-59.6897	0.00615543	-0.105521	-0.0280479	
94	-38.8057	2.13666	-52.6229	0.0112776	-0.094384	-0.0279252	
95	-30.5038	1.36555	-44.9667	0.0128815	-0.0805696	-0.0234484	
96	-24.349	0.400711	-34.2751	0.0165356	-0.0847421	-0.0231102	
97	-20.0554	0.550649	-27.3242	0.0212302	-0.0804838	-0.0240321	
98	-13.3695	1.05212	-19.7404	0.0194469	-0.0696212	-0.0228059	
99	-8.99494	1.19671	-7.94674	0.0170296	-0.076048	-0.0272052	
100	-3.62015	1.35766	1.11109	0.0192169	-0.0830517	-0.0319652	
101	3.26759	2.0026	9.47273	0.017282	-0.0814179	-0.0322246	
102	8.85717	2.18658	21.7742	0.0136102	-0.0881022	-0.0336086	
103	16.7532	1.36848	31.5206	0.0112291	-0.0928885	-0.034432	
104	23.5168	0.135607	39.6184	0.00421129	-0.0941601	-0.0344015	
105	32.2535	-1.31437	50.4914	0.00110285	-0.105278	-0.0353224	
106	41.854	-2.68975	57.257	0.00389469	-0.113422	-0.0347569	
107	51.7465	-4.43193	59.5154	0.00115205	-0.116152	-0.0350416	
108	63.8643	-6.73728	64.3922	0.000324173	-0.12507	-0.0363681	
109	72.1347	-7.66085	68.8637	0.00554647	-0.125532	-0.0348453	
110	84.1374	-7.61934	69.9287	0.00142804	-0.110369	-0.03242	
111	97.7142	-9.17653	75.3524	-0.00723513	-0.0973512	-0.0312063	
112	105.309	-10.6407	87.0997	-0.00494749	-0.079753	-0.028301	
113	111.22	-10.617	99.1214	0.000208258	-0.0546276	-0.0221576	
114	115.421	-12.1958	111.166	0.00459328	-0.0389621	-0.0165794	
115	116.88	-14.2309	123.621	0.0182814	-0.02812	-0.0115995	
116	114.455	-12.6341	132.164	0.0340614	-0.0241512	-0.00335027	
117	115.699	-9.91383	134.923	0.0438276	-0.0322034	0.00258127	
118	119.465	-8.13294	134.577	0.0521213	-0.0436504	0.00377712	
119	120.952	-3.86685	131.805	0.050833	-0.0525931	0.00611163	
120	127.513	1.49653	127.645	0.0351608	-0.0505549	0.00560122	
121	133.764	3.8181	126.638	0.0167023	-0.0381905	7.40424e-05	
122	137.496	4.58119	128.389	-0.00468123	-0.0190624	-0.00644608	
123	139.828	4.68504	132.942	-0.0274534	0.000848858	-0.015701	
124	138.523	2.22645	141.705	-0.0385153	0.0122828	-0.0226733	
125	135.884	-2.28831	149.426	-0.0399735	0.018191	-0.0221774	
126	131.604	-6.79816	154.035	-0.0357628	0.0150625	-0.0208915	
127	129.687	-9.63937	156.054	-0.02373	0.0046506	-0.0168748	
128	131.057	-11.0695	152.186	-0.0139391	0.00189043	-0.00413384	
129	134.091	-12.2346	142.335	-0.0105445	0.00801046	0.00736317	
130	135.817	-12.3938	130.183	-0.00515722	0.0210829	0.0122304	
131	134.674	-11.9578	117.878	-0.00395328	0.0434888	0.019456	
132	131.175	-13.0295	106.367	-0.0133738	0.0664532	0.0274709	
133	121.981	-14.9222	98.3426	-0.0169972	0.0795039	0.0274967	
134	114.734	-15.2954	95.4424	-0.0118731	0.0810829	0.0246269	
135	108.351	-14.5803	95.7391	-0.0128126	0.0747496	0.027243	
136	99.9365	-14.3412	98.267	-0.010339	0.0688004	0.0307708	
137	96.4521	-13.0256	103.943	0.00246199	0.0621747	0.0303951	
138	92.1871	-9.49462	109.212	0.0106384	0.0598953	0.0332824	
139	86.8887	-6.48	109.264	0.0180081	0.0743282	0.0415783	
140	80.87	-4.48035	105.574	0.0303658	0.0869338	0.044216	
141	73.2144	-0.530056	98.2107	0.0355219	0.0894607	0.0405843	
142	65.8973	4.73585	85.4073	0.0346146	0.0948501	0.0407754	
143	56.1092	8.27867	70.8443	0.0296452	0.0943814	0.0385405	
144	49.8121	11.0257	57.2678	0.0119889	0.0880033	0.0271765	
145	44.8366	14.6122	44.4551	-0.012387	0.0908063	0.020352	
146	37.7899	15.6825	32.9473	-0.0343542	0.0994553	0.0206919	
147	33.4777	12.0073	21.2334	-0.0549272	0.100972	0.0138402	
148	26.7658	7.53135	6.93392	-0.0714523	0.101956	0.00309437	
149	15.4081	3.40932	-5.98151	-0.0769819	0.111174	0.0022337	
150	3.31815	-3.42905	-13.0655	-0.072555	0.117424	0.0053042	
151	-6.72536	-10.3686	-17.6002	-0.0662303	0.117359	0.00144728	
152	-16.7939	-12.9113	-21.4034	-0.0567082	0.113403	0.002769	
153	-27.9825	-13.5239	-24.6228	-0.0412253	0.110658	0.0192909	
154	-37.2504	-16.1914	-30.5318	-0.0254852	0.118458	0.0343578	
155	-47.1709	-18.8282	-39.1939	-0.00585643	0.120618	0.0400842	
156	-57.5859	-17.6187	-50.5785	0.0205298	0.106046	0.048378	
157	-67.3307	-13.8958	-65.81	0.0434146	0.0945605	0.0579108	
158	-77.8155	-9.58333	-79.4186	0.0590081	0.0917755	0.058906	
159	-86.2328	-3.05114	-84.7138	0.0670526	0.084105	0.0542532	
160	-91.99	5.42589	-84.8687	0.0616737	0.0689027	0.0513585	
161	-97.2985	13.1245	-87.5854	0.0446627	0.0487627	0.0461195	
162	-101.42	18.1613	-93.3037	0.0262438	0.027876	0.0326589	
163	-103.349	20.241	-98.8868	0.0108976	0.0167058	0.0215025	
164	-103.248	21.5886	-104.945	-0.00232894	0.0147679	0.0172257	
165	-99.8697	23.6455	-112.173	-0.0112396	0.0141021	0.00631003	
166	-98.1902	25.2764	-116.933	-0.0175336	0.021413	-0.00841957	
167	-103.14	26.0341	-114.269	-0.0268419	0.0418472	-0.0112784	
168	-108.634	25.1723	-107.791	-0.0376748	0.0549996	-0.00665214	
169	-113.65	21.2306	-110.09	-0.0483585	0.0515016	-0.00751872	
170	-120.665	15.3805	-122.421	-0.0570594	0.0494366	-0.0110694	
171	-124.615	9.84378	-132.833	-0.0564862	0.0503424	-0.0069672	
172	-125.095	4.50199	-140.467	-0.046612	0.051606	-0.001457	
173	-129.117	-0.788275	-149.082	-0.0316947	0.0562537	-0.00510002	
174	-137.959	-3.8216	-153.463	-0.012856	0.0541377	-0.00553817	
175	-145.16	-3.6643	-154.676	0.000290751	0.0482714	0.00492732	
176	-148.226	-3.02214	-154.745	0.000460672	0.0368527	0.0124438	
177	-150.972	-4.52882	-148.395	0.00144735	0.00155336	0.0121884	
178	-153.329	-6.82869	-141.404	0.0110542	-0.0405598	0.00725767	
179	-151.044	-6.591	-141.474	0.0168017	-0.0566869	-0.00232797	
180	-145.572	-4.57076	-138.859	0.0243226	-0.0577296	-0.0103	
181	-138.321	-2.6201	-128.708	0.0431033	-0.068581	-0.011542	
182	-128.061	2.14133	-122.696	0.0522045	-0.081059	-0.00841227	
183	-119.32	9.07019	-122.288	0.0479277	-0.0880531	-0.00601879	
184	-113.656	12.7744	-117.234	0.0455784	-0.0938438	-0.00890216	
185	-108.196	14.4436	-106.596	0.0359709	-0.0860203	-0.0149592	
186	-100.738	17.1294	-96.1554	0.0183558	-0.0709453	-0.0205561	
187	-91.2527	18.2917	-91.2241	0.00206521	-0.074352	-0.0259624	
188	-83.2541	16.7936	-93.5439	-0.016683	-0.0869493	-0.0292426	
189	-76.3408	14.3843	-95.7757	-0.0265898	-0.0852391	-0.0275157	
190	-70.4655	11.1138	-92.3693	-0.0219882	-0.0712654	-0.0225882	
191	-66.0546	6.69839	-86.3775	-0.0188185	-0.0599066	-0.0217043	
192	-59.868	2.47024	-77.4383	-0.0165519	-0.0620141	-0.0298422	
193	-52.714	0.00480005	-63.7364	-0.0122071	-0.0723193	-0.0386914	
194	-48.5696	-0.733001	-50.1265	-0.0125343	-0.0809793	-0.037147	
195	-46.7933	-1.71019	-41.0675	-0.0120557	-0.0886091	-0.0296459	
196	-41.0772	-4.99355	-33.9784	-0.00563459	-0.0867014	-0.0249279	
197	-31.6514	-9.3382	-22.8312	0.00735388	-0.0799807	-0.0234879	
198	-22.0561	-10.4993	-9.26308	0.0298752	-0.0968252	-0.0265409	
199	-13.7475	-6.98645	-0.427864	0.0538307	-0.123476	-0.0322127	
200	-10.5689	-1.5356	6.07481	0.0673982	-0.118538	-0.0315663	
201	-4.10039	2.53873	15.9494	0.0690342	-0.0959082	-0.0240753	
202	11.8119	4.44795	26.4946	0.0606683	-0.101698	-0.019407	
203	25.7957	7.61833	34.0237	0.0442258	-0.13038	-0.0219276	
204	34.5766	13.1086	39.4296	0.0237759	-0.137871	-0.0263147	
205	43.4117	14.5886	43.9387	0.00286084	-0.116608	-0.0303469	
206	52.6793	9.47239	47.4095	-0.0163624	-0.0985624	-0.0370249	
207	63.4909	3.54878	50.6716	-0.0295181	-0.101381	-0.0414478	
208	75.7202	0.0114039	54.6958	-0.0334304	-0.105026	-0.0385733	
209	82.9514	-2.57146	61.1715	-0.0325562	-0.0934643	-0.0344346	
210	86.9692	-5.56701	73.1766	-0.0307413	-0.0830223	-0.0349657	
211	93.6757	-10.041	87.6444	-0.0263338	-0.0738853	-0.0391486	
212	99.7218	-14.7536	97.7048	-0.0238936	-0.0509423	-0.0407462	
213	106.222	-17.9901	104.015	-0.0257363	-0.0353688	-0.0335009	
214	111.585	-21.167	110.032	-0.0166195	-0.042651	-0.0202537	
215	110.823	-23.4216	114.168	0.00928267	-0.0429775	-0.00861139	
216	108.069	-21.9371	116.501	0.0351793	-0.0231572	-0.000566148	
217	107.046	-18.6043	122.205	0.0536846	-0.012504	0.00327804	
218	111.948	-15.2414	130.655	0.0653844	-0.0280994	0.000674278	
219	118.529	-10.529	132.745	0.0626194	-0.0492467	-0.00329627	
220	119.746	-5.38796	128.532	0.050568	-0.0487511	0.000899641	
221	122.573	-1.29739	130.775	0.0430668	-0.0306041	0.0108278	
222	129.351	2.23797	141.504	0.034508	-0.023759	0.0132575	
223	135.581	4.96999	148.834	0.0166719	-0.0343064	0.00504175	
224	138.147	6.25658	147.944	-0.00259007	-0.0356854	-0.00383693	
225	138.093	6.06893	143.485	-0.0184801	-0.0214179	-0.00709114	
226	140.766	4.58353	139.712	-0.0306988	-0.0160137	-0.00642027	
227	144.651	2.3374	137.228	-0.0350817	-0.0147907	-0.00536912	
228	146.504	-0.764457	134.799	-0.0369038	0.00375828	-0.0051229	
229	145.797	-4.29746	133.933	-0.0440917	0.0197153	-0.00338096	
230	143.867	-6.47915	134.457	-0.0521595	0.0255302	0.000401217	
231	142.66	-8.79551	131.673	-0.054872	0.0543445	0.00441079	
232	139.36	-14.5045	127.412	-0.0502349	0.0977096	0.0107793	
233	131.207	-21.0863	127.505	-0.0368536	0.115105	0.02037	
234	118.242	-24.0629	128.906	-0.0141951	0.111182	0.0270165	
235	104.114	-23.4103	126.167	0.0143741	0.110293	0.0264868	
236	91.0956	-19.7086	118.577	0.0380549	0.103837	0.023266	
237	79.7922	-13.4291	105.731	0.04898	0.0790274	0.0239516	
238	75.8615	-7.87512	91.0953	0.0513453	0.0562554	0.0257851	
239	76.1511	-4.9198	80.6249	0.049749	0.0570716	0.0253782	
240	71.2943	-2.0724	72.102	0.038535	0.0634769	0.0277136	
241	64.8582	2.98854	62.553	0.0134307	0.0533945	0.0303048	
242	62.1332	8.5062	56.3883	-0.0129697	0.0501692	0.0295733	
243	58.8404	9.9972	54.4469	-0.0293046	0.0707566	0.0292035	
244	53.7974	5.94803	51.7334	-0.0397196	0.0830063	0.0234119	
245	47.9822	1.64849	46.7022	-0.0415456	0.0816716	0.0142046	
246	39.0855	2.30125	42.5104	-0.0310862	0.0935369	0.019197	
247	32.5391	4.71711	39.3688	-0.021641	0.0995261	0.0310769	
248	29.6446	3.95383	29.7358	-0.0218144	0.0838134	0.0298374	
249	22.8849	1.40863	10.6536	-0.0277126	0.0863058	0.0253036	
250	13.7287	-0.844658	-8.40058	-0.0356741	0.121365	0.0290625	
251	3.76058	-3.26017	-21.6828	-0.0417471	0.154119	0.0326626	
252	-10.2477	-4.74213	-32.5616	-0.0451942	0.164141	0.0363966	
253	-28.6731	-5.27465	-41.5071	-0.0452001	0.151242	0.0430801	
254	-46.1259	-7.56054	-47.292	-0.0345852	0.127461	0.0432728	
255	-56.9517	-10.9732	-50.8284	-0.0167566	0.115946	0.0405741	
256	-64.8809	-11.9978	-50.5625	-0.000989694	0.108424	0.0454345	
257	-71.0828	-9.57472	-47.585	0.0188459	0.0791429	0.0478398	
258	-75.2831	-4.6888	-49.4259	0.0402904	0.051256	0.0399559	
259	-81.107	0.711691	-56.3801	0.0460997	0.0544075	0.0297065	
260	-85.5242	5.01392	-62.2709	0.0417966	0.0561279	0.0203828	
261	-89.1778	9.45301	-72.9187	0.040527	0.0387866	0.0111385	
262	-95.8398	14.6955	-92.9241	0.0365113	0.0401086	0.00209037	
263	-100.772	18.622	-108.557	0.0272836	0.0536458	-0.00659785	
264	-102.077	21.1121	-113.655	0.0130176	0.0397934	-0.0112419	
265	-104.954	23.8356	-119.184	-0.00851026	0.0184423	-0.00917694	
266	-109.03	25.5378	-127.905	-0.0270245	0.0244787	-0.000988342	
267	-108.696	23.5719	-132.606	-0.0410213	0.0401632	0.0110776	
268	-106.934	18.3951	-131.878	-0.0595521	0.0427698	0.0198026	
269	-110.887	12.8132	-130.857	-0.0696825	0.0507922	0.0196269	
270	-118.518	7.65476	-132.18	-0.0617036	0.0723795	0.0154703	
271	-124.555	2.11471	-133.606	-0.0518786	0.0739557	0.0137587	
272	-129.028	-2.87576	-135.642	-0.0408613	0.0498445	0.0146623	
273	-133.61	-5.90738	-141.07	-0.0149332	0.0413479	0.0163853	
274	-137.976	-6.55593	-146.048	0.0129005	0.0513963	0.0155024	
275	-141.045	-4.40256	-146.326	0.0231256	0.0442514	0.0110531	
276	-144.088	-1.33276	-144.619	0.0220532	0.0245352	0.00864853	
277	-148.782	-0.815436	-141.241	0.0244209	0.00767901	0.00558801	
278	-152.014	-0.467317	-136.497	0.0286305	-0.0175842	-0.00493056	
279	-152.488	4.67381	-136.698	0.0226429	-0.0383624	-0.0113645	
280	-150.994	10.1171	-137.909	0.0115046	-0.0449785	-0.00538932	
281	-143.832	8.88305	-129.981	0.0118869	-0.0717045	-0.00352806	
282	-133.588	5.54709	-119.999	0.0188256	-0.110794	-0.0152553	
283	-125.895	6.62696	-115.924	0.0189726	-0.112878	-0.0270367	
284	-116.027	9.15088	-109.091	0.0170845	-0.098716	-0.0321708	
285	-102.934	9.71349	-100.607	0.0195407	-0.103303	-0.0374584	
286	-95.0602	9.96354	-101.844	0.0202065	-0.0942982	-0.0403457	
287	-91.4553	9.9839	-104.344	0.0127485	-0.0745	-0.0381833	
288	-85.3763	8.09486	-98.2651	0.0033039	-0.089662	-0.0416718	
289	-78.4012	5.89969	-95.8232	0.00279372	-0.108912	-0.0488347	
290	-71.4905	5.6237	-99.977	0.00875808	-0.086955	-0.0438793	
291	-64.0744	5.75012	-95.1534	0.0102857	-0.0682709	-0.0301384	
292	-58.4254	5.2311	-82.319	0.00448932	-0.0817103	-0.0217807	
293	-52.8332	5.93369	-73.4836	-0.00277272	-0.0811543	-0.0168652	
294	-45.9737	7.30582	-63.3125	-0.00683516	-0.0659135	-0.0064977	
295	-40.4753	6.44483	-46.1652	-0.00967459	-0.0748706	0.00693299	
296	-33.7714	3.22796	-30.2955	-0.00690328	-0.0847037	0.0115316	
297	-23.1689	0.0197296	-16.8118	0.00837393	-0.0719774	0.00423873	
298	-16.2863	-1.49241	-0.626663	0.0211093	-0.071762	-0.00321454	
299	-12.1903	-1.41652	12.3162	0.0215727	-0.0859678	-0.00572997	
300	-2.00354	0.16747	17.706	0.0272221	-0.0780483	-0.0103571	
301	7.91976	3.85319	23.5119	0.0354996	-0.0684029	-0.0206536	
302	12.9556	7.15362	30.3336	0.0281553	-0.0836968	-0.0368079	
303	16.326	6.68641	30.8362	0.0167197	-0.0916478	-0.0554182	
304	20.509	4.69804	31.7541	0.00975601	-0.0896783	-0.0621489	
305	31.0689	3.34213	40.6236	-0.00407936	-0.113081	-0.0531225	
306	44.098	-0.0431541	48.0108	-0.0160233	-0.137346	-0.0501423	
307	52.4982	-4.12995	51.4255	-0.0178915	-0.124987	-0.0604541	
308	60.3187	-5.74679	61.2007	-0.0228978	-0.113766	-0.0615244	
309	71.9653	-8.20981	73.649	-0.0261219	-0.129739	-0.0499936	
310	82.6306	-12.794	78.7007	-0.0161718	-0.130877	-0.0444149	
311	89.5304	-16.287	82.2983	-0.00499022	-0.111336	-0.039836	
312	99.9406	-19.4028	91.7742	0.00557559	-0.103512	-0.0249321	
313	113.036	-21.9943	101.728	0.0284033	-0.0904141	-0.0127204	
314	121.438	-20.5432	107.573	0.0526851	-0.0543046	-0.00925753	
315	125.206	-15.9596	113.259	0.0606098	-0.0287307	-0.00480282	
316	126.258	-11.281	120.884	0.0624953	-0.0244507	-0.000661948	
317	126.3	-5.98686	125.271	0.0644763	-0.0133651	0.000402314	
318	125.311	0.308908	124.322	0.0478434	0.0021686	0.0054002	
319	122.147	4.84847	124.039	0.0184759	0.000936306	0.0122483	
320	120.294	6.00025	126.198	0.00182906	-0.00962468	0.0107795	
321	123.613	5.71106	126.863	-0.00860256	-0.0108762	0.00426478	
322	127.962	5.13414	130.158	-0.0236453	-0.00708424	0.000944056	
323	131.246	3.55826	138.415	-0.0358569	-0.0101953	-0.000157093	
324	134.788	1.35389	141.714	-0.049806	-0.00948623	0.00250423	
325	133.105	-2.31345	141.689	-0.0655809	-0.000736128	0.00925814	
326	130.513	-8.87917	148.576	-0.070474	-0.00180902	0.00977123	
327	132.5	-15.7845	153.169	-0.0672001	-0.00679388	0.00321689	
328	133.845	-21.2104	147.263	-0.0531858	0.00299605	0.000231916	
329	136.818	-26.3961	142.318	-0.0190146	0.0161392	-0.00207012	
330	139.04	-28.4853	140.115	0.0182538	0.0294342	-0.0086187	
331	134.335	-24.4114	131.843	0.042394	0.0547383	-0.00682737	
332	128.259	-18.5067	124.896	0.0561506	0.0660191	0.00671493	
333	122.435	-14.5543	125.471	0.0591117	0.0564929	0.0161271	
334	113.043	-10.4019	121.973	0.0552993	0.0627798	0.018058	
335	105.927	-4.82277	111.555	0.0488954	0.0689273	0.0195348	
336	102.415	1.3524	103.155	0.0373542	0.0506399	0.019244	
337	92.9168	7.8599	94.7473	0.0276713	0.0446988	0.0203806	
338	86.7542	11.9794	83.7219	0.0167773	0.0585532	0.0262997	
339	89.9252	11.3991	79.6731	-0.00495629	0.0616905	0.0303353	
340	85.1786	10.5259	82.5851	-0.0238655	0.0655577	0.0322978	
341	77.1081	12.0934	81.3536	-0.0356065	0.0819629	0.0343496	
342	74.3845	10.8202	78.2746	-0.0504216	0.0874962	0.0307782	
343	65.4609	5.78819	76.6237	-0.0587545	0.0859921	0.0239668	
344	55.1076	1.7995	67.3587	-0.0554758	0.0989642	0.0216951	
345	50.5511	-1.73911	51.8962	-0.051257	0.114047	0.0191219	
346	41.423	-5.62747	38.4717	-0.0458114	0.117883	0.0150615	
347	27.9255	-7.43594	23.0228	-0.036661	0.122398	0.0195581	
348	16.9511	-9.1564	6.68746	-0.0288867	0.128471	0.0257159	
349	6.40947	-12.0526	-1.7233	-0.020945	0.125087	0.0220139	
350	-2.48751	-11.7415	-8.85326	-0.0141301	0.120457	0.0213748	
351	-10.1725	-8.17717	-20.3259	-0.0167773	0.11919	0.0345097	
352	-20.6514	-7.1556	-27.3078	-0.0179629	0.114569	0.0472172	
353	-31.6525	-8.84341	-31.0208	-0.0071261	0.114986	0.0478794	
354	-41.5746	-8.30315	-36.4844	0.00219569	0.114768	0.0468812	
355	-49.7722	-6.21174	-39.7901	0.0130105	0.0970135	0.0500189	
356	-56.5913	-4.76223	-44.9433	0.0320328	0.0811873	0.0478709	
357	-63.1702	-0.346732	-54.6284	0.0356375	0.0791208	0.0428831	
358	-67.1042	6.76381	-62.4575	0.0228146	0.0667579	0.0413215	
359	-70.2063	10.3247	-73.2773	0.0134619	0.0575384	0.0377502	
360	-75.2091	10.3914	-88.9418	-3.60947e-05	0.0767324	0.0308193	
361	-80.0427	11.1953	-96.1661	-0.0143667	0.0890185	0.0201384	
362	-87.4713	12.2752	-97.6232	-0.0145037	0.0800039	0.00425381	
363	-100.189	11.9284	-104.086	-0.0167752	0.0841766	-0.00938417	
364	-111.195	11.3777	-106.682	-0.0255657	0.0899502	-0.015598	
365	-118.686	12.3777	-102.732	-0.023276	0.068436	-0.0148251	
366	-126.296	13.2277	-105.353	-0.0216628	0.038322	-0.00774608	
367	-130.503	10.0015	-114.881	-0.0302026	0.0162471	0.000330359	
368	-132.808	4.06433	-124.901	-0.027836	-0.00237513	0.00683366	
369	-134.538	0.785459	-137.301	-0.0135475	-0.0109635	0.0142896	
370	-129.842	0.39468	-148.676	-0.00362457	-0.0119546	0.019759	
371	-123.988	0.421277	-151.641	0.0059434	-0.0135087	0.0197107	
372	-123.669	1.81548	-149.373	0.0161235	-0.00130043	0.0168823	
373	-125.015	4.64448	-145.826	0.0191775	0.0187942	0.0150266	
374	-126.83	6.49349	-138.617	0.0211409	0.0186827	0.01289	
375	-127.986	7.05991	-130.575	0.022144	0.010354	0.00625847	
376	-126.251	7.48968	-125.896	0.0200299	0.0142786	-0.00259414	
377	-125.924	9.06364	-123.337	0.0291216	0.00864245	-0.00656161	
378	-127.077	13.282	-125.422	0.0414706	-0.00959608	-0.00552528	
379	-128.535	18.9496	-132.626	0.0327871	-0.00440455	-0.00432667	
380	-132.175	23.1881	-136.452	0.0150356	0.0155669	-0.0030297	
381	-132.278	24.465	-134.763	0.00278655	0.00695959	-0.00233327	
382	-129.376	22.5836	-133.108	-0.0191562	-0.0227326	-0.00800079	
383	-128.345	19.2522	-133.07	-0.0496478	-0.0393301	-0.0167062	
384	-126.457	14.988	-131.211	-0.0702997	-0.0476189	-0.018309	
385	-123.927	7.86073	-122.54	-0.080094	-0.0644935	-0.0173022	
386	-117.394	-0.34315	-109.371	-0.0785687	-0.0819413	-0.0214338	
387	-104.839	-6.79443	-100.177	-0.0581052	-0.0936302	-0.0235363	
388	-96.3217	-13.0442	-93.6967	-0.0231303	-0.102573	-0.021973	
389	-92.4668	-18.4218	-82.8997	0.0163239	-0.105375	-0.025681	
390	-82.8239	-19.3732	-71.5577	0.0511827	-0.103614	-0.0329469	
391	-70.478	-16.172	-64.562	0.0720546	-0.104047	-0.0361959	
392	-63.6684	-9.93788	-57.9782	0.080658	-0.105292	-0.0343457	
393	-57.3484	-1.32751	-53.4268	0.0861726	-0.106175	-0.0272646	
394	-49.0782	5.03356	-54.0114	0.0892225	-0.110707	-0.0175506	
395	-41.5843	7.11403	-52.8572	0.0845664	-0.112782	-0.0177603	
396	-31.662	11.0519	-47.2064	0.0700048	-0.107515	-0.0309326	
397	-19.0994	18.9118	-39.3753	0.0448633	-0.10653	-0.0401338	
398	-8.94517	23.388	-27.1471	0.0144045	-0.110175	-0.0402255	
399	-3.61628	21.9913	-12.8639	-0.00952755	-0.106148	-0.041248	
400	2.04749	18.9213	-2.21812	-0.0280089	-0.0943297	-0.0421461	
401	10.8457	13.9236	7.98134	-0.0463231	-0.0841844	-0.0411967	
402	19.1393	6.63951	22.5814	-0.0537522	-0.088298	-0.0430716	
403	28.1944	0.40673	37.3095	-0.0525405	-0.101234	-0.0459083	
404	37.2974	-5.76307	45.8192	-0.0573784	-0.0945868	-0.0475096	
405	41.9991	-12.8181	49.4865	-0.0536481	-0.0707602	-0.0423933	
406	45.3903	-17.5182	52.1875	-0.0264592	-0.062736	-0.0235894	
407	53.1719	-21.3059	53.697	0.0040267	-0.0692696	-0.00714001	
408	62.1749	-25.2768	56.5779	0.0228213	-0.0736313	-0.00897537	
409	66.6249	-23.9398	63.2537	0.0358492	-0.081957	-0.0150699	
410	70.8043	-18.7234	69.8329	0.0443854	-0.0901084	-0.0142569	
411	79.6298	-16.234	78.8417	0.0476647	-0.089694	-0.00905483	
412	90.2754	-13.2789	93.5353	0.0490378	-0.0905052	0.00072589	
413	98.7671	-6.72692	104.822	0.0504646	-0.0917214	0.00550353	
414	106.209	-1.66537	110.768	0.0504991	-0.0839494	-0.000318112	
415	115.291	1.0701	120.054	0.0450189	-0.0689464	-0.00335746	
416	122.776	4.49019	131.601	0.0371772	-0.0541373	-0.00167612	
417	127.959	7.93774	140.657	0.0322905	-0.0528992	-0.004656	
418	131.821	10.4868	146.482	0.0253908	-0.0602019	-0.00825319	
419	133.189	11.9088	146.602	0.0133605	-0.0466431	-0.00665799	
420	137.451	11.8956	143.933	-0.0032209	-0.01939	-0.00654803	
421	143.683	10.2576	142.644	-0.0271947	-0.00515989	-0.0155731	
422	143.938	5.85729	138.823	-0.0548867	0.00934654	-0.0297066	
423	140.965	-0.561015	135.005	-0.0747647	0.0255241	-0.0381779	
424	137.388	-7.07703	135.994	-0.0764291	0.0215094	-0.0373522	
425	130.627	-14.0479	133.327	-0.0617213	0.0151575	-0.0314646	
426	125.876	-21.2937	125.65	-0.0444581	0.0252338	-0.0238927	
427	126.845	-27.0962	125.799	-0.0301851	0.026283	-0.016928	
428	127.534	-30.1637	133.542	-0.0162786	0.00762332	-0.0138418	
429	123.381	-29.7559	136.523	-0.000590709	-0.00075972	-0.0132504	
430	116.037	-26.7307	133.024	0.0210495	0.0122036	-0.00384877	
431	113.209	-23.2527	128.055	0.0424618	0.0228672	0.0204268	
432	117.363	-20.6417	122.043	0.0552815	0.0237644	0.0431	
433	119.818	-17.8066	116.402	0.0631662	0.0249639	0.0480213	
434	119.232	-11.9627	113.039	0.0617698	0.0255739	0.0441417	
435	118.081	-3.44067	109.123	0.0511315	0.0332649	0.0463695	
436	113.358	3.87624	105.979	0.0476511	0.0538921	0.0532259	
437	108.145	9.14048	106.081	0.0443161	0.0664033	0.0541684	
438	105.095	14.3227	101.453	0.0229401	0.0736	0.0466207	
439	100.522	17.8515	90.8642	-0.00815605	0.0951876	0.0364671	
440	93.7308	16.9104	85.3723	-0.0390592	0.109921	0.0247343	
441	84.8654	13.293	83.331	-0.0655297	0.113475	0.00823753	
442	73.7717	9.97441	76.3797	-0.0757258	0.127634	-0.00421382	
443	63.2866	6.93615	67.2329	-0.0712235	0.12976	0.000719149	
444	53.044	3.6918	57.3875	-0.0656597	0.119957	0.0142545	
445	40.2178	0.246395	45.9038	-0.0654364	0.136588	0.0192489	
446	26.8893	-4.30186	36.1555	-0.0677756	0.149144	0.0192858	
447	14.7306	-10.7817	25.7782	-0.0625057	0.124431	0.0219388	
448	3.59988	-17.5182	13.1894	-0.048953	0.102075	0.0237969	
449	-5.29653	-20.5468	3.89707	-0.0345182	0.0956383	0.0277358	
450	-13.3086	-19.0114	-5.67144	-0.0161112	0.0877213	0.0396363	
451	-17.7269	-17.0598	-20.271	0.0032842	0.0884952	0.0517381	
452	-17.4757	-17.1442	-30.5613	0.0169459	0.0953539	0.0544963	
453	-23.8683	-16.9439	-32.0922	0.0336355	0.0893704	0.0515787	
454	-36.7203	-13.7372	-34.6898	0.0537645	0.0743483	0.0497399	
455	-45.5778	-6.74105	-42.723	0.0631334	0.0664011	0.046891	
456	-51.9474	2.69983	-49.7819	0.058227	0.0692592	0.0396575	
457	-55.3082	11.1235	-54.7672	0.045773	0.0742436	0.0305968	
458	-57.2072	16.49	-62.2139	0.0278169	0.0762683	0.0207266	
459	-65.7289	19.5934	-68.3775	0.00615553	0.075723	0.010443	
460	-76.1762	21.3846	-70.8928	-0.00530988	0.0785904	0.00562304	
461	-84.6483	22.8508	-78.58	-0.00442613	0.0849769	0.00755423	
462	-92.211	23.56	-92.2265	-0.0129099	0.0755055	0.00950793	
463	-98.3522	21.6957	-101.787	-0.0323512	0.0580901	0.008134	
464	-107.457	18.8454	-104.524	-0.0478071	0.0598506	0.00361961	
465	-113.377	16.2022	-106.335	-0.0628748	0.0571404	-0.00256828	
466	-113.889	11.0722	-114.794	-0.0720568	0.0340101	-0.00261405	
467	-119.602	4.09619	-128.908	-0.0594811	0.0239321	0.00559078	
468	-121.728	-1.03242	-138.249	-0.0384197	0.0301956	0.00786352	
469	-118.372	-3.92005	-141.493	-0.0261066	0.0370736	0.00250373	
470	-123.383	-6.57337	-143.199	-0.0128224	0.0457791	0.00619407	
471	-127.659	-8.98302	-141.023	0.00748133	0.0456505	0.0137182	
472	-127.792	-7.82146	-136.44	0.0270903	0.0414561	0.0110638	
473	-133.293	-2.53107	-132.672	0.0456272	0.0453911	0.00733886	
474	-138.581	3.04031	-128.772	0.0594324	0.0367919	0.0101191	
475	-143.168	8.06901	-131.834	0.0580922	0.0198039	0.0152314	
476	-146.483	13.358	-143.946	0.0455428	0.0169528	0.0189923	
477	-144.174	17.6081	-150.728	0.0284801	0.00133309	0.0175654	
478	-143.769	20.5032	-150.445	0.00694145	-0.0362885	0.0112529	
479	-143.147	21.8616	-153.303	-0.00961259	-0.0512662	0.0047679	
480	-137.506	21.3232	-151.994	-0.0203763	-0.0401723	0.00217525	
481	-130.54	19.1165	-139.185	-0.0402377	-0.0429836	-0.000444942	
482	-122.723	14.1601	-126.292	-0.0639332	-0.0616127	-0.0117897	
483	-119.338	6.39619	-117.91	-0.0721897	-0.06778	-0.0238629	
484	-117.309	-1.78322	-106.723	-0.0623546	-0.0614212	-0.0260275	
485	-109.829	-7.45837	-96.285	-0.0417337	-0.0664204	-0.0263742	
486	-104.039	-9.98439	-93.1126	-0.0107346	-0.0805633	-0.0280585	
487	-98.1128	-11.807	-91.2877	0.0309315	-0.0871174	-0.0297632	
488	-89.1692	-11.4659	-89.1618	0.0616169	-0.0886742	-0.0374393	
489	-82.8513	-6.21305	-90.5842	0.0633224	-0.0842865	-0.043318	
490	-76.6797	-1.03074	-88.204	0.0605773	-0.0788435	-0.0393358	
491	-70.9353	1.68337	-82.1675	0.0658717	-0.0837385	-0.0344023	
492	-66.722	6.01504	-81.1414	0.0564596	-0.0806506	-0.0288071	
493	-60.1703	10.239	-73.9529	0.0401296	-0.0730239	-0.0186763	
494	-54.0186	11.4034	-55.1652	0.0352247	-0.0883287	-0.0150107	
495	-48.1893	11.967	-41.2863	0.0288424	-0.107248	-0.0222194	
496	-39.0713	13.0358	-32.2926	0.0189594	-0.115048	-0.0279228	
497	-29.2613	14.4059	-18.4654	0.0139182	-0.12854	-0.0263234	
498	-18.558	15.4264	-5.98352	0.00573278	-0.137362	-0.0241679	
499	-5.33886	13.187	0.566955	-0.00760395	-0.12899	-0.0249221	
500	8.10681	8.51444	4.20626	-0.0198999	-0.116258	-0.0306546	
501	20.7811	4.95307	7.71698	-0.0298157	-0.106492	-0.0457749	
502	29.0274	1.14403	14.9755	-0.0320132	-0.0938499	-0.0605314	
503	30.5657	-4.0208	25.6467	-0.0226534	-0.0752732	-0.0585898	
504	32.3474	-7.25308	35.7231	-0.0140573	-0.0641487	-0.0439291	
505	38.1614	-9.15804	45.0777	-0.0144724	-0.0717489	-0.0306669	
506	44.8596	-12.6181	54.6634	-0.00991444	-0.0871523	-0.0237338	
507	53.7321	-14.2944	61.074	0.00220732	-0.0946833	-0.0233258	
508	64.8617	-12.7636	63.5431	0.0106104	-0.0885507	-0.023095	
509	72.5667	-13.2567	69.6277	0.0254213	-0.0811218	-0.0144867	
510	79.3497	-14.9124	78.9234	0.0476718	-0.081076	-0.00238991	
511	87.9572	-12.5324	82.9942	0.0546282	-0.072807	0.00193439	
512	93.6516	-8.46035	86.9225	0.0463917	-0.0633646	-0.00521394	
513	98.1339	-4.74083	95.5448	0.0353082	-0.0683991	-0.0137343	
514	102.687	1.04303	102.469	0.0195858	-0.0674746	-0.0117602	
515	109.807	4.24482	110.088	0.00374144	-0.0628841	-0.00974553	
516	120.864	0.874718	120.146	-0.0043607	-0.068843	-0.016471	
517	125.399	-1.53897	125.891	-0.00770107	-0.0548302	-0.0158774	
518	127.299	-1.00958	131.369	-0.00687956	-0.0227339	-0.00619462	
519	132.115	-3.27029	139.467	-0.00171017	-0.012659	-0.00452027	
520	131.746	-4.39589	143.549	-0.00109526	-0.0103728	-0.00926533	
521	130.287	-2.24077	147.84	-0.00700352	0.00147377	-0.0104529	
522	128.551	-3.91159	154.645	-0.0127273	-0.00201085	-0.0104102	
523	126.653	-7.68088	153.183	-0.0192941	-0.0148813	-0.0117607	
524	131.165	-8.61137	143.691	-0.0256937	-0.0152383	-0.0113825	
525	134.131	-10.4982	134.057	-0.023616	-0.0126324	-0.00912333	
526	135.216	-14.5884	124.82	-0.0122356	-0.00955099	-0.00795981	
527	136.645	-17.9153	119.166	-0.000153321	0.00296615	-0.00869232	
528	132.049	-19.29	121.193	0.00400908	0.0133924	-0.0110944	
529	130.042	-16.8063	126.793	0.00298004	0.00818782	-0.00853225	
530	130.461	-11.9175	130.678	0.00283611	-0.00114939	0.00692635	
531	128.054	-11.015	132.478	2.37946e-05	0.00415411	0.0208664	
532	130.665	-14.4603	133.292	-0.00274985	0.0259033	0.0196833	
533	129.871	-15.9269	132.229	0.00354509	0.0531027	0.019159	
534	123.412	-13.6581	128.098	0.0171539	0.0706248	0.0238326	
535	120.591	-9.629	121.858	0.0321778	0.0776666	0.0219205	
536	112.236	-4.00253	116.007	0.0454308	0.090759	0.0226973	
537	99.6277	1.11312	110.425	0.052137	0.10308	0.0289011	
538	89.8952	3.77898	100.077	0.0416361	0.0992358	0.0240693	
539	79.4385	6.22598	84.7443	0.0118398	0.0933104	0.0138348	
540	71.4849	9.43016	72.4341	-0.0183692	0.0852296	0.0149857	
541	65.1518	11.6913	63.2684	-0.039612	0.0690375	0.0215271	
542	60.0675	10.4866	51.7212	-0.0575065	0.0717972	0.022108	
543	56.8513	5.31903	44.0929	-0.0681158	0.0910476	0.0219636	
544	49.7809	1.04542	44.9435	-0.0690346	0.0965917	0.0300901	
545	43.1088	-0.649002	44.6833	-0.0615268	0.0895631	0.0432743	
546	37.3766	-4.24012	39.5871	-0.0481535	0.0774364	0.0518651	
547	30.5142	-9.36216	35.4681	-0.0370449	0.071965	0.0526409	
548	28.3037	-11.5276	31.4544	-0.0235051	0.0925516	0.0499117	
549	25.0124	-10.3775	24.1181	-0.00276784	0.123564	0.0490553	
550	16.112	-8.06763	14.1123	0.0136013	0.13687	0.0500425	
551	6.08419	-4.57983	-0.0720936	0.0186303	0.142593	0.0480229	
552	-7.43837	-0.0502851	-16.4072	0.0165559	0.159317	0.0433578	
553	-24.574	2.54319	-28.3693	0.014987	0.16564	0.0375966	
554	-39.7099	3.20128	-38.9583	0.0128634	0.146192	0.0273149	
555	-51.8179	5.46772	-50.9325	0.00537372	0.129667	0.0189012	
556	-63.8896	8.79722	-57.4303	-0.00493083	0.114894	0.0199349	
557	-75.2723	9.5404	-60.0145	-0.0214199	0.0789727	0.0188783	
558	-83.7799	7.58452	-66.0615	-0.0383682	0.0559469	0.0103581	
559	-91.2353	5.7683	-72.98	-0.0407351	0.0614921	0.0066661	
560	-94.7054	3.01508	-77.7105	-0.034471	0.0528786	0.00283802	
561	-95.0204	-1.66464	-84.1221	-0.0266394	0.0298951	-0.011207	
562	-100.71	-2.79977	-92.9782	-0.0181446	0.0201534	-0.016873	
563	-105.635	-1.58712	-100.112	-0.00978769	0.0167877	-0.00532096	
564	-103.704	-3.80106	-106.602	0.00512497	0.0117146	0.00381953	
565	-101.709	-3.97452	-116.718	0.0185622	0.0121141	0.00696152	
566	-102.888	-0.171142	-127.112	0.0265261	0.0275784	0.0126441	
567	-107.907	1.91201	-134.17	0.0362613	0.0477632	0.0175324	
568	-113.57	5.19816	-140.926	0.03293	0.046648	0.0206653	
569	-118.408	10.6974	-146.421	0.019092	0.0390341	0.0232016	
570	-122.82	13.3574	-147.18	0.0124429	0.0488546	0.025725	
571	-121.646	14.6377	-145.751	0.00324703	0.0527116	0.0317965	
572	-121.931	16.3045	-144.702	-0.0061261	0.0447164	0.0367809	
573	-129.771	16.3143	-142.673	-0.00918688	0.0479326	0.0376344	
574	-136.236	15.1018	-137.152	-0.0183057	0.0475109	0.0361817	
575	-139.708	13.9089	-129.917	-0.0229236	0.0276043	0.0218189	
576	-141.788	12.6925	-128.437	-0.0146611	0.0104186	-0.00404406	
577	-143.334	12.1647	-131.041	-0.0150442	0.00402387	-0.0135141	
578	-146.781	12.4267	-128.465	-0.0264476	-0.00671162	-0.00541153	
579	-146.771	10.1539	-123.564	-0.026923	-0.021535	-0.0126623	
580	-142.795	4.71249	-121.241	-0.0134213	-0.0375926	-0.0324078	
581	-137.9	1.7519	-119.164	-0.00245815	-0.0617124	-0.0358357	
582	-130.737	2.30422	-120.359	0.00366283	-0.0764504	-0.0338958	
583	-127.372	2.48674	-123.594	0.0124172	-0.0727527	-0.0405097	
584	-125.099	2.96832	-120.058	0.0176032	-0.0877988	-0.0360005	
585	-114.995	4.06344	-114.448	0.0182421	-0.117896	-0.0211867	
586	-103.781	3.33442	-115.888	0.0231265	-0.117567	-0.0185678	
587	-92.0362	2.54746	-117.05	0.0287298	-0.105494	-0.0242367	
588	-77.3774	4.82242	-108.702	0.0306052	-0.107704	-0.0208166	
589	-67.1592	7.88033	-96.9926	0.0297158	-0.0889216	-0.0104094	
590	-60.2177	7.79104	-88.0723	0.0225558	-0.051862	-0.00690323	
591	-54.1635	6.53191	-75.9065	0.014346	-0.0460644	-0.00890746	
592	-50.2641	7.9721	-61.788	0.0159514	-0.0567771	-0.00833462	
593	-47.851	10.3882	-55.6939	0.0190797	-0.0428429	-0.0128347	
594	-47.3913	11.6975	-52.6924	0.00974643	-0.027971	-0.0232856	
595	-46.5811	12.8236	-43.614	-0.00465181	-0.0407153	-0.0266884	
596	-43.299	11.8953	-33.0905	-0.0120006	-0.0608133	-0.0247082	
597	-38.3932	6.79262	-25.0404	-0.0177735	-0.0754875	-0.0256341	
598	-33.4672	1.01675	-16.8022	-0.0282344	-0.0937462	-0.0281148	
599	-28.0055	-1.82833	-8.50247	-0.0338258	-0.106907	-0.0304765	
