0	0	0	0	0	0	0	
1	0	0	0	0	0	0	
2	0	2.94687e-11	0	-1.16601e-14	6.71062e-34	-3.00455e-15	
3	-1.31865e-22	6.33426e-10	1.65265e-28	-2.62035e-13	1.82162e-25	-6.74533e-14	
4	-1.69011e-20	6.86238e-09	1.02276e-19	-2.97128e-12	3.62239e-23	-7.6439e-13	
5	-8.98658e-19	5.01401e-08	7.60206e-18	-2.2739e-11	1.60534e-21	-5.84835e-12	
6	-2.54246e-17	2.78846e-07	2.29295e-16	-1.325e-10	3.63846e-20	-3.40824e-11	
7	-4.51162e-16	1.26251e-06	4.07323e-15	-6.28562e-10	5.36893e-19	-1.61761e-10	
8	-5.62781e-15	4.85862e-06	5.00236e-14	-2.53374e-09	5.7988e-18	-6.52604e-10	
9	-5.3286e-14	1.63768e-05	4.6449e-13	-8.94089e-09	4.91284e-17	-2.30559e-09	
10	-4.0387e-13	4.94246e-05	3.45216e-12	-2.8229e-08	3.41747e-16	-7.29045e-09	
11	-2.5459e-12	0.000135816	2.13603e-11	-8.10847e-08	2.01605e-15	-2.09795e-08	
12	-1.37342e-11	0.000344312	1.13237e-10	-2.14675e-07	1.03318e-14	-5.56634e-08	
13	-6.48116e-11	0.000813797	5.25658e-10	-5.29375e-07	4.68584e-14	-1.376e-07	
14	-2.72201e-10	0.00180862	2.1735e-09	-1.22626e-06	1.90871e-13	-3.19621e-07	
15	-1.03169e-09	0.00380629	8.11513e-09	-2.68717e-06	7.0667e-13	-7.02547e-07	
16	-3.56916e-09	0.00763004	2.76668e-08	-5.60336e-06	2.40161e-12	-1.4699e-06	
17	-1.13773e-08	0.0146408	8.69302e-08	-1.11737e-05	7.55408e-12	-2.9419e-06	
18	-3.36835e-08	0.0270048	2.53695e-07	-2.13983e-05	2.21459e-11	-5.65627e-06	
19	-9.32447e-08	0.0480518	6.92238e-07	-3.94968e-05	6.08751e-11	-1.0485e-05	
20	-2.42757e-07	0.0827401	1.77609e-06	-7.0487e-05	1.57715e-10	-1.87977e-05	
21	-5.97356e-07	0.138238	4.30601e-06	-0.000121956	3.86861e-10	-3.26834e-05	
22	-1.39541e-06	0.224625	9.90706e-06	-0.000205058	9.02005e-10	-5.52421e-05	
23	-3.1063e-06	0.355715	2.17126e-05	-0.000335769	2.00612e-09	-9.09592e-05	
24	-6.6119e-06	0.54998	4.54801e-05	-0.000536411	4.2693e-09	-0.000146172	
25	-1.34976e-05	0.831551	9.13192e-05	-0.000837454	8.71806e-09	-0.000229637	
26	-2.64976e-05	1.23125	0.000176233	-0.00127958	1.71254e-08	-0.000353199	
27	-5.0145e-05	1.78761	0.000327668	-0.00191594	3.24348e-08	-0.00053256	
28	-9.16794e-05	2.5478	0.00058823	-0.00281462	5.9352e-08	-0.000788144	
29	-0.000162258	3.56834	0.00102161	-0.00406104	1.05133e-07	-0.00114603	
30	-0.000278497	4.91564	0.00171962	-0.00576037	1.80589e-07	-0.00163894	
31	-0.000464349	6.66607	0.00281007	-0.00803963	3.01299e-07	-0.00230723	
32	-0.000753268	8.90561	0.0044649	-0.0110493	4.89016e-07	-0.00319982	
33	-0.00119059	11.729	0.00690784	-0.0149645	7.73196e-07	-0.00437511	
34	-0.00183594	15.2384	0.0104207	-0.0199848	1.19258e-06	-0.00590166	
35	-0.0027656	19.5408	0.0153469	-0.0263336	1.79668e-06	-0.00785871	
36	-0.0040744	24.7458	0.0220923	-0.0342554	2.64712e-06	-0.0103364	
37	-0.00587711	30.9618	0.0311202	-0.0440129	3.81862e-06	-0.0134355	
38	-0.00830891	38.2921	0.0429428	-0.0558808	5.39948e-06	-0.0172674	
39	-0.0115249	46.8301	0.0581062	-0.0701397	7.4917e-06	-0.0219523	
40	-0.0156981	56.6551	0.0771703	-0.0870675	1.02103e-05	-0.0276184	
41	-0.0210166	67.8265	0.100684	-0.10693	1.3682e-05	-0.0343999	
42	-0.0276788	80.3795	0.129156	-0.129968	1.80437e-05	-0.0424343	
43	-0.0358876	94.3202	0.163021	-0.156389	2.34395e-05	-0.0518594	
44	-0.0458435	109.621	0.202608	-0.186354	3.00177e-05	-0.0628107	
45	-0.0577365	126.219	0.2481	-0.219961	3.79272e-05	-0.0754167	
46	-0.0717373	144.011	0.299504	-0.25724	4.73125e-05	-0.0897959	
47	-0.0879883	162.854	0.356615	-0.298139	5.83089e-05	-0.106053	
48	-0.106594	182.567	0.418989	-0.342516	7.10368e-05	-0.124272	
49	-0.127614	202.927	0.48592	-0.390132	8.55948e-05	-0.144519	
50	-0.15105	223.68	0.556428	-0.440651	0.000102053	-0.166831	
51	-0.176845	244.538	0.629256	-0.493636	0.000120446	-0.191218	
52	-0.204876	265.191	0.702876	-0.548553	0.000140765	-0.217658	
53	-0.234946	285.307	0.775516	-0.60478	0.000162952	-0.246096	
54	-0.266791	304.546	0.845195	-0.661613	0.000186891	-0.276442	
55	-0.300076	322.566	0.909771	-0.718286	0.000212404	-0.308574	
56	-0.334402	339.028	0.967007	-0.77398	0.000239246	-0.342332	
57	-0.369312	353.608	1.01464	-0.827846	0.000267104	-0.377527	
58	-0.404299	366.003	1.05047	-0.879025	0.000295594	-0.413935	
59	-0.43882	375.939	1.07244	-0.926664	0.000324261	-0.451307	
60	-0.47231	383.172	1.07874	-0.969943	0.000352588	-0.489366	
61	-0.504192	387.497	1.06787	-1.00809	0.000380001	-0.527813	
62	-0.533901	388.749	1.03877	-1.0404	0.000405882	-0.566332	
63	-0.560892	386.801	0.99086	-1.06624	0.000429582	-0.604593	
64	-0.584661	381.567	0.924143	-1.08509	0.000450443	-0.642254	
65	-0.60476	373	0.839207	-1.09651	0.000467817	-0.678968	
66	-0.620806	361.086	0.737262	-1.10017	0.000481093	-0.714385	
67	-0.632498	345.839	0.620106	-1.09585	0.000489716	-0.748155	
68	-0.63962	327.302	0.490067	-1.08342	0.000493216	-0.779933	
69	-0.642044	305.536	0.349895	-1.06283	0.00049122	-0.809381	
70	-0.639731	280.619	0.202627	-1.03414	0.00048347	-0.83617	
71	-0.632725	252.639	0.051419	-0.997442	0.000469828	-0.859982	
72	-0.621139	221.693	-0.100625	-0.952917	0.000450274	-0.880515	
73	-0.605148	187.882	-0.25063	-0.900766	0.000424902	-0.897479	
74	-0.584967	151.312	-0.396093	-0.841226	0.000393904	-0.910605	
75	-0.560839	112.093	-0.535001	-0.774551	0.000357554	-0.919636	
76	-0.533016	70.3415	-0.665888	-0.701009	0.000316191	-0.92434	
77	-0.501748	26.1795	-0.78785	-0.620867	0.000270202	-0.924498	
78	-0.467272	-20.2593	-0.900499	-0.534398	0.000220006	-0.919915	
79	-0.429801	-68.8283	-1.00388	-0.441877	0.000166044	-0.910414	
80	-0.389527	-119.363	-1.09837	-0.343585	0.000108774	-0.895838	
81	-0.346619	-171.679	-1.1845	-0.239812	4.86645e-05	-0.876051	
82	-0.301229	-225.569	-1.26288	-0.130871	-1.38034e-05	-0.850937	
83	-0.253498	-280.799	-1.33406	-0.0170999	-7.81351e-05	-0.820403	
84	-0.203566	-337.111	-1.3984	0.101127	-0.000143821	-0.784378	
85	-0.151583	-394.217	-1.45605	0.223389	-0.000210337	-0.742816	
86	-0.0977143	-451.809	-1.50688	0.349214	-0.000277142	-0.695698	
87	-0.042156	-509.55	-1.55049	0.478073	-0.000343684	-0.643032	
88	0.0148627	-567.089	-1.58621	0.609375	-0.000409397	-0.58486	
89	0.0730714	-624.054	-1.61315	0.742467	-0.000473703	-0.521254	
90	0.132155	-680.064	-1.63025	0.876636	-0.000536017	-0.452327	
91	0.191754	-734.733	-1.63635	1.01112	-0.000595742	-0.378228	
92	0.251466	-787.669	-1.63027	1.14509	-0.000652274	-0.299144	
93	0.310848	-838.487	-1.61092	1.27771	-0.000705	-0.215305	
94	0.36943	-886.81	-1.57738	1.4081	-0.000753304	-0.126978	
95	0.426724	-932.272	-1.52901	1.53537	-0.00079658	-0.0344684	
96	0.482238	-974.523	-1.46555	1.65861	-0.000834239	0.061882	
97	0.535492	-1013.23	-1.38719	1.77696	-0.00086574	0.161701	
98	0.586039	-1048.09	-1.29463	1.88957	-0.000890608	0.264587	
99	0.633475	-1078.82	-1.1891	1.99562	-0.000908469	0.370116	
100	0.677456	-1105.15	-1.07228	2.09434	-0.000919072	0.477841	
101	0.717705	-1126.85	-0.946307	2.18502	-0.000922314	0.587298	
102	0.75402	-1143.69	-0.813547	2.26701	-0.00091825	0.698011	
103	0.786264	-1155.5	-0.676492	2.33972	-0.000907095	0.809488	
104	0.814363	-1162.09	-0.537554	2.40262	-0.000889206	0.92123	
105	0.838286	-1163.32	-0.398887	2.45524	-0.000865054	1.03273	
106	0.858033	-1159.05	-0.262243	2.49716	-0.000835185	1.14345	
107	0.873614	-1149.17	-0.12888	2.52804	-0.000800178	1.25289	
108	0.885033	-1133.57	0.000469466	2.54754	-0.000760601	1.36049	
109	0.892275	-1112.17	0.125549	2.5554	-0.000716978	1.46572	
110	0.895297	-1084.91	0.246474	2.55138	-0.000669767	1.56803	
111	0.89403	-1051.75	0.363582	2.53527	-0.000619352	1.66686	
112	0.888381	-1012.67	0.477268	2.5069	-0.000566057	1.76166	
113	0.878241	-967.662	0.587833	2.46612	-0.000510164	1.85188	
114	0.863504	-916.772	0.695374	2.41282	-0.00045194	1.93696	
115	0.844073	-860.063	0.799725	2.34694	-0.000391677	2.01637	
116	0.81988	-797.637	0.900464	2.26844	-0.000329709	2.08956	
117	0.790893	-729.634	0.996964	2.17736	-0.00026644	2.15602	
118	0.757126	-656.232	1.08849	2.07377	-0.000202344	2.21525	
119	0.718641	-577.65	1.1743	1.95783	-0.000137966	2.26675	
120	0.675551	-494.144	1.25377	1.82976	-7.39026e-05	2.31008	
121	0.628017	-406.011	1.32645	1.68988	-1.0779e-05	2.34479	
122	0.576243	-313.582	1.39212	1.53858	5.07858e-05	2.3705	
123	0.520468	-217.221	1.45084	1.37635	0.000110211	2.38683	
124	0.460965	-117.323	1.50289	1.20375	0.000166991	2.39347	
125	0.398025	-14.3055	1.54873	1.02145	0.000220722	2.39013	
126	0.331958	91.39	1.58896	0.830163	0.000271125	2.37658	
127	0.263079	199.305	1.62422	0.630703	0.000318061	2.35263	
128	0.191708	308.967	1.65512	0.423935	0.000361522	2.31815	
129	0.118164	419.893	1.6821	0.210776	0.000401618	2.27304	
130	0.0427623	531.59	1.70542	-0.00781143	0.000438547	2.21726	
131	-0.0341845	643.563	1.72506	-0.230834	0.000472552	2.1508	
132	-0.112367	755.31	1.7407	-0.457277	0.000503875	2.07373	
133	-0.191476	866.328	1.75181	-0.686107	0.000532718	1.98613	
134	-0.271202	976.112	1.75768	-0.916289	0.000559207	1.88814	
135	-0.351234	1084.16	1.75758	-1.14678	0.000583378	1.77995	
136	-0.431256	1189.96	1.75091	-1.37655	0.000605182	1.6618	
137	-0.510953	1293.01	1.73732	-1.60457	0.000624505	1.53396	
138	-0.590007	1392.8	1.71685	-1.8298	0.000641205	1.39676	
139	-0.6681	1488.84	1.68991	-2.05124	0.000655153	1.25058	
140	-0.744913	1580.61	1.65726	-2.26785	0.000666276	1.09584	
141	-0.820127	1667.61	1.61983	-2.47863	0.000674583	0.933006	
142	-0.893422	1749.36	1.57856	-2.68256	0.00068018	0.762607	
143	-0.964471	1825.37	1.53421	-2.87864	0.000683262	0.585207	
144	-1.03294	1895.16	1.48717	-3.06584	0.000684097	0.401416	
145	-1.09848	1958.28	1.4374	-3.24318	0.000682993	0.211888	
146	-1.16075	2014.3	1.38447	-3.40966	0.000680269	0.0173175	
147	-1.21937	2062.79	1.32765	-3.5643	0.000676227	-0.181564	
148	-1.27399	2103.38	1.26612	-3.70615	0.000671136	-0.38399	
149	-1.32425	2135.72	1.19915	-3.8343	0.000665226	-0.589163	
150	-1.3698	2159.49	1.12625	-3.94786	0.000658698	-0.796256	
151	-1.41033	2174.43	1.04725	-4.04601	0.000651729	-1.00442	
152	-1.44553	2180.31	0.96229	-4.128	0.000644488	-1.21278	
153	-1.47517	2176.93	0.871697	-4.19314	0.000637141	-1.42044	
154	-1.49904	2164.15	0.775862	-4.24081	0.000629845	-1.62652	
155	-1.51697	2141.88	0.675089	-4.27051	0.000622732	-1.83009	
156	-1.52885	2110.06	0.569513	-4.2818	0.000615889	-2.03025	
157	-1.53459	2068.68	0.45909	-4.27435	0.000609333	-2.22609	
158	-1.53413	2017.77	0.343676	-4.24794	0.00060299	-2.41671	
159	-1.52745	1957.4	0.223153	-4.20242	0.00059669	-2.60121	
160	-1.51453	1887.69	0.0975758	-4.13775	0.000590171	-2.77871	
161	-1.49536	1808.78	-0.0327339	-4.054	0.000583107	-2.94834	
162	-1.46996	1720.87	-0.167165	-3.95127	0.000575139	-3.10927	
163	-1.43834	1624.19	-0.304888	-3.82981	0.000565907	-3.26065	
164	-1.40053	1518.98	-0.444998	-3.68988	0.000555086	-3.4017	
165	-1.35656	1405.56	-0.586687	-3.53186	0.000542391	-3.53165	
166	-1.30648	1284.25	-0.729397	-3.35618	0.000527584	-3.64976	
167	-1.25037	1155.44	-0.87289	-3.16334	0.000510447	-3.75533	
168	-1.18832	1019.53	-1.01722	-2.95391	0.000490764	-3.84769	
169	-1.12044	876.969	-1.16257	-2.72852	0.000468301	-3.92624	
170	-1.04687	728.25	-1.3091	-2.48789	0.000442792	-3.99039	
171	-0.967793	573.897	-1.45665	-2.23279	0.000413957	-4.03963	
172	-0.883419	414.474	-1.60461	-1.96409	0.000381528	-4.0735	
173	-0.794012	250.58	-1.75183	-1.6827	0.000345286	-4.0916	
174	-0.699877	82.8465	-1.89669	-1.38963	0.000305102	-4.09358	
175	-0.601371	-88.0629	-2.03722	-1.08594	0.000260961	-4.07915	
176	-0.498894	-261.458	-2.17137	-0.772796	0.000212966	-4.04812	
177	-0.392884	-436.624	-2.29729	-0.451395	0.000161321	-4.00034	
178	-0.28381	-612.828	-2.41349	-0.123023	0.000106289	-3.93573	
179	-0.172166	-789.32	-2.51895	0.210977	4.81487e-05	-3.8543	
180	-0.0584533	-965.339	-2.61314	0.549208	-1.28536e-05	-3.75613	
181	0.0568193	-1140.12	-2.69585	0.890224	-7.65258e-05	-3.64135	
182	0.173145	-1312.89	-2.76702	1.23254	-0.000142734	-3.5102	
183	0.290019	-1482.88	-2.8265	1.57464	-0.00021138	-3.36295	
184	0.406944	-1649.34	-2.87391	1.91501	-0.000282363	-3.19998	
185	0.523424	-1811.51	-2.90857	2.25209	-0.000355526	-3.02172	
186	0.638965	-1968.65	-2.92951	2.58435	-0.000430613	-2.82867	
187	0.753077	-2120.03	-2.93561	2.91029	-0.00050724	-2.62139	
188	0.865265	-2264.96	-2.92578	3.2284	-0.000584882	-2.40053	
189	0.975037	-2402.74	-2.89912	3.53722	-0.000662885	-2.16679	
190	1.0819	-2532.72	-2.85508	3.83532	-0.0007405	-1.92093	
191	1.18537	-2654.24	-2.79353	4.12132	-0.000816921	-1.66377	
192	1.28495	-2766.7	-2.71475	4.39387	-0.000891337	-1.39619	
193	1.38016	-2869.51	-2.61937	4.65169	-0.000962969	-1.11913	
194	1.47053	-2962.1	-2.50823	4.89352	-0.0010311	-0.833578	
195	1.55558	-3043.95	-2.38229	5.11817	-0.0010951	-0.540579	
196	1.63487	-3114.57	-2.24251	5.32449	-0.0011544	-0.241216	
197	1.70793	-3173.5	-2.08979	5.5114	-0.00120853	0.063383	
198	1.77434	-3220.32	-1.92496	5.67787	-0.00125707	0.372051	
199	1.83369	-3254.67	-1.7488	5.82294	-0.00129963	0.683589	
200	1.88559	-3276.21	-1.56204	5.94569	-0.0013359	0.996768	
201	1.92968	-3284.67	-1.3654	6.04532	-0.00136558	1.31034	
202	1.96565	-3279.84	-1.15963	6.12107	-0.00138843	1.62302	
203	1.99321	-3261.55	-0.945526	6.17228	-0.00140426	1.93354	
204	2.01214	-3229.7	-0.723899	6.19839	-0.00141291	2.2406	
205	2.02225	-3184.24	-0.495623	6.19894	-0.00141428	2.5429	
206	2.02342	-3125.18	-0.261621	6.17357	-0.00140827	2.83917	
207	2.01556	-3052.6	-0.0228771	6.12205	-0.00139481	3.12811	
208	1.99863	-2966.65	0.219547	6.04425	-0.00137384	3.40846	
209	1.97263	-2867.53	0.464503	5.94017	-0.00134527	3.67898	
210	1.93759	-2755.49	0.710748	5.80994	-0.00130906	3.93845	
211	1.89359	-2630.85	0.956952	5.65381	-0.00126515	4.18568	
212	1.84074	-2493.98	1.20171	5.47214	-0.00121358	4.41952	
213	1.77918	-2345.32	1.44357	5.26545	-0.00115444	4.63887	
214	1.7091	-2185.34	1.68104	5.03433	-0.00108793	4.84266	
215	1.6307	-2014.57	1.91267	4.77952	-0.00101433	5.02988	
216	1.54422	-1833.59	2.13702	4.50185	-0.000934028	5.19956	
217	1.44993	-1643.01	2.35274	4.20225	-0.000847492	5.35082	
218	1.34813	-1443.51	2.55853	3.88175	-0.000755246	5.48282	
219	1.23917	-1235.79	2.75323	3.54147	-0.000657859	5.59479	
220	1.12339	-1020.6	2.93579	3.18264	-0.000555931	5.68604	
221	1.00121	-798.731	3.10527	2.80652	-0.000450092	5.75596	
222	0.873066	-571.015	3.26084	2.4145	-0.000340997	5.80401	
223	0.739425	-338.319	3.40179	2.00802	-0.000229329	5.82974	
224	0.600804	-101.548	3.52745	1.5886	-0.000115801	5.83278	
225	0.457754	138.355	3.63722	1.15784	-1.15062e-06	5.81285	
226	0.310862	380.415	3.73053	0.717417	0.000113864	5.76979	
227	0.160745	623.627	3.8068	0.269068	0.000228473	5.70349	
228	0.00804868	866.954	3.86547	-0.185385	0.000341908	5.61397	
229	-0.146557	1109.34	3.90602	-0.644052	0.00045341	5.50136	
230	-0.302384	1349.7	3.92799	-1.10497	0.000562242	5.36587	
231	-0.458729	1586.94	3.93104	-1.56613	0.000667698	5.20781	
232	-0.614874	1819.96	3.91496	-2.02543	0.000769115	5.02763	
233	-0.770095	2047.65	3.87973	-2.48075	0.000865881	4.82586	
234	-0.923659	2268.9	3.82552	-2.92992	0.00095744	4.60314	
235	-1.07483	2482.63	3.75263	-3.37074	0.0010433	4.36021	
236	-1.22286	2687.75	3.66147	-3.801	0.00112302	4.09794	
237	-1.36699	2883.21	3.55249	-4.21849	0.00119623	3.81725	
238	-1.50647	3068	3.42611	-4.621	0.00126258	3.51921	
239	-1.64053	3241.15	3.28264	-5.00638	0.00132177	3.20494	
240	-1.7684	3401.74	3.12231	-5.37254	0.00137354	2.87568	
241	-1.88931	3548.91	2.94524	-5.71744	0.00141763	2.53272	
242	-2.00249	3681.86	2.75153	-6.03915	0.0014538	2.17746	
243	-2.10719	3799.88	2.54131	-6.33584	0.00148183	1.81134	
244	-2.20267	3902.33	2.31484	-6.60584	0.00150152	1.43587	
245	-2.28824	3988.66	2.07259	-6.84758	0.00151271	1.05262	
246	-2.36326	4058.41	1.81534	-7.0597	0.00151526	0.663182	
247	-2.42713	4111.21	1.54416	-7.24098	0.00150909	0.269204	
248	-2.47935	4146.79	1.26047	-7.39041	0.00149418	-0.127658	
249	-2.51947	4164.99	0.965963	-7.50718	0.00147058	-0.525729	
250	-2.54715	4165.72	0.662631	-7.59066	0.00143843	-0.923332	
251	-2.56216	4149.02	0.352685	-7.64045	0.00139792	-1.31879	
252	-2.56436	4114.98	0.038533	-7.65636	0.00134937	-1.71046	
253	-2.55372	4063.83	-0.277246	-7.63837	0.00129314	-2.09668	
254	-2.53032	3995.83	-0.591916	-7.58671	0.0012297	-2.47587	
255	-2.49437	3911.34	-0.902604	-7.50177	0.00115955	-2.84645	
256	-2.44618	3810.81	-1.20631	-7.38413	0.00108328	-3.2069	
257	-2.38615	3694.71	-1.49997	-7.23453	0.00100155	-3.55574	
258	-2.31482	3563.6	-1.78048	-7.05386	0.000915083	-3.89157	
259	-2.23277	3418.06	-2.04482	-6.84317	0.000824702	-4.21302	
260	-2.1407	3258.74	-2.29016	-6.60359	0.000731301	-4.5188	
261	-2.03935	3086.3	-2.51402	-6.33636	0.000635852	-4.8077	
262	-1.92949	2901.46	-2.71438	-6.04282	0.000539381	-5.07857	
263	-1.81195	2704.94	-2.88986	-5.72435	0.000442936	-5.33032	
264	-1.68751	2497.51	-3.03981	-5.38241	0.000347546	-5.56197	
265	-1.55699	2279.94	-3.16436	-5.01849	0.000254172	-5.77258	
266	-1.42114	2053.06	-3.2644	-4.63411	0.000163671	-5.96133	
267	-1.28067	1817.7	-3.34151	-4.23081	7.67658e-05	-6.12745	
268	-1.13624	1574.72	-3.39779	-3.81019	-5.96729e-06	-6.27027	
269	-0.988459	1325.02	-3.43566	-3.37385	-8.40941e-05	-6.38921	
270	-0.837863	1069.52	-3.45765	-2.92342	-0.000157304	-6.48377	
271	-0.684948	809.181	-3.46615	-2.46056	-0.000225381	-6.55354	
272	-0.530171	544.991	-3.46327	-1.98699	-0.000288179	-6.59821	
273	-0.373964	277.966	-3.45069	-1.50443	-0.000345589	-6.61754	
274	-0.216752	9.15324	-3.42959	-1.01469	-0.000397534	-6.61141	
275	-0.0589659	-260.376	-3.40073	-0.519613	-0.000443959	-6.57978	
276	0.0989393	-529.532	-3.3645	-0.0210827	-0.000484842	-6.52272	
277	0.256479	-797.21	-3.32098	0.478951	-0.000520212	-6.44039	
278	0.413132	-1062.3	-3.27012	0.978495	-0.000550164	-6.33305	
279	0.568337	-1323.69	-3.2118	1.47552	-0.00057488	-6.20106	
280	0.721498	-1580.28	-3.14591	1.96795	-0.000594633	-6.04488	
281	0.871992	-1830.99	-3.07235	2.4537	-0.000609794	-5.86507	
282	1.01917	-2074.76	-2.99108	2.9307	-0.000620814	-5.6623	
283	1.16239	-2310.58	-2.90211	3.39686	-0.000628214	-5.43733	
284	1.301	-2537.47	-2.80545	3.85015	-0.000632559	-5.19099	
285	1.43436	-2754.5	-2.70117	4.28858	-0.00063443	-4.92426	
286	1.56188	-2960.79	-2.5894	4.71022	-0.00063441	-4.63814	
287	1.68297	-3155.51	-2.47038	5.11324	-0.000633061	-4.33376	
288	1.79714	-3337.92	-2.34448	5.49592	-0.000630916	-4.01229	
289	1.90392	-3507.29	-2.21229	5.85663	-0.000628478	-3.675	
290	2.00292	-3663	-2.0746	6.19388	-0.000626222	-3.3232	
291	2.09381	-3804.46	-1.93242	6.50632	-0.0006246	-2.95825	
292	2.17633	-3931.15	-1.78689	6.79272	-0.000624047	-2.58157	
293	2.25029	-4042.61	-1.63925	7.05199	-0.000624986	-2.1946	
294	2.31554	-4138.44	-1.49069	7.28319	-0.000627818	-1.79884	
295	2.37201	-4218.27	-1.34225	7.48549	-0.000632919	-1.3958	
296	2.41963	-4281.82	-1.19464	7.65821	-0.000640614	-0.987028	
297	2.45839	-4328.85	-1.0482	7.80075	-0.000651151	-0.574074	
298	2.48826	-4359.15	-0.902781	7.91265	-0.000664676	-0.15852	
299	2.50922	-4372.61	-0.757758	7.99355	-0.000681199	0.25804	
300	2.52123	-4369.13	-0.612044	8.04317	-0.000700574	0.674005	
301	2.52423	-4348.69	-0.464215	8.06135	-0.000722482	1.08777	
302	2.51815	-4311.34	-0.312665	8.048	-0.000746438	1.49772	
303	2.50286	-4257.17	-0.155805	8.00312	-0.000771801	1.90227	
304	2.47827	-4186.33	0.00772619	7.92682	-0.000797811	2.29981	
305	2.44427	-4099.07	0.17888	7.81928	-0.000823628	2.68879	
306	2.40078	-3995.69	0.358056	7.6808	-0.000848385	3.06765	
307	2.34777	-3876.55	0.545041	7.51179	-0.000871236	3.43491	
308	2.28527	-3742.11	0.739023	7.31278	-0.000891405	3.78908	
309	2.2134	-3592.89	0.938692	7.08441	-0.000908213	4.12877	
310	2.13234	-3429.47	1.14239	6.82749	-0.000921094	4.45263	
311	2.04238	-3252.52	1.34832	6.54291	-0.000929597	4.75936	
312	1.9439	-3062.74	1.55466	6.23176	-0.000933367	5.04774	
313	1.83733	-2860.93	1.7598	5.89523	-0.000932121	5.31664	
314	1.72317	-2647.9	1.96233	5.53465	-0.000925619	5.565	
315	1.60194	-2424.54	2.16112	5.1515	-0.000913637	5.79185	
316	1.4742	-2191.74	2.35526	4.74735	-0.00089595	5.99629	
317	1.34051	-1950.46	2.54398	4.32389	-0.00087232	6.17752	
318	1.20145	-1701.66	2.72656	3.8829	-0.000842501	6.33486	
319	1.05757	-1446.32	2.90225	3.4262	-0.000806245	6.4677	
320	0.90942	-1185.44	3.07018	2.95572	-0.000763316	6.57553	
321	0.75755	-920.028	3.22937	2.47338	-0.000713512	6.65794	
322	0.6025	-651.106	3.37871	1.98114	-0.000656684	6.71461	
323	0.444812	-379.696	3.51693	1.48099	-0.00059276	6.74535	
324	0.285032	-106.826	3.64268	0.974897	-0.00052177	6.75002	
325	0.123713	166.474	3.75454	0.464829	-0.000443869	6.72862	
326	-0.0385764	439.169	3.85102	-0.0472534	-0.000359363	6.68122	
327	-0.201255	710.226	3.93064	-0.559405	-0.000268727	6.608	
328	-0.363724	978.61	3.99198	-1.0697	-0.000172608	6.50922	
329	-0.525363	1243.29	4.03372	-1.57622	-7.18224e-05	6.38526	
330	-0.685538	1503.24	4.05483	-2.07707	3.26786e-05	6.23657	
331	-0.843597	1757.44	4.05456	-2.57036	0.000139849	6.06372	
332	-0.998878	2004.89	4.03258	-3.05422	0.000248607	5.86737	
333	-1.15072	2244.6	3.98903	-3.52681	0.000357897	5.64827	
334	-1.29845	2475.61	3.92441	-3.98627	0.000466745	5.40728	
335	-1.44142	2696.99	3.83959	-4.43081	0.000574297	5.14532	
336	-1.57898	2907.83	3.73558	-4.85863	0.000679836	4.86342	
337	-1.71053	3107.29	3.6134	-5.268	0.000782771	4.56269	
338	-1.83547	3294.54	3.47394	-5.65722	0.000882611	4.24433	
339	-1.95324	3468.84	3.31782	-6.02466	0.000978914	3.90957	
340	-2.06331	3629.48	3.14541	-6.36878	0.00107124	3.55975	
341	-2.1652	3775.84	2.95689	-6.68811	0.00115912	3.19624	
342	-2.25845	3907.34	2.75237	-6.98131	0.00124201	2.82047	
343	-2.34267	4023.49	2.53207	-7.24713	0.00131931	2.43393	
344	-2.4175	4123.84	2.29649	-7.48448	0.00139035	2.03812	
345	-2.48263	4208.03	2.04646	-7.69238	0.00145444	1.63461	
346	-2.5378	4275.76	1.78322	-7.86999	0.00151088	1.22496	
347	-2.5828	4326.8	1.50828	-8.01664	0.001559	0.81078	
348	-2.61749	4360.99	1.22336	-8.13178	0.00159818	0.39368	
349	-2.64175	4378.21	0.930193	-8.21501	0.00162785	-0.0247154	
350	-2.6555	4378.42	0.63044	-8.26608	0.00164753	-0.44278	
351	-2.65871	4361.63	0.325651	-8.28484	0.00165679	-0.85889	
352	-2.65138	4327.91	0.0172953	-8.27129	0.00165526	-1.27143	
353	-2.63353	4277.4	-0.293126	-8.22555	0.00164266	-1.6788	
354	-2.6052	4210.28	-0.60394	-8.14785	0.00161881	-2.07941	
355	-2.56648	4126.8	-0.913189	-8.0385	0.00158365	-2.47171	
356	-2.51746	4027.25	-1.21858	-7.89794	0.00153727	-2.85416	
357	-2.45829	3912.02	-1.51754	-7.72669	0.00147994	-3.22528	
358	-2.38914	3781.52	-1.80738	-7.52539	0.00141214	-3.5836	
359	-2.31024	3636.24	-2.08549	-7.29474	0.00133454	-3.92774	
360	-2.22186	3476.73	-2.34959	-7.03558	0.001248	-4.25632	
361	-2.12433	3303.6	-2.59791	-6.74882	0.00115351	-4.56806	
362	-2.01803	3117.53	-2.82929	-6.43549	0.00105212	-4.86174	
363	-1.90341	2919.24	-3.04309	-6.09676	0.000944931	-5.1362	
364	-1.78095	2709.52	-3.23908	-5.73386	0.000832991	-5.39037	
365	-1.65118	2489.22	-3.41721	-5.34818	0.000717294	-5.62324	
366	-1.51468	2259.21	-3.57735	-4.94118	0.000598767	-5.83391	
367	-1.37204	2020.43	-3.71912	-4.51448	0.000478283	-6.02158	
368	-1.22392	1773.83	-3.84185	-4.06974	0.000356699	-6.1855	
369	-1.07096	1520.42	-3.94458	-3.60874	0.00023488	-6.32506	
370	-0.913852	1261.2	-4.0263	-3.13336	0.000113729	-6.43973	
371	-0.753287	997.224	-4.08614	-2.6455	-5.82566e-06	-6.52907	
372	-0.58996	729.53	-4.12363	-2.14715	-0.000122845	-6.59275	
373	-0.424563	459.176	-4.13883	-1.64033	-0.000236425	-6.63054	
374	-0.257779	187.222	-4.13239	-1.12708	-0.000345746	-6.64232	
375	-0.0902733	-85.2732	-4.1055	-0.609471	-0.000450109	-6.62806	
376	0.0773055	-357.255	-4.05966	-0.0895714	-0.00054895	-6.58783	
377	0.244326	-627.673	-3.99647	0.43056	-0.000641842	-6.5218	
378	0.410169	-895.489	-3.91738	0.948881	-0.000728451	-6.43025	
379	0.574226	-1159.67	-3.82355	1.46338	-0.000808503	-6.31354	
380	0.735892	-1419.21	-3.71577	1.97206	-0.000881729	-6.17214	
381	0.89456	-1673.11	-3.59455	2.47298	-0.00094784	-6.00661	
382	1.04963	-1920.38	-3.46024	2.96425	-0.00100652	-5.81761	
383	1.20048	-2160.07	-3.31327	3.44399	-0.00105743	-5.60589	
384	1.34653	-2391.23	-3.15426	3.9104	-0.00110029	-5.37227	
385	1.48718	-2612.97	-2.98421	4.36171	-0.00113486	-5.11768	
386	1.62185	-2824.39	-2.80448	4.79619	-0.00116107	-4.84313	
387	1.75	-3024.67	-2.6167	5.21218	-0.00117898	-4.5497	
388	1.8711	-3213	-2.42266	5.60804	-0.00118885	-4.23856	
389	1.98466	-3388.61	-2.22414	5.98224	-0.00119111	-3.91093	
390	2.09024	-3550.81	-2.02271	6.33326	-0.00118634	-3.56812	
391	2.18743	-3698.93	-1.81964	6.65969	-0.00117519	-3.21149	
392	2.27583	-3832.38	-1.61591	6.96019	-0.00115839	-2.84246	
393	2.35513	-3950.63	-1.41216	7.23351	-0.00113666	-2.46248	
394	2.42503	-4053.21	-1.2088	7.47851	-0.0011107	-2.07307	
395	2.48529	-4139.72	-1.00608	7.69416	-0.00108118	-1.67577	
396	2.53569	-4209.83	-0.804175	7.87957	-0.00104868	-1.27215	
397	2.57608	-4263.27	-0.603223	8.03395	-0.00101375	-0.863811	
398	2.60635	-4299.87	-0.403362	8.15668	-0.000976879	-0.452366	
399	2.62642	-4319.5	-0.204737	8.24726	-0.000938504	-0.0394364	
400	2.63626	-4322.1	-0.00751261	8.30536	-0.000899007	0.373349	
401	2.63589	-4307.7	0.188111	8.33076	-0.000858714	0.784365	
402	2.62534	-4276.37	0.381861	8.32342	-0.000817892	1.192	
403	2.60468	-4228.25	0.573354	8.2834	-0.000776754	1.59464	
404	2.57401	-4163.56	0.762062	8.21094	-0.00073547	1.99071	
405	2.53345	-4082.54	0.947298	8.10637	-0.000694186	2.37867	
406	2.48317	-3985.53	1.12825	7.97016	-0.00065305	2.75697	
407	2.42333	-3872.9	1.30401	7.80289	-0.000612236	3.12414	
408	2.35417	-3745.08	1.47372	7.60524	-0.000571956	3.47873	
409	2.27592	-3602.57	1.63661	7.37801	-0.000532469	3.81935	
410	2.18889	-3445.92	1.79209	7.12208	-0.000494061	4.14465	
411	2.09339	-3275.71	1.93983	6.83846	-0.000457019	4.45336	
412	1.98979	-3092.62	2.07975	6.52821	-0.000421598	4.74425	
413	1.87848	-2897.35	2.21193	6.19252	-0.000387992	5.01617	
414	1.7599	-2690.65	2.33661	5.83265	-0.000356309	5.26806	
415	1.6345	-2473.34	2.45405	5.44996	-0.000326567	5.49892	
416	1.50278	-2246.28	2.56446	5.04591	-0.000298696	5.70783	
417	1.36526	-2010.37	2.66793	4.62204	-0.000272558	5.89399	
418	1.22248	-1766.56	2.76448	4.17997	-0.000247957	6.05665	
419	1.07502	-1515.81	2.85402	3.72141	-0.00022466	6.19518	
420	0.923473	-1259.13	2.93645	3.24817	-0.000202392	6.30905	
421	0.768436	-997.575	3.01168	2.76211	-0.000180841	6.39781	
422	0.610525	-732.179	3.07973	2.26517	-0.000159644	6.46112	
423	0.45036	-464.013	3.1407	1.75933	-0.000138388	6.49875	
424	0.28856	-194.15	3.19475	1.24663	-0.000116604	6.51057	
425	0.12574	76.3324	3.24207	0.729144	-9.37801e-05	6.49653	
426	-0.0374884	346.362	3.28275	0.208958	-6.93807e-05	6.45673	
427	-0.200519	614.874	3.31674	-0.311828	-4.28725e-05	6.39132	
428	-0.362753	880.812	3.34375	-0.831122	-1.37555e-05	6.30058	
429	-0.523597	1143.14	3.36324	-1.34685	1.84061e-05	6.1849	
430	-0.682463	1400.83	3.3744	-1.85697	5.39582e-05	6.04474	
431	-0.838767	1652.89	3.37625	-2.35947	9.31357e-05	5.88066	
432	-0.991929	1898.34	3.36768	-2.85239	0.000136052	5.69333	
433	-1.14138	2136.22	3.34756	-3.33383	0.000182693	5.4835	
434	-1.28654	2365.62	3.31488	-3.80193	0.000232926	5.252	
435	-1.42685	2585.63	3.26876	-4.25491	0.000286508	4.99976	
436	-1.56175	2795.4	3.20857	-4.69105	0.000343101	4.72777	
437	-1.69071	2994.11	3.13392	-5.10868	0.000402298	4.43712	
438	-1.81321	3180.95	3.04466	-5.50622	0.000463639	4.12897	
439	-1.92873	3355.2	2.94088	-5.88213	0.000526628	3.80453	
440	-2.03681	3516.15	2.82281	-6.23496	0.000590751	3.46509	
441	-2.13701	3663.14	2.69083	-6.56334	0.000655488	3.11201	
442	-2.22891	3795.59	2.54537	-6.86598	0.000720315	2.74668	
443	-2.31213	3912.94	2.38694	-7.14165	0.000784713	2.37056	
444	-2.38635	4014.74	2.21602	-7.38924	0.000848172	1.98514	
445	-2.45125	4100.55	2.03312	-7.60775	0.000910187	1.59196	
446	-2.50659	4170.04	1.83875	-7.79627	0.000970259	1.19257	
447	-2.55212	4222.93	1.63342	-7.954	0.00102789	0.788572	
448	-2.58767	4259.01	1.41769	-8.08029	0.00108257	0.381566	
449	-2.61308	4278.15	1.19215	-8.17461	0.00113377	-0.0268297	
450	-2.62824	4280.28	0.957482	-8.23657	0.00118094	-0.434993	
451	-2.63309	4265.41	0.714439	-8.26592	0.00122351	-0.841303	
452	-2.62758	4233.62	0.46389	-8.26255	0.00126087	-1.24415	
453	-2.61173	4185.04	0.206824	-8.22648	0.00129242	-1.64194	
454	-2.5856	4119.9	-0.0556336	-8.15791	0.00131758	-2.03309	
455	-2.54926	4038.45	-0.322217	-8.05714	0.00133579	-2.41607	
456	-2.50285	3941.04	-0.591525	-7.92462	0.00134658	-2.78936	
457	-2.44654	3828.05	-0.862034	-7.76093	0.00134956	-3.15149	
458	-2.38055	3699.94	-1.13214	-7.56676	0.00134442	-3.50103	
459	-2.30512	3557.2	-1.40017	-7.34294	0.00133095	-3.8366	
460	-2.22053	3400.41	-1.66447	-7.09039	0.00130903	-4.15687	
461	-2.1271	3230.17	-1.92341	-6.81012	0.0012786	-4.46059	
462	-2.02518	3047.15	-2.17542	-6.50326	0.00123968	-4.74655	
463	-1.91516	2852.04	-2.41901	-6.17103	0.00119236	-5.01362	
464	-1.79746	2645.63	-2.65275	-5.81473	0.00113681	-5.26074	
465	-1.67252	2428.7	-2.87524	-5.43573	0.00107327	-5.48694	
466	-1.54085	2202.11	-3.0851	-5.0355	0.00100209	-5.69131	
467	-1.40294	1966.74	-3.28099	-4.61559	0.000923709	-5.87304	
468	-1.25935	1723.54	-3.46158	-4.1776	0.000838669	-6.03141	
469	-1.11065	1473.46	-3.62564	-3.72324	0.000747585	-6.16578	
470	-0.95744	1217.51	-3.77209	-3.25425	0.000651129	-6.27562	
471	-0.800341	956.696	-3.90007	-2.77247	0.000549996	-6.3605	
472	-0.639992	692.075	-4.00904	-2.27977	0.000444872	-6.42007	
473	-0.477044	424.705	-4.09874	-1.77811	0.000336414	-6.4541	
474	-0.31216	155.662	-4.16923	-1.26947	0.000225232	-6.46245	
475	-0.146003	-113.976	-4.22078	-0.755885	0.000111895	-6.44509	
476	0.0207583	-383.126	-4.25379	-0.239407	-3.06127e-06	-6.40209	
477	0.187459	-650.715	-4.26862	0.277883	-0.000119108	-6.33363	
478	0.353439	-915.674	-4.26548	0.793904	-0.000235695	-6.23999	
479	0.51804	-1176.95	-4.24437	1.30658	-0.000352224	-6.12153	
480	0.680611	-1433.52	-4.20502	1.81384	-0.000468026	-5.97874	
481	0.840508	-1684.37	-4.14697	2.31366	-0.000582356	-5.81217	
482	0.997094	-1928.5	-4.06962	2.80406	-0.00069439	-5.62251	
483	1.14974	-2164.98	-3.97241	3.28307	-0.000803245	-5.41049	
484	1.29784	-2392.87	-3.85494	3.74883	-0.000908001	-5.17697	
485	1.44078	-2611.29	-3.71713	4.19951	-0.00100772	-4.92286	
486	1.57799	-2819.37	-3.55927	4.63336	-0.00110151	-4.64916	
487	1.70892	-3016.32	-3.38208	5.04871	-0.00118848	-4.35697	
488	1.83303	-3201.35	-3.1867	5.44396	-0.00126783	-4.04744	
489	1.94982	-3373.74	-2.97459	5.81759	-0.00133884	-3.72178	
490	2.05881	-3532.8	-2.74747	6.16817	-0.00140089	-3.38129	
491	2.15955	-3677.9	-2.50723	6.49435	-0.00145342	-3.0273	
492	2.25164	-3808.45	-2.2558	6.79488	-0.00149602	-2.66123	
493	2.3347	-3923.93	-1.99515	7.06858	-0.00152838	-2.28451	
494	2.40838	-4023.86	-1.72716	7.31438	-0.00155031	-1.89864	
495	2.4724	-4107.83	-1.45369	7.53131	-0.00156176	-1.50515	
496	2.52648	-4175.5	-1.1765	7.7185	-0.0015628	-1.1056	
497	2.57042	-4226.59	-0.897292	7.87518	-0.00155364	-0.70157	
498	2.60404	-4260.89	-0.617696	8.00071	-0.00153463	-0.294665	
499	2.62722	-4278.24	-0.339277	8.09455	-0.00150619	0.1135	
500	2.63986	-4278.59	-0.063531	8.15631	-0.00146887	0.521304	
501	2.64193	-4261.93	0.208135	8.18572	-0.00142328	0.927128	
502	2.63344	-4228.34	0.474415	8.18263	-0.00137009	1.32936	
503	2.61443	-4177.95	0.734123	8.14705	-0.00131001	1.72641	
504	2.58501	-4110.97	0.98621	8.07911	-0.00124379	2.11669	
505	2.54529	-4027.69	1.22978	7.9791	-0.00117217	2.49867	
506	2.49548	-3928.44	1.46408	7.84742	-0.00109593	2.87082	
507	2.43579	-3813.62	1.68851	7.68463	-0.00101581	3.23168	
508	2.36648	-3683.71	1.90258	7.4914	-0.000932538	3.57981	
509	2.28785	-3539.22	2.10588	7.26856	-0.000846824	3.91384	
510	2.20023	-3380.72	2.29806	7.01701	-0.000759329	4.23245	
511	2.10398	-3208.84	2.47873	6.7378	-0.000670678	4.53436	
512	1.9995	-3024.26	2.64747	6.43207	-0.000581461	4.8184	
513	1.8872	-2827.7	2.80379	6.10105	-0.000492241	5.08342	
514	1.76753	-2619.92	2.94713	5.74607	-0.000403564	5.32839	
515	1.64097	-2401.74	3.07688	5.36854	-0.000315968	5.55232	
516	1.50801	-2173.99	3.19243	4.96995	-0.000229988	5.75433	
517	1.36918	-1937.59	3.29328	4.55185	-0.000146152	5.93362	
518	1.22503	-1693.44	3.37904	4.11588	-6.49721e-05	6.08946	
519	1.07614	-1442.5	3.44954	3.66372	1.3072e-05	6.22123	
520	0.923094	-1185.77	3.50486	3.19712	8.75527e-05	6.32841	
521	0.766502	-924.248	3.54531	2.71791	0.000158111	6.41055	
522	0.606988	-658.983	3.57142	2.22794	0.000224471	6.46733	
523	0.445187	-391.027	3.58387	1.72912	0.00028644	6.49852	
524	0.281741	-121.447	3.5834	1.22341	0.000343915	6.50397	
525	0.1173	148.679	3.57078	0.71281	0.000396865	6.48367	
526	-0.0474829	418.272	3.54668	0.199337	0.000445328	6.43769	
527	-0.211955	686.252	3.51168	-0.314962	0.000489396	6.3662	
528	-0.375465	951.55	3.46626	-0.82803	0.000529209	6.26947	
529	-0.537366	1213.11	3.41078	-1.33781	0.000564951	6.1479	
530	-0.697023	1469.88	3.34555	-1.84225	0.000596843	6.00194	
531	-0.853812	1720.86	3.27085	-2.33932	0.000625142	5.83219	
532	-1.00713	1965.04	3.18696	-2.82702	0.000650134	5.6393	
533	-1.15638	2201.47	3.0942	-3.30339	0.000672127	5.42404	
534	-1.30101	2429.22	2.9929	-3.76654	0.000691433	5.18726	
535	-1.44047	2647.39	2.88338	-4.21461	0.000708354	4.92989	
536	-1.57423	2855.13	2.76595	-4.64584	0.000723172	4.65294	
537	-1.70179	3051.63	2.64088	-5.05852	0.000736132	4.35751	
538	-1.82267	3236.12	2.50835	-5.45103	0.000747438	4.04476	
539	-1.9364	3407.88	2.36851	-5.82186	0.000757261	3.71592	
540	-2.04254	3566.24	2.2215	-6.16956	0.000765735	3.37228	
541	-2.14066	3710.58	2.06746	-6.49279	0.000772979	3.0152	
542	-2.23038	3840.31	1.90663	-6.7903	0.000779096	2.64608	
543	-2.31133	3954.93	1.73934	-7.06095	0.000784189	2.26636	
544	-2.38318	4053.97	1.5661	-7.30369	0.000788362	1.87756	
545	-2.44565	4137.03	1.38759	-7.51758	0.000791726	1.48119	
546	-2.49848	4203.78	1.20461	-7.70178	0.000794394	1.07882	
547	-2.54147	4253.93	1.0181	-7.85557	0.000796487	0.672038	
548	-2.57446	4287.28	0.829041	-7.97832	0.000798127	0.262451	
549	-2.59733	4303.69	0.638419	-8.06953	0.000799436	-0.148324	
550	-2.61001	4303.06	0.447154	-8.12882	0.000800537	-0.558661	
551	-2.61245	4285.42	0.25605	-8.15593	0.000801543	-0.966939	
552	-2.60467	4250.81	0.0657498	-8.15071	0.000802553	-1.37154	
553	-2.58671	4199.37	-0.1233	-8.11316	0.000803637	-1.77087	
554	-2.55864	4131.31	-0.310863	-8.04341	0.000804822	-2.16334	
555	-2.52059	4046.9	-0.496916	-7.9417	0.000806075	-2.5474	
556	-2.47271	3946.49	-0.681636	-7.80844	0.00080729	-2.92153	
557	-2.41518	3830.47	-0.865353	-7.64414	0.000808278	-3.28426	
558	-2.34822	3699.31	-1.04849	-7.44947	0.000808757	-3.63416	
559	-2.27209	3553.54	-1.23149	-7.22521	0.000808358	-3.96983	
560	-2.18707	3393.74	-1.41468	-6.97227	0.000806633	-4.28996	
561	-2.09348	3220.55	-1.5982	-6.69168	0.000803075	-4.59329	
562	-1.99168	3034.65	-1.78188	-6.38459	0.000797134	-4.87861	
563	-1.88205	2836.78	-1.96522	-6.05223	0.000788254	-5.1448	
564	-1.765	2627.7	-2.14731	-5.69594	0.000775896	-5.3908	
565	-1.64098	2408.25	-2.32694	-5.31717	0.000759567	-5.61565	
566	-1.51047	2179.28	-2.50263	-4.91741	0.000738839	-5.81846	
567	-1.37397	1941.67	-2.67274	-4.49826	0.000713372	-5.99841	
568	-1.23201	1696.37	-2.83567	-4.06136	0.000682914	-6.15481	
569	-1.08515	1444.32	-2.98992	-3.60844	0.000647305	-6.28701	
570	-0.933967	1186.51	-3.1342	-3.14125	0.000606471	-6.3945	
571	-0.77905	923.944	-3.2675	-2.66162	0.00056041	-6.47685	
572	-0.621007	657.661	-3.38899	-2.17142	0.000509188	-6.53372	
573	-0.460452	388.705	-3.49808	-1.67256	0.000452923	-6.56488	
574	-0.298007	118.138	-3.59424	-1.16699	0.000391784	-6.57019	
575	-0.134302	-152.97	-3.67697	-0.656685	0.000325989	-6.54964	
576	0.0300293	-423.545	-3.74574	-0.143645	0.0002558	-6.50328	
577	0.194346	-692.51	-3.79996	0.370107	0.000181534	-6.4313	
578	0.358005	-958.798	-3.83901	0.88254	0.000103555	-6.33397	
579	0.520361	-1221.35	-3.86227	1.39162	2.22746e-05	-6.21167	
580	0.680768	-1479.12	-3.86923	1.89532	-6.18576e-05	-6.06487	
581	0.838587	-1731.08	-3.85949	2.39163	-0.000148361	-5.89415	
582	0.993185	-1976.24	-3.83284	2.87855	-0.000236737	-5.70018	
583	1.14395	-2213.63	-3.78923	3.35415	-0.000326475	-5.48372	
584	1.29026	-2442.31	-3.72874	3.8165	-0.000417057	-5.24562	
585	1.43156	-2661.37	-3.65154	4.26377	-0.000507959	-4.98681	
586	1.56727	-2869.96	-3.55779	4.69415	-0.000598639	-4.70832	
587	1.69686	-3067.26	-3.44764	5.10593	-0.00068853	-4.41124	
588	1.81982	-3252.5	-3.3212	5.49747	-0.000777035	-4.09673	
589	1.93564	-3424.96	-3.17857	5.86724	-0.000863517	-3.76605	
590	2.04388	-3583.97	-3.01984	6.21376	-0.000947307	-3.42047	
591	2.14409	-3728.9	-2.84523	6.5357	-0.00102771	-3.06137	
592	2.23587	-3859.19	-2.65509	6.83178	-0.00110402	-2.69016	
593	2.31885	-3974.33	-2.44996	7.10088	-0.00117554	-2.30828	
594	2.39267	-4073.86	-2.23061	7.34195	-0.0012416	-1.91725	
595	2.45705	-4157.4	-1.99804	7.55405	-0.00130157	-1.5186	
596	2.5117	-4224.6	-1.75344	7.73638	-0.00135484	-1.11389	
597	2.55642	-4275.2	-1.49819	7.88822	-0.00140088	-0.704718	
598	2.59101	-4309	-1.23381	8.00898	-0.00143921	-0.292694	
599	2.61532	-4325.84	-0.961938	8.09819	-0.00146942	0.120562	
