0	0	0	0	0	0	0	
1	0	0	0	0	0	0	
2	0	0	0	0	0	0	
3	0	0.000244903	0	-9.69023e-08	2.39591e-25	1.89712e-09	
4	0	0.000930273	0	-3.68088e-07	9.58107e-25	7.57351e-09	
5	2.27848e-20	0.00347376	-2.85043e-21	-1.46925e-06	-3.09965e-19	3.00904e-08	
6	1.06068e-19	0.00904565	-5.61325e-21	-3.93911e-06	-1.23742e-18	8.23759e-08	
7	3.00588e-15	0.021936	8.44902e-13	-1.01143e-05	-1.94692e-17	2.11791e-07	
8	1.19995e-14	0.045791	3.34194e-12	-2.19626e-05	-7.15553e-17	4.65088e-07	
9	1.45945e-13	0.0900152	3.29933e-11	-4.54741e-05	-4.72521e-16	9.65737e-07	
10	5.22817e-13	0.162777	1.13894e-10	-8.5792e-05	-1.53464e-15	1.83525e-06	
11	2.85118e-12	0.281096	5.75984e-10	-0.000155443	-6.64686e-15	3.3361e-06	
12	8.82417e-12	0.459977	1.7299e-09	-0.000265338	-1.91661e-14	5.72577e-06	
13	3.29798e-11	0.726476	6.22375e-09	-0.000438241	-6.41657e-14	9.48929e-06	
14	8.97125e-11	1.10468	1.65482e-08	-0.000694191	-1.66462e-13	1.51008e-05	
15	2.66717e-10	1.63367	4.80537e-08	-0.00107046	-4.66919e-13	2.33685e-05	
16	6.50736e-10	2.34846	1.15179e-07	-0.00160011	-1.10483e-12	3.50794e-05	
17	1.65302e-09	3.30132	2.87716e-07	-0.00233936	-2.71878e-12	5.14764e-05	
18	3.67993e-09	4.53925	6.31345e-07	-0.00333834	-5.93959e-12	7.37646e-05	
19	8.31688e-09	6.12785	1.40806e-06	-0.00467631	-1.32e-11	0.000103734	
20	1.71286e-08	8.12611	2.8646e-06	-0.00642421	-2.6901e-11	0.000143112	
21	3.53295e-08	10.6117	5.84174e-06	-0.00868748	-5.50602e-11	0.000194339	
22	6.80595e-08	13.6543	1.11319e-05	-0.0115607	-1.05581e-10	0.000259758	
23	1.30338e-07	17.3409	2.10993e-05	-0.015177	-2.01819e-10	0.000342539	
24	2.36951e-07	21.7494	3.79739e-05	-0.019656	-3.66768e-10	0.000445711	
25	4.26526e-07	26.9718	6.76897e-05	-0.0251581	-6.61544e-10	0.000573218	
26	7.37033e-07	33.0899	0.000115846	-0.0318271	-1.14624e-09	0.000728807	
27	1.25847e-06	40.1953	0.00019592	-0.0398475	-1.96638e-09	0.000917195	
28	2.07917e-06	48.3684	0.000320633	-0.049384	-3.26482e-09	0.00114283	
29	3.39128e-06	57.6936	0.000517979	-0.0606393	-5.36003e-09	0.00141115	
30	5.38301e-06	68.2433	0.000814386	-0.073793	-8.56413e-09	0.00172722	
31	8.43355e-06	80.0872	0.00126347	-0.0890565	-1.35228e-08	0.00209708	
32	1.29136e-05	93.2826	0.00191583	-0.106615	-2.08676e-08	0.0025263	
33	1.95196e-05	107.877	0.00286673	-0.126678	-3.18191e-08	0.00302131	
34	2.89309e-05	123.904	0.00420604	-0.149425	-4.7569e-08	0.00358798	
35	4.23445e-05	141.381	0.0060915	-0.175045	-7.02796e-08	0.00423288	
36	6.09252e-05	160.313	0.0086718	-0.2037	-1.02058e-07	0.00496192	
37	8.66061e-05	180.679	0.012191	-0.235545	-1.46508e-07	0.0057815	
38	0.000121263	202.447	0.0168791	-0.270704	-2.07133e-07	0.00669726	
39	0.000167838	225.554	0.0230895	-0.309281	-2.89606e-07	0.00771505	
40	0.000229178	249.927	0.0311546	-0.351349	-3.99424e-07	0.00883986	
41	0.00030951	275.455	0.0415536	-0.396941	-5.45032e-07	0.0100766	
42	0.000412908	302.019	0.0547358	-0.44606	-7.34585e-07	0.0114293	
43	0.000545115	329.461	0.0713071	-0.498655	-9.79993e-07	0.0129015	
44	0.000711639	357.614	0.0918334	-0.554643	-1.29271e-06	0.0144957	
45	0.000919841	386.272	0.117025	-0.613873	-1.68866e-06	0.0162137	
46	0.00117675	415.225	0.147542	-0.676167	-2.18307e-06	0.0180564	
47	0.00149125	444.221	0.184146	-0.741261	-2.7961e-06	0.0200233	
48	0.00187179	473.008	0.227537	-0.808871	-3.54692e-06	0.022113	
49	0.00232842	501.296	0.278445	-0.87862	-4.45964e-06	0.024323	
50	0.00287061	528.798	0.337526	-0.950111	-5.55702e-06	0.0266491	
51	0.00350895	555.194	0.405359	-1.02285	-6.86621e-06	0.0290862	
52	0.00425324	580.171	0.482447	-1.09634	-8.4126e-06	0.0316276	
53	0.00511363	603.391	0.569082	-1.16996	-1.02247e-05	0.0342654	
54	0.0060993	624.525	0.665484	-1.24312	-1.23289e-05	0.0369902	
55	0.00721874	643.23	0.771526	-1.31512	-1.47527e-05	0.0397913	
56	0.0084793	659.173	0.887015	-1.38526	-1.75211e-05	0.0426566	
57	0.00988649	672.019	1.0113	-1.45276	-2.0658e-05	0.0455728	
58	0.0114445	681.448	1.14366	-1.51687	-2.41841e-05	0.0485255	
59	0.0131546	687.146	1.28285	-1.57675	-2.81167e-05	0.051499	
60	0.0150165	688.818	1.4276	-1.63159	-3.24694e-05	0.0544767	
61	0.0170262	686.189	1.57606	-1.68054	-3.725e-05	0.0574412	
62	0.0191781	679.003	1.72638	-1.72279	-4.24623e-05	0.0603741	
63	0.021462	667.032	1.87623	-1.75749	-4.81026e-05	0.0632566	
64	0.0238664	650.076	2.02329	-1.78384	-5.41633e-05	0.0660695	
65	0.0263752	627.969	2.16485	-1.80105	-6.06279e-05	0.0687933	
66	0.0289707	600.574	2.29828	-1.80836	-6.74762e-05	0.0714083	
67	0.0316315	567.797	2.42075	-1.80507	-7.46797e-05	0.0738953	
68	0.0343345	529.576	2.52951	-1.79051	-8.2206e-05	0.0762348	
69	0.0370538	485.894	2.62183	-1.76409	-9.0016e-05	0.0784086	
70	0.0397624	436.769	2.69508	-1.72527	-9.80669e-05	0.0803981	
71	0.0424315	382.271	2.74688	-1.67361	-0.000106312	0.082187	
72	0.0450316	322.499	2.77494	-1.60872	-0.0001147	0.0837585	
73	0.0475332	257.61	2.77739	-1.53032	-0.000123181	0.0850982	
74	0.0499062	187.787	2.7525	-1.43821	-0.000131699	0.0861919	
75	0.052122	113.27	2.69903	-1.33232	-0.000140203	0.0870281	
76	0.0541518	34.3271	2.61588	-1.21264	-0.000148638	0.0875952	
77	0.0559697	-48.7252	2.5025	-1.0793	-0.000156953	0.0878847	
78	0.05755	-135.541	2.3585	-0.932512	-0.000165097	0.0878882	
79	0.0588703	-225.73	2.18397	-0.772626	-0.000173023	0.0876001	
80	0.0599091	-318.878	1.97916	-0.600071	-0.000180684	0.0870152	
81	0.0606484	-414.532	1.74476	-0.415415	-0.000188039	0.0861307	
82	0.0610713	-512.218	1.48159	-0.219303	-0.000195047	0.0849445	
83	0.0611642	-611.432	1.19081	-0.012513	-0.000201669	0.083456	
84	0.0609149	-711.652	0.873727	0.204103	-0.000207868	0.0816656	
85	0.0603132	-812.336	0.531881	0.429573	-0.000213611	0.0795748	
86	0.0593514	-912.928	0.16696	0.662857	-0.000218861	0.0771861	
87	0.0580221	-1012.86	-0.219182	0.90281	-0.000223583	0.0745019	
88	0.0563206	-1111.56	-0.624548	1.14823	-0.000227743	0.0715263	
89	0.0542417	-1208.44	-1.04701	1.39783	-0.000231301	0.0682625	
90	0.051783	-1302.93	-1.48429	1.65027	-0.000234219	0.0647152	
91	0.0489401	-1394.45	-1.93401	1.90415	-0.000236451	0.060888	
92	0.0457123	-1482.43	-2.39365	2.15805	-0.000237953	0.0567861	
93	0.0420959	-1566.3	-2.86057	2.41049	-0.000238671	0.0524128	
94	0.038091	-1645.53	-3.33201	2.65997	-0.000238553	0.0477735	
95	0.0336949	-1719.58	-3.80512	2.905	-0.000237536	0.0428718	
96	0.0289085	-1787.93	-4.27693	3.14406	-0.000235561	0.0377131	
97	0.0237305	-1850.11	-4.74442	3.37565	-0.000232556	0.0323013	
98	0.0181635	-1905.64	-5.20448	3.59829	-0.000228455	0.0266426	
99	0.0122087	-1954.09	-5.654	3.8105	-0.000223181	0.0207417	
100	0.00587119	-1995.05	-6.08983	4.01087	-0.000216662	0.0146058	
101	-0.000843566	-2028.14	-6.50888	4.19802	-0.000208822	0.00824189	
102	-0.00792671	-2053.03	-6.90806	4.37062	-0.000199586	0.00165869	
103	-0.015367	-2069.4	-7.28443	4.52739	-0.000188879	-0.00513401	
104	-0.0231502	-2076.99	-7.63508	4.66714	-0.000176634	-0.0121247	
105	-0.0312578	-2075.56	-7.9573	4.78874	-0.000162781	-0.0192999	
106	-0.0396688	-2064.93	-8.24843	4.89115	-0.000147262	-0.0266446	
107	-0.0483564	-2044.93	-8.50605	4.97342	-0.000130022	-0.0341411	
108	-0.0572919	-2015.47	-8.72783	5.03467	-0.000111016	-0.0417704	
109	-0.0664396	-1976.48	-8.91162	5.07414	-9.02072e-05	-0.0495101	
110	-0.0757626	-1927.92	-9.05541	5.09117	-6.75724e-05	-0.0573369	
111	-0.0852167	-1869.83	-9.15731	5.08519	-4.30986e-05	-0.0652238	
112	-0.094757	-1802.25	-9.21559	5.05576	-1.67868e-05	-0.0731434	
113	-0.104332	-1725.3	-9.22857	5.00252	1.13469e-05	-0.081065	
114	-0.113889	-1639.13	-9.19476	4.92525	4.12721e-05	-0.0889572	
115	-0.123372	-1543.91	-9.11267	4.82382	7.294e-05	-0.0967865	
116	-0.132723	-1439.9	-8.98104	4.69823	0.000106287	-0.104519	
117	-0.141881	-1327.37	-8.7986	4.54858	0.000141231	-0.112119	
118	-0.150786	-1206.63	-8.56434	4.3751	0.000177672	-0.119551	
119	-0.159376	-1078.04	-8.27732	4.17813	0.00021549	-0.12678	
120	-0.16759	-941.999	-7.93689	3.95809	0.000254554	-0.13377	
121	-0.17537	-798.949	-7.54258	3.71556	0.000294707	-0.140486	
122	-0.182654	-649.366	-7.09427	3.45119	0.000335782	-0.146893	
123	-0.189389	-493.757	-6.59218	3.16575	0.000377593	-0.152959	
124	-0.195519	-332.672	-6.03687	2.86011	0.000419941	-0.158652	
125	-0.200994	-166.689	-5.42944	2.53524	0.000462613	-0.163942	
126	-0.205767	3.57906	-4.77133	2.19221	0.000505382	-0.168799	
127	-0.209795	177.493	-4.06463	1.83218	0.000548012	-0.173197	
128	-0.213036	354.382	-3.31177	1.4564	0.000590259	-0.177111	
129	-0.215455	533.554	-2.51586	1.06621	0.000631865	-0.180517	
130	-0.217019	714.29	-1.68031	0.663011	0.000672571	-0.183394	
131	-0.217701	895.852	-0.809179	0.248304	0.000712107	-0.185722	
132	-0.217473	1077.48	0.0932465	-0.176344	0.000750205	-0.187482	
133	-0.216314	1258.41	1.02221	-0.609307	0.000786584	-0.188659	
134	-0.214206	1437.85	1.97275	-1.04889	0.00082097	-0.189236	
135	-0.21113	1615.02	2.93969	-1.49335	0.000853077	-0.189201	
136	-0.207075	1789.1	3.91768	-1.94088	0.00088263	-0.188542	
137	-0.202026	1959.29	4.90144	-2.38963	0.000909342	-0.187247	
138	-0.195978	2124.8	5.88556	-2.83774	0.00093294	-0.185308	
139	-0.188921	2284.82	6.86491	-3.28327	0.000953147	-0.182717	
140	-0.180854	2438.55	7.8343	-3.72429	0.000969697	-0.179469	
141	-0.171773	2585.23	8.78893	-4.15884	0.00098233	-0.175558	
142	-0.161682	2724.08	9.72401	-4.58495	0.000990799	-0.170983	
143	-0.150586	2854.36	10.6352	-5.00064	0.000994874	-0.165743	
144	-0.138495	2975.33	11.5181	-5.40394	0.000994341	-0.159839	
145	-0.125422	3086.31	12.3687	-5.79289	0.000989011	-0.153277	
146	-0.111389	3186.63	13.1833	-6.16556	0.000978717	-0.146063	
147	-0.0964211	3275.65	13.9579	-6.52004	0.000963327	-0.138206	
148	-0.0805493	3352.78	14.6892	-6.85445	0.000942733	-0.129719	
149	-0.0638136	3417.47	15.3735	-7.16698	0.000916871	-0.120618	
150	-0.0462584	3469.21	16.0075	-7.45586	0.000885703	-0.110921	
151	-0.0279377	3507.55	16.5875	-7.7194	0.000849236	-0.10065	
152	-0.00891017	3532.07	17.1103	-7.95598	0.000807505	-0.0898303	
153	0.0107563	3542.44	17.5723	-8.16406	0.000760588	-0.078491	
154	0.0309897	3538.35	17.9702	-8.34221	0.00070859	-0.0666633	
155	0.0517097	3519.59	18.3005	-8.48909	0.000651649	-0.0543825	
156	0.0728323	3485.97	18.5599	-8.60348	0.000589931	-0.0416862	
157	0.0942679	3437.4	18.7451	-8.68429	0.000523623	-0.0286155	
158	0.115923	3373.84	18.8531	-8.73055	0.000452935	-0.0152136	
159	0.137701	3295.33	18.8809	-8.74142	0.00037809	-0.00152665	
160	0.159503	3201.95	18.8259	-8.71624	0.00029933	0.0123974	
161	0.181227	3093.89	18.6857	-8.65445	0.000216901	0.0265085	
162	0.202772	2971.37	18.4584	-8.5557	0.00013107	0.0407547	
163	0.224034	2834.7	18.1427	-8.41975	4.21008e-05	0.0550829	
164	0.244909	2684.25	17.7373	-8.24657	-4.97189e-05	0.0694385	
165	0.265296	2520.47	17.242	-8.03629	-0.000144101	0.0837662	
166	0.285089	2343.85	16.6568	-7.78918	-0.000240737	0.0980098	
167	0.304188	2154.97	15.9824	-7.50572	-0.000339306	0.112113	
168	0.322491	1954.46	15.2203	-7.18654	-0.000439467	0.126018	
169	0.339897	1743	14.3722	-6.83247	-0.000540857	0.139669	
170	0.356309	1521.35	13.4407	-6.44449	-0.000643098	0.153008	
171	0.371629	1290.31	12.429	-6.02374	-0.000745776	0.16598	
172	0.385763	1050.71	11.3405	-5.57155	-0.000848468	0.178528	
173	0.398619	803.476	10.1794	-5.08939	-0.000950714	0.190598	
174	0.410111	549.532	8.95028	-4.5789	-0.00105205	0.202136	
175	0.420156	289.863	7.65802	-4.04187	-0.00115197	0.213088	
176	0.428675	25.4862	6.30794	-3.48022	-0.00124999	0.223404	
177	0.435597	-242.552	4.90557	-2.89602	-0.00134558	0.233034	
178	0.440857	-513.177	3.45676	-2.29144	-0.00143823	0.24193	
179	0.444399	-785.291	1.96744	-1.6688	-0.00152744	0.250047	
180	0.446171	-1057.78	0.443784	-1.03051	-0.0016127	0.257341	
181	0.446137	-1329.52	-1.10806	-0.379074	-0.00169352	0.263772	
182	0.444262	-1599.36	-2.68175	0.282907	-0.00176943	0.269303	
183	0.440527	-1866.17	-4.27105	0.952768	-0.00183998	0.273899	
184	0.434917	-2128.82	-5.8696	1.62777	-0.00190473	0.277527	
185	0.427431	-2386.16	-7.47117	2.30514	-0.00196328	0.280162	
186	0.418073	-2637.07	-9.06942	2.98203	-0.00201526	0.281778	
187	0.406857	-2880.44	-10.6582	3.65562	-0.0020603	0.282355	
188	0.393807	-3115.19	-12.2311	4.32302	-0.00209808	0.281878	
189	0.37895	-3340.24	-13.7822	4.98137	-0.00212828	0.280332	
190	0.362326	-3554.58	-15.305	5.62782	-0.00215061	0.277711	
191	0.343976	-3757.18	-16.7936	6.25952	-0.00216479	0.27401	
192	0.323951	-3947.09	-18.2417	6.87369	-0.00217057	0.26923	
193	0.302306	-4123.39	-19.6431	7.46755	-0.00216772	0.263375	
194	0.279104	-4285.19	-20.9917	8.03843	-0.00215601	0.256453	
195	0.254408	-4431.68	-22.2813	8.5837	-0.00213525	0.248479	
196	0.228294	-4562.07	-23.5057	9.10081	-0.00210526	0.239468	
197	0.200837	-4675.65	-24.6588	9.58731	-0.0020659	0.229443	
198	0.17212	-4771.77	-25.7347	10.0409	-0.00201706	0.218429	
199	0.14223	-4849.83	-26.7271	10.4592	-0.00195865	0.206455	
200	0.111262	-4909.31	-27.6305	10.8403	-0.00189063	0.193556	
201	0.0793126	-4949.75	-28.439	11.1822	-0.001813	0.179767	
202	0.0464879	-4970.77	-29.1473	11.4829	-0.00172582	0.16513	
203	0.0128966	-4972.06	-29.7502	11.7408	-0.00162917	0.149691	
204	-0.0213462	-4953.38	-30.2428	11.9545	-0.00152322	0.133498	
205	-0.0561205	-4914.59	-30.6208	12.1224	-0.00140816	0.116603	
206	-0.0913014	-4855.61	-30.88	12.2436	-0.00128425	0.0990608	
207	-0.126759	-4776.46	-31.017	12.3168	-0.00115182	0.0809308	
208	-0.16236	-4677.22	-31.0286	12.3414	-0.00101122	0.0622748	
209	-0.197967	-4558.07	-30.9125	12.3166	-0.00086287	0.0431574	
210	-0.233438	-4419.29	-30.6667	12.2421	-0.000707243	0.0236463	
211	-0.268629	-4261.22	-30.2899	12.1175	-0.000544851	0.00381156	
212	-0.303394	-4084.3	-29.7813	11.9429	-0.000376255	-0.0162746	
213	-0.337586	-3889.07	-29.141	11.7184	-0.000202054	-0.0365375	
214	-0.371054	-3676.14	-28.3694	11.4445	-2.28877e-05	-0.0569013	
215	-0.403648	-3446.2	-27.4675	11.1216	0.00016057	-0.0772881	
216	-0.435219	-3200.03	-26.4373	10.7506	0.000347612	-0.0976194	
217	-0.465618	-2938.52	-25.2809	10.3324	0.000537503	-0.117816	
218	-0.494696	-2662.59	-24.0013	9.86842	0.000729481	-0.137797	
219	-0.522308	-2373.29	-22.6019	9.35996	0.000922758	-0.157483	
220	-0.548313	-2071.7	-21.0866	8.8087	0.00111653	-0.176795	
221	-0.572569	-1758.99	-19.4602	8.21648	0.00130997	-0.195654	
222	-0.594946	-1436.4	-17.7275	7.58536	0.00150224	-0.213981	
223	-0.615312	-1105.22	-15.8942	6.91759	0.00169249	-0.231701	
224	-0.633548	-766.801	-13.9663	6.21561	0.00187986	-0.248738	
225	-0.649538	-422.546	-11.9506	5.48204	0.0020635	-0.265022	
226	-0.663176	-73.891	-9.854	4.71968	0.00224255	-0.280481	
227	-0.674364	277.679	-7.68412	3.93151	0.00241615	-0.295049	
228	-0.683015	630.662	-5.44892	3.12063	0.00258346	-0.308663	
229	-0.689052	983.523	-3.15687	2.29032	0.00274365	-0.321263	
230	-0.692408	1334.72	-0.816765	1.44395	0.0028959	-0.332792	
231	-0.693029	1682.71	1.56218	0.585046	0.00303943	-0.343198	
232	-0.690872	2025.94	3.97046	-0.282803	0.00317348	-0.352433	
233	-0.685907	2362.88	6.39827	-1.1559	0.00329731	-0.360454	
234	-0.678116	2692	8.8356	-2.03049	0.00341021	-0.367223	
235	-0.667494	3011.81	11.2722	-2.90277	0.00351154	-0.372705	
236	-0.65405	3320.87	13.6978	-3.76892	0.00360066	-0.376872	
237	-0.637805	3617.75	16.1019	-4.62509	0.00367699	-0.379701	
238	-0.618793	3901.09	18.4742	-5.46746	0.00373999	-0.381173	
239	-0.597062	4169.6	20.8041	-6.29222	0.00378918	-0.381276	
240	-0.57267	4422.03	23.0814	-7.09562	0.00382412	-0.380003	
241	-0.545692	4657.22	25.2958	-7.87399	0.00384441	-0.377352	
242	-0.516212	4874.08	27.4371	-8.62373	0.00384972	-0.373325	
243	-0.484327	5071.61	29.4954	-9.34138	0.00383975	-0.367933	
244	-0.450145	5248.9	31.4611	-10.0236	0.00381428	-0.361189	
245	-0.413788	5405.12	33.3245	-10.6672	0.00377314	-0.353114	
246	-0.375385	5539.56	35.0764	-11.269	0.00371621	-0.343731	
247	-0.335078	5651.61	36.7077	-11.8264	0.00364343	-0.33307	
248	-0.293018	5740.75	38.2099	-12.3366	0.0035548	-0.321167	
249	-0.249364	5806.57	39.5744	-12.7972	0.0034504	-0.308059	
250	-0.204284	5848.77	40.7934	-13.2061	0.00333037	-0.293792	
251	-0.157954	5867.17	41.8591	-13.5611	0.00319489	-0.278413	
252	-0.110555	5861.69	42.7647	-13.8607	0.00304424	-0.261975	
253	-0.0622762	5832.36	43.5035	-14.1034	0.00287875	-0.244534	
254	-0.0133094	5779.3	44.0697	-14.288	0.00269883	-0.226149	
255	0.0361497	5702.78	44.4579	-14.4136	0.00250495	-0.206884	
256	0.0859012	5603.12	44.6638	-14.4795	0.00229766	-0.186805	
257	0.135745	5480.78	44.6837	-14.4855	0.00207758	-0.165982	
258	0.185479	5336.29	44.5149	-14.4314	0.00184539	-0.144488	
259	0.234901	5170.3	44.1558	-14.3175	0.00160183	-0.122397	
260	0.283811	4983.53	43.6056	-14.1442	0.00134773	-0.0997869	
261	0.33201	4776.79	42.8647	-13.9124	0.00108397	-0.0767366	
262	0.379302	4550.96	41.9345	-13.6229	0.000811464	-0.0533275	
263	0.425495	4307.02	40.8178	-13.2772	0.000531223	-0.0296428	
264	0.4704	4045.99	39.518	-12.8767	0.000244284	-0.00576677	
265	0.513835	3768.97	38.0401	-12.4232	-4.82613e-05	0.0182146	
266	0.555621	3477.11	36.3896	-11.9187	-0.000345281	0.0422148	
267	0.595588	3171.64	34.5733	-11.3654	-0.000645604	0.0661461	
268	0.633569	2853.79	32.5987	-10.7657	-0.000948028	0.0899207	
269	0.669409	2524.87	30.4743	-10.1222	-0.00125133	0.11345	
270	0.702956	2186.2	28.209	-9.43768	-0.00155424	0.136645	
271	0.734068	1839.16	25.8124	-8.71507	-0.00185552	0.159418	
272	0.762613	1485.13	23.2948	-7.95743	-0.00215388	0.181682	
273	0.788464	1125.51	20.6666	-7.16796	-0.00244804	0.203348	
274	0.811506	761.731	17.9388	-6.34997	-0.00273672	0.224332	
275	0.831633	395.21	15.1226	-5.50686	-0.00301866	0.244549	
276	0.848749	27.3858	12.2293	-4.64213	-0.00329259	0.263915	
277	0.862764	-340.317	9.27043	-3.7593	-0.00355728	0.282351	
278	0.873605	-706.47	6.25777	-2.86199	-0.00381152	0.299779	
279	0.881204	-1069.67	3.20298	-1.95381	-0.0040541	0.316123	
280	0.885508	-1428.51	0.117988	-1.03843	-0.00428389	0.331311	
281	0.886471	-1781.62	-2.98535	-0.119467	-0.00449976	0.345275	
282	0.884062	-2127.66	-6.09499	0.799409	-0.00470065	0.357951	
283	0.878261	-2465.3	-9.19893	1.7146	-0.00488553	0.36928	
284	0.869061	-2793.25	-12.2851	2.62251	-0.00505343	0.379207	
285	0.856465	-3110.27	-15.3414	3.51963	-0.00520343	0.387683	
286	0.840492	-3415.16	-18.3557	4.40247	-0.00533468	0.394665	
287	0.821174	-3706.74	-21.316	5.26765	-0.00544639	0.400115	
288	0.798555	-3983.9	-24.2103	6.11185	-0.00553785	0.404004	
289	0.772695	-4245.6	-27.0267	6.93185	-0.00560842	0.406308	
290	0.743667	-4490.82	-29.7537	7.72454	-0.00565754	0.40701	
291	0.71156	-4718.62	-32.3796	8.48692	-0.00568474	0.406102	
292	0.676475	-4928.12	-34.8935	9.21611	-0.00568962	0.403581	
293	0.63853	-5118.51	-37.2847	9.90935	-0.00567191	0.399454	
294	0.597855	-5289.05	-39.5427	10.5641	-0.00563139	0.393735	
295	0.554597	-5439.07	-41.658	11.1777	-0.00556797	0.386445	
296	0.508913	-5567.96	-43.6212	11.7481	-0.00548166	0.377613	
297	0.460975	-5675.22	-45.4238	12.273	-0.00537256	0.367276	
298	0.410965	-5760.39	-47.058	12.7504	-0.00524087	0.355477	
299	0.359081	-5823.14	-48.5165	13.1785	-0.0050869	0.342267	
300	0.305524	-5863.18	-49.7928	13.5558	-0.00491106	0.327701	
301	0.25051	-5880.34	-50.8812	13.8807	-0.00471386	0.311844	
302	0.19426	-5874.5	-51.7768	14.1519	-0.00449589	0.294762	
303	0.137001	-5845.67	-52.4753	14.3685	-0.00425784	0.27653	
304	0.0789676	-5793.92	-52.9732	14.5295	-0.0040005	0.257225	
305	0.0203948	-5719.41	-53.268	14.6343	-0.00372472	0.236929	
306	-0.0384779	-5622.41	-53.3575	14.6825	-0.00343144	0.215727	
307	-0.0974119	-5503.27	-53.2407	14.6737	-0.00312168	0.193708	
308	-0.156167	-5362.41	-52.9172	14.6079	-0.00279653	0.170961	
309	-0.214508	-5200.37	-52.3873	14.4853	-0.00245713	0.147581	
310	-0.272198	-5017.74	-51.6522	14.3063	-0.00210469	0.12366	
311	-0.329009	-4815.23	-50.7139	14.0715	-0.00174048	0.0992945	
312	-0.384716	-4593.6	-49.5751	13.7816	-0.00136583	0.0745809	
313	-0.4391	-4353.72	-48.2395	13.4378	-0.00098211	0.0496156	
314	-0.491947	-4096.5	-46.7115	13.0413	-0.000590732	0.024496	
315	-0.543055	-3822.96	-44.9964	12.5935	-0.000193156	-0.000681203	
316	-0.592225	-3534.15	-43.1002	12.0961	0.000209123	-0.0258189	
317	-0.639269	-3231.23	-41.03	11.5509	0.000614581	-0.0508206	
318	-0.684007	-2915.39	-38.7936	10.96	0.00102166	-0.0755906	
319	-0.726269	-2587.87	-36.3993	10.3257	0.0014288	-0.100033	
320	-0.765893	-2249.97	-33.8566	9.65024	0.0018344	-0.124055	
321	-0.802725	-1903.05	-31.1753	8.93638	0.00223685	-0.147562	
322	-0.836626	-1548.49	-28.3659	8.18683	0.00263457	-0.170464	
323	-0.86746	-1187.71	-25.4396	7.4045	0.00302595	-0.192669	
324	-0.895106	-822.148	-22.4078	6.59247	0.00340939	-0.21409	
325	-0.919451	-453.279	-19.2823	5.75391	0.00378333	-0.23464	
326	-0.940394	-82.5819	-16.0754	4.89213	0.00414621	-0.254238	
327	-0.957843	288.452	-12.7993	4.01056	0.00449652	-0.272801	
328	-0.97172	658.33	-9.46651	3.11269	0.00483276	-0.290254	
329	-0.981958	1025.57	-6.0895	2.20211	0.00515349	-0.306523	
330	-0.988502	1388.68	-2.68084	1.28247	0.00545734	-0.32154	
331	-0.991311	1746.21	0.747165	0.357458	0.00574296	-0.33524	
332	-0.990357	2096.73	4.18207	-0.569207	0.00600909	-0.347565	
333	-0.985627	2438.83	7.61176	-1.49379	0.00625453	-0.358462	
334	-0.977122	2771.13	11.0241	-2.41255	0.00647815	-0.367883	
335	-0.964861	3092.31	14.4071	-3.32178	0.00667893	-0.375788	
336	-0.948876	3401.08	17.749	-4.21779	0.00685589	-0.382143	
337	-0.929215	3696.22	21.038	-5.09697	0.00700817	-0.38692	
338	-0.905944	3976.56	24.2627	-5.95575	0.007135	-0.390098	
339	-0.879145	4240.97	27.4114	-6.79066	0.0072357	-0.391666	
340	-0.848912	4488.43	30.4729	-7.59833	0.00730969	-0.391617	
341	-0.81536	4717.96	33.4358	-8.37549	0.00735649	-0.389953	
342	-0.778612	4928.65	36.289	-9.11901	0.0073757	-0.386683	
343	-0.738811	5119.7	39.0215	-9.82591	0.00736705	-0.381821	
344	-0.696108	5290.35	41.6224	-10.4934	0.00733035	-0.375391	
345	-0.65067	5439.96	44.0812	-11.1187	0.00726551	-0.367421	
346	-0.60267	5567.95	46.3877	-11.6994	0.00717254	-0.357947	
347	-0.552295	5673.84	48.5317	-12.2332	0.00705155	-0.34701	
348	-0.499738	5757.23	50.5038	-12.718	0.00690273	-0.334659	
349	-0.445199	5817.82	52.295	-13.1519	0.00672638	-0.320944	
350	-0.388888	5855.39	53.8969	-13.5332	0.0065229	-0.305925	
351	-0.331015	5869.81	55.3018	-13.8605	0.00629279	-0.289664	
352	-0.271801	5861.05	56.5028	-14.1325	0.00603664	-0.272228	
353	-0.211464	5829.17	57.4936	-14.3482	0.00575514	-0.253689	
354	-0.150233	5774.31	58.2692	-14.5068	0.00544909	-0.234121	
355	-0.0883332	5696.7	58.8253	-14.6078	0.00511941	-0.213603	
356	-0.0259965	5596.67	59.1586	-14.6508	0.00476711	-0.192219	
357	0.0365449	5474.61	59.267	-14.6358	0.0043933	-0.170052	
358	0.0990575	5331.03	59.1491	-14.5629	0.00399922	-0.147192	
359	0.161306	5166.49	58.8051	-14.4325	0.00358621	-0.123729	
360	0.223056	4981.64	58.2356	-14.2451	0.0031557	-0.0997564	
361	0.284073	4777.22	57.4428	-14.0016	0.00270924	-0.0753685	
362	0.344124	4554.02	56.4294	-13.703	0.00224846	-0.0506622	
363	0.402978	4312.93	55.1992	-13.3505	0.00177507	-0.0257358	
364	0.460406	4054.87	53.757	-12.9456	0.00129088	-0.000688253	
365	0.516185	3780.87	52.1081	-12.49	0.000797744	0.0243805	
366	0.570098	3491.99	50.259	-11.9854	0.000297571	0.0493702	
367	0.621933	3189.36	48.2164	-11.4338	-0.000207684	0.0741807	
368	0.671485	2874.15	45.9881	-10.8375	-0.000716032	0.0987122	
369	0.718561	2547.59	43.582	-10.1989	-0.00122548	0.122866	
370	0.762975	2210.96	41.0072	-9.52034	-0.001734	0.146544	
371	0.804552	1865.56	38.2726	-8.80461	-0.00223962	0.16965	
372	0.84313	1512.75	35.3881	-8.05448	-0.00274032	0.192091	
373	0.878559	1153.91	32.3638	-7.27287	-0.00323416	0.213775	
374	0.910699	790.428	29.2104	-6.46284	-0.00371918	0.234613	
375	0.939425	423.74	25.9388	-5.62755	-0.0041935	0.25452	
376	0.964625	55.2773	22.5604	-4.77024	-0.00465524	0.273415	
377	0.9862	-313.511	19.0871	-3.89425	-0.00510258	0.29122	
378	1.00406	-681.177	15.5312	-3.00298	-0.00553375	0.307862	
379	1.01814	-1046.27	11.9051	-2.09992	-0.00594703	0.323272	
380	1.02837	-1407.36	8.22186	-1.18857	-0.00634074	0.337387	
381	1.03471	-1763	4.49483	-0.272486	-0.00671327	0.350148	
382	1.03713	-2111.81	0.737568	0.644758	-0.00706304	0.361503	
383	1.0356	-2452.39	-3.03592	1.55958	-0.00738857	0.371403	
384	1.03012	-2783.39	-6.81155	2.4684	-0.00768844	0.379808	
385	1.0207	-3103.5	-10.5749	3.36765	-0.00796127	0.386682	
386	1.00737	-3411.44	-14.3115	4.25382	-0.00820582	0.391995	
387	0.990147	-3705.99	-18.0067	5.1234	-0.00842089	0.395724	
388	0.969102	-3985.97	-21.6461	5.97298	-0.0086054	0.397854	
389	0.944296	-4250.27	-25.2152	6.7992	-0.00875839	0.398372	
390	0.915815	-4497.82	-28.6997	7.5988	-0.00887898	0.397275	
391	0.883756	-4727.64	-32.0856	8.3686	-0.00896644	0.394565	
392	0.848234	-4938.8	-35.3592	9.10554	-0.00902015	0.390252	
393	0.809379	-5130.47	-38.5073	9.80668	-0.00903964	0.38435	
394	0.767333	-5301.87	-41.5173	10.4692	-0.00902456	0.376883	
395	0.722256	-5452.32	-44.377	11.0906	-0.00897473	0.367877	
396	0.674317	-5581.21	-47.0749	11.6681	-0.00889007	0.357368	
397	0.6237	-5688.02	-49.6003	12.1997	-0.00877069	0.345397	
398	0.570601	-5772.34	-51.9431	12.683	-0.00861681	0.332009	
399	0.515225	-5833.82	-54.0942	13.1162	-0.0084288	0.317258	
400	0.457786	-5872.23	-56.0451	13.4974	-0.00820719	0.301202	
401	0.398509	-5887.4	-57.7882	13.8253	-0.00795262	0.283905	
402	0.337624	-5879.28	-59.3167	14.0983	-0.00766587	0.265435	
403	0.275368	-5847.91	-60.6248	14.3154	-0.00734787	0.245865	
404	0.211984	-5793.41	-61.7073	14.4758	-0.00699964	0.225275	
405	0.147718	-5716.02	-62.56	14.5787	-0.00662236	0.203746	
406	0.0828226	-5616.04	-63.1796	14.6237	-0.0062173	0.181365	
407	0.0175489	-5493.88	-63.5633	14.6107	-0.00578586	0.158222	
408	-0.0478485	-5350.04	-63.7095	14.5396	-0.00532953	0.134408	
409	-0.113115	-5185.08	-63.6173	14.4108	-0.00484993	0.110021	
410	-0.177996	-4999.68	-63.2865	14.2247	-0.00434875	0.0851563	
411	-0.242238	-4794.58	-62.7179	13.9821	-0.00382781	0.0599154	
412	-0.305592	-4570.61	-61.913	13.684	-0.00328898	0.034399	
413	-0.36781	-4328.64	-60.8742	13.3316	-0.00273424	0.00870927	
414	-0.42865	-4069.66	-59.6049	12.9262	-0.00216563	-0.0170506	
415	-0.487876	-3794.7	-58.1092	12.4696	-0.00158527	-0.0427776	
416	-0.545256	-3504.84	-56.392	11.9635	-0.000995325	-0.0683685	
417	-0.600568	-3201.23	-54.4591	11.41	-0.000398031	-0.0937209	
418	-0.653597	-2885.09	-52.3173	10.8113	0.000204347	-0.118733	
419	-0.704139	-2557.66	-49.9742	10.1698	0.000809505	-0.143305	
420	-0.751998	-2220.23	-47.4379	9.48817	0.00141511	-0.167338	
421	-0.79699	-1874.13	-44.7177	8.76902	0.00201883	-0.190736	
422	-0.838943	-1520.74	-41.8234	8.01528	0.00261831	-0.213405	
423	-0.877695	-1161.42	-38.7657	7.22994	0.0032112	-0.235253	
424	-0.913099	-797.61	-35.5558	6.41615	0.00379518	-0.256194	
425	-0.94502	-430.72	-32.2057	5.57715	0.00436793	-0.276144	
426	-0.973336	-62.1928	-28.7278	4.71626	0.00492718	-0.295021	
427	-0.997939	306.53	-25.135	3.83691	0.0054707	-0.31275	
428	-1.01874	674.005	-21.4409	2.94257	0.00599629	-0.32926	
429	-1.03565	1038.8	-17.6593	2.03679	0.00650184	-0.344484	
430	-1.04861	1399.48	-13.8045	1.12314	0.00698527	-0.35836	
431	-1.05756	1754.64	-9.89079	0.205212	0.00744462	-0.370834	
432	-1.06248	2102.9	-5.9331	-0.713372	0.00787796	-0.381854	
433	-1.06333	2442.89	-1.94634	-1.62901	0.00828348	-0.391376	
434	-1.06012	2773.29	2.05439	-2.53811	0.00865948	-0.399361	
435	-1.05285	3092.81	6.05387	-3.43711	0.00900432	-0.405778	
436	-1.04154	3400.19	10.0368	-4.32249	0.00931652	-0.410598	
437	-1.02623	3694.24	13.988	-5.19079	0.00959468	-0.413804	
438	-1.00697	3973.81	17.8921	-6.03863	0.00983754	-0.415381	
439	-0.983834	4237.8	21.734	-6.86269	0.010044	-0.415323	
440	-0.956897	4485.17	25.4988	-7.65976	0.010213	-0.413628	
441	-0.926256	4714.95	29.1715	-8.42675	0.0103438	-0.410302	
442	-0.892023	4926.25	32.7379	-9.16066	0.0104356	-0.405359	
443	-0.85432	5118.22	36.1836	-9.85863	0.0104878	-0.398815	
444	-0.813286	5290.11	39.495	-10.5179	0.0105001	-0.390697	
445	-0.769071	5441.24	42.6589	-11.136	0.0104723	-0.381036	
446	-0.721841	5571.01	45.6626	-11.7105	0.0104043	-0.369868	
447	-0.67177	5678.89	48.4941	-12.2391	0.010296	-0.357237	
448	-0.619048	5764.47	51.1423	-12.7198	0.0101479	-0.343192	
449	-0.563872	5827.38	53.5965	-13.1506	0.00996018	-0.327786	
450	-0.506454	5867.38	55.8473	-13.53	0.00973354	-0.31108	
451	-0.447012	5884.29	57.8858	-13.8563	0.00946865	-0.29314	
452	-0.385773	5878.03	59.7043	-14.1284	0.00916638	-0.274034	
453	-0.322976	5848.63	61.2961	-14.3451	0.00882776	-0.253838	
454	-0.258862	5796.17	62.6552	-14.5055	0.00845395	-0.232632	
455	-0.193682	5720.86	63.777	-14.6091	0.00804625	-0.210497	
456	-0.127688	5622.99	64.6576	-14.6553	0.00760611	-0.187522	
457	-0.06114	5502.92	65.2942	-14.6441	0.00713509	-0.163796	
458	0.00570185	5361.12	65.6851	-14.5753	0.00663489	-0.139414	
459	0.0725746	5198.14	65.8293	-14.4492	0.00610732	-0.114472	
460	0.139215	5014.61	65.727	-14.2664	0.00555429	-0.0890681	
461	0.205362	4811.25	65.3792	-14.0274	0.00497782	-0.063303	
462	0.270753	4588.86	64.7877	-13.7331	0.00438001	-0.0372786	
463	0.335132	4348.31	63.9553	-13.3848	0.00376306	-0.011098	
464	0.398244	4090.54	62.8854	-12.9836	0.00312925	0.0151352	
465	0.459843	3816.57	61.5823	-12.5312	0.0024809	0.0413173	
466	0.519684	3527.49	60.0511	-12.0294	0.00182041	0.0673446	
467	0.577536	3224.42	58.2977	-11.48	0.00115024	0.0931143	
468	0.633169	2908.58	56.3286	-10.8852	0.000472854	0.118525	
469	0.686368	2581.2	54.151	-10.2473	-0.000209211	0.143476	
470	0.736924	2243.59	51.7728	-9.56884	-0.000893415	0.167869	
471	0.784641	1897.09	49.2028	-8.85245	-0.0015772	0.191608	
472	0.829332	1543.06	46.4502	-8.10095	-0.00225798	0.2146	
473	0.870825	1182.92	43.525	-7.3173	-0.00293321	0.236754	
474	0.908957	818.083	40.4378	-6.50458	-0.00360031	0.257984	
475	0.943581	450.005	37.1998	-5.66602	-0.00425675	0.278207	
476	0.974562	80.1434	33.8228	-4.80492	-0.00489999	0.297342	
477	1.00178	-290.035	30.3192	-3.9247	-0.00552754	0.315316	
478	1.02513	-659.063	26.7017	-3.02884	-0.00613697	0.332058	
479	1.04451	-1025.48	22.9838	-2.12089	-0.00672587	0.347503	
480	1.05986	-1387.83	19.1791	-1.20446	-0.00729189	0.36159	
481	1.07111	-1744.68	15.3018	-0.28319	-0.00783277	0.374264	
482	1.07822	-2094.61	11.3663	0.639267	-0.00834632	0.385476	
483	1.08116	-2436.25	7.38719	1.55924	-0.00883041	0.395181	
484	1.07991	-2768.25	3.3793	2.47308	-0.00928305	0.403343	
485	1.07449	-3089.28	-0.642411	3.37716	-0.00970232	0.409928	
486	1.06491	-3398.09	-4.66295	4.26787	-0.0100864	0.414912	
487	1.0512	-3693.46	-8.66733	5.1417	-0.0104338	0.418274	
488	1.03343	-3974.22	-12.6406	5.99515	-0.0107427	0.42	
489	1.01166	-4239.26	-16.5681	6.82486	-0.011012	0.420085	
490	0.985981	-4487.55	-20.4351	7.62753	-0.0112402	0.418526	
491	0.956483	-4718.1	-24.2272	8.39997	-0.0114264	0.415331	
492	0.923286	-4930.01	-27.9305	9.13914	-0.0115696	0.41051	
493	0.886518	-5122.45	-31.5311	9.8421	-0.0116691	0.404081	
494	0.846321	-5294.67	-35.0157	10.5061	-0.0117242	0.39607	
495	0.80285	-5445.98	-38.3713	11.1284	-0.0117346	0.386507	
496	0.756272	-5575.79	-41.5855	11.7067	-0.0116999	0.375428	
497	0.706766	-5683.6	-44.6462	12.2387	-0.0116201	0.362876	
498	0.654522	-5768.98	-47.542	12.7223	-0.0114953	0.348898	
499	0.599737	-5831.6	-50.262	13.1555	-0.0113257	0.333549	
500	0.542621	-5871.22	-52.796	13.5367	-0.0111118	0.316887	
501	0.48339	-5887.67	-55.1343	13.8644	-0.0108543	0.298976	
502	0.42227	-5880.9	-57.2679	14.1372	-0.0105538	0.279886	
503	0.35949	-5850.92	-59.1887	14.3543	-0.0102115	0.259689	
504	0.29529	-5797.87	-60.889	14.5146	-0.00982833	0.238465	
505	0.229912	-5721.94	-62.3623	14.6177	-0.00940572	0.216294	
506	0.163604	-5623.43	-63.6027	14.663	-0.00894513	0.193264	
507	0.0966197	-5502.73	-64.605	14.6505	-0.0084482	0.169462	
508	0.0292125	-5360.3	-65.3653	14.5802	-0.00791672	0.144982	
509	-0.0383591	-5196.72	-65.8803	14.4524	-0.00735264	0.119919	
510	-0.105837	-5012.6	-66.1477	14.2676	-0.00675806	0.0943712	
511	-0.17296	-4808.68	-66.1662	14.0265	-0.00613519	0.0684374	
512	-0.23947	-4585.76	-65.9355	13.7302	-0.0054864	0.0422195	
513	-0.305107	-4344.7	-65.4563	13.3798	-0.00481415	0.0158201	
514	-0.369618	-4086.45	-64.7301	12.9766	-0.00412101	-0.0106572	
515	-0.432747	-3812.03	-63.7598	12.5223	-0.00340965	-0.0371082	
516	-0.494247	-3522.5	-62.5488	12.0187	-0.00268282	-0.0634292	
517	-0.553874	-3219.01	-61.1018	11.4677	-0.00194333	-0.0895162	
518	-0.611392	-2902.75	-59.4243	10.8715	-0.00119405	-0.115267	
519	-0.666571	-2574.96	-57.5229	10.2324	-0.000437918	-0.140579	
520	-0.71919	-2236.93	-55.4049	9.553	0.000322128	-0.165352	
521	-0.769037	-1890	-53.0785	8.83589	0.00108312	-0.18949	
522	-0.815911	-1535.52	-50.5527	8.0839	0.00184207	-0.212896	
523	-0.859624	-1174.9	-47.8374	7.29999	0.00259601	-0.235477	
524	-0.899999	-809.557	-44.943	6.48723	0.00334198	-0.257145	
525	-0.936873	-440.939	-41.8806	5.6488	0.00407706	-0.277812	
526	-0.970096	-70.5002	-38.6621	4.78801	0.00479835	-0.297398	
527	-0.999534	300.293	-35.2998	3.90823	0.00550303	-0.315825	
528	-1.02507	669.973	-31.8064	3.01292	0.0061883	-0.333018	
529	-1.0466	1037.07	-28.1953	2.1056	0.00685148	-0.348911	
530	-1.06403	1400.14	-24.4801	1.18985	0.00748993	-0.363438	
531	-1.07731	1757.74	-20.6749	0.26926	0.00810113	-0.376543	
532	-1.08637	2108.44	-16.7939	-0.652528	0.00868264	-0.388172	
533	-1.09118	2450.86	-12.8519	-1.57188	0.00923215	-0.398279	
534	-1.09172	2783.63	-8.86351	-2.48516	0.00974744	-0.406823	
535	-1.08798	3105.42	-4.84377	-3.38876	0.0102265	-0.413769	
536	-1.07999	3414.98	-0.807739	-4.27911	0.0106672	-0.419089	
537	-1.06778	3711.05	3.22944	-5.15267	0.011068	-0.422761	
538	-1.05139	3992.46	7.25262	-6.00599	0.011427	-0.424769	
539	-1.03088	4258.09	11.2467	-6.83567	0.0117429	-0.425104	
540	-1.00635	4506.89	15.1966	-7.63842	0.0120142	-0.423763	
541	-0.977871	4737.86	19.0875	-8.41104	0.0122398	-0.420751	
542	-0.945572	4950.1	22.9047	-9.15047	0.0124187	-0.416078	
543	-0.909574	5142.74	26.6339	-9.85375	0.0125501	-0.409762	
544	-0.870018	5315.03	30.2609	-10.5181	0.0126334	-0.401827	
545	-0.827058	5466.29	33.7721	-11.1408	0.012668	-0.392302	
546	-0.780863	5595.91	37.1542	-11.7195	0.0126537	-0.381225	
547	-0.731613	5703.38	40.3945	-12.2518	0.0125905	-0.368638	
548	-0.679502	5788.28	43.4809	-12.7355	0.0124785	-0.35459	
549	-0.624733	5850.27	46.4017	-13.1688	0.0123179	-0.339136	
550	-0.567521	5889.11	49.146	-13.55	0.0121094	-0.322335	
551	-0.50809	5904.65	51.7037	-13.8774	0.0118535	-0.304254	
552	-0.446675	5896.83	54.0651	-14.1498	0.0115511	-0.284964	
553	-0.383514	5865.69	56.2216	-14.3661	0.0112035	-0.26454	
554	-0.318857	5811.35	58.1652	-14.5255	0.0108116	-0.243062	
555	-0.252955	5734.04	59.8888	-14.6273	0.0103771	-0.220614	
556	-0.186067	5634.07	61.386	-14.671	0.00990152	-0.197286	
557	-0.118454	5511.85	62.6513	-14.6566	0.00938655	-0.173168	
558	-0.0503791	5367.85	63.68	-14.5841	0.00883414	-0.148356	
559	0.0178914	5202.66	64.4684	-14.4537	0.00824634	-0.122948	
560	0.0860919	5016.94	65.0136	-14.2661	0.00762538	-0.097043	
561	0.153958	4811.43	65.3133	-14.0219	0.00697357	-0.070744	
562	0.221224	4586.95	65.3666	-13.7222	0.00629338	-0.0441547	
563	0.287632	4344.38	65.1729	-13.3681	0.0055874	-0.0173798	
564	0.352921	4084.69	64.7331	-12.9611	0.00485832	0.00947484	
565	0.41684	3808.92	64.0485	-12.5028	0.00410892	0.0363032	
566	0.479141	3518.16	63.1216	-11.995	0.00334209	0.0629993	
567	0.539582	3213.55	61.9557	-11.4398	0.0025608	0.0894576	
568	0.597927	2896.31	60.555	-10.8394	0.00176805	0.115574	
569	0.653952	2567.69	58.9249	-10.1962	0.000966957	0.141244	
570	0.707437	2228.98	57.0712	-9.51267	0.000160636	0.166368	
571	0.758174	1881.53	55.0011	-8.79164	-0.00064774	0.190845	
572	0.805965	1526.7	52.7224	-8.03595	-0.00145499	0.214579	
573	0.850622	1165.9	50.2438	-7.2486	-0.0022579	0.237475	
574	0.891972	800.536	47.5748	-6.43272	-0.0030533	0.259443	
575	0.92985	432.06	44.7259	-5.59154	-0.00383801	0.280397	
576	0.964107	61.9174	41.708	-4.72839	-0.0046089	0.300251	
577	0.994607	-308.434	38.5331	-3.8467	-0.00536285	0.318929	
578	1.02123	-677.539	35.2134	-2.94995	-0.00609685	0.336355	
579	1.04386	-1043.94	31.7621	-2.04168	-0.00680793	0.352459	
580	1.06242	-1406.21	28.1926	-1.12548	-0.00749322	0.367178	
581	1.07682	-1762.91	24.5189	-0.204954	-0.00814994	0.380452	
582	1.08701	-2112.65	20.7556	0.716268	-0.00877542	0.392228	
583	1.09293	-2454.04	16.9172	1.63456	-0.00936714	0.402458	
584	1.09457	-2785.76	13.0189	2.54631	-0.00992268	0.411101	
585	1.09192	-3106.48	9.07582	3.44793	-0.0104398	0.418121	
586	1.08497	-3414.96	5.10344	4.33588	-0.0109164	0.423489	
587	1.07375	-3709.97	1.11725	5.20668	-0.0113506	0.427183	
588	1.0583	-3990.37	-2.86724	6.0569	-0.0117405	0.429186	
589	1.03867	-4255.03	-6.83448	6.88322	-0.0120847	0.429489	
590	1.01495	-4502.93	-10.769	7.68237	-0.0123818	0.428089	
591	0.987211	-4733.08	-14.6556	8.45124	-0.0126306	0.424992	
592	0.955569	-4944.57	-18.4791	9.18681	-0.0128302	0.420207	
593	0.920145	-5136.58	-22.2246	9.88619	-0.0129796	0.413752	
594	0.881076	-5308.35	-25.8776	10.5466	-0.0130785	0.405653	
595	0.838515	-5459.18	-29.424	11.1655	-0.0131265	0.395939	
596	0.79263	-5588.5	-32.85	11.7405	-0.0131233	0.38465	
597	0.743603	-5695.78	-36.1425	12.2692	-0.0130691	0.37183	
598	0.691628	-5780.61	-39.2889	12.7497	-0.0129642	0.357528	
599	0.636913	-5842.64	-42.2771	13.18	-0.0128089	0.341803	
