0	0	0	8.08665e-10	8.46505e-27	-3.1997e-13	0	
1	0	0	8.07069e-10	8.2608e-27	-3.19339e-13	0	
2	-5.6109e-27	3.57031e-33	1.43821e-08	1.59716e-25	-6.00357e-12	6.35502e-30	
3	-5.4303e-27	3.48417e-33	1.43473e-08	1.5515e-25	-5.9892e-12	-1.03187e-31	
4	5.40487e-19	1.79864e-25	1.28353e-07	1.48508e-24	-5.66503e-11	2.45048e-28	
5	5.39421e-19	-3.61831e-26	1.2798e-07	1.44607e-24	-5.64888e-11	1.16606e-28	
6	6.04159e-17	2.50111e-24	7.70714e-07	8.47885e-24	-3.60217e-10	2.0054e-27	
7	6.02924e-17	5.54356e-25	7.68065e-07	8.37868e-24	-3.59011e-10	-1.7776e-27	
8	2.20932e-15	4.94149e-24	3.52094e-06	1.60722e-23	-1.74406e-09	2.49742e-26	
9	2.20448e-15	8.90187e-24	3.50681e-06	1.60353e-23	-1.7373e-09	-4.10277e-27	
10	4.4025e-14	-5.70091e-23	1.31112e-05	-3.76601e-22	-6.88429e-09	6.79999e-26	
11	4.39203e-14	1.60671e-23	1.30505e-05	-3.75802e-22	-6.85368e-09	-3.63725e-26	
12	5.83334e-13	-4.76262e-22	4.16037e-05	-7.28988e-21	-2.31476e-08	1.78404e-25	
13	5.81818e-13	3.92053e-23	4.13838e-05	-7.28681e-21	-2.30309e-08	-7.6611e-26	
14	5.70979e-12	-1.08622e-21	0.000116026	-8.79561e-20	-6.83529e-08	2.86867e-25	
15	5.69357e-12	-4.64669e-22	0.000115333	-8.77605e-20	-6.79653e-08	9.34854e-26	
16	4.40492e-11	-3.29816e-21	0.000290898	-8.43972e-19	-1.81263e-07	6.11603e-25	
17	4.39124e-11	-3.61524e-21	0.000288951	-8.41585e-19	-1.80116e-07	1.58763e-24	
18	2.79801e-10	-1.60037e-20	0.000666971	-6.85062e-18	-4.39042e-07	7.63049e-25	
19	2.78853e-10	-2.05253e-21	0.000662003	-6.8296e-18	-4.35967e-07	-1.5215e-24	
20	1.51002e-09	-4.56975e-20	0.0014171	-4.83774e-17	-9.84135e-07	1.43289e-24	
21	1.50445e-09	-5.30784e-21	0.00140543	-4.82203e-17	-9.76547e-07	-7.47672e-24	
22	7.08871e-09	-1.35394e-19	0.00281935	-3.02541e-16	-2.06287e-06	-5.71139e-23	
23	7.06027e-09	-5.02795e-20	0.00279383	-3.01502e-16	-2.04545e-06	-7.23735e-23	
24	2.94807e-08	-7.92486e-19	0.00529641	-1.69804e-15	-4.07746e-06	-3.52423e-22	
25	2.93524e-08	-6.01688e-19	0.00524397	-1.69187e-15	-4.03993e-06	-4.21399e-22	
26	1.10207e-07	-6.79396e-18	0.00945885	-8.64565e-15	-7.65193e-06	-2.67024e-21	
27	1.09688e-07	-6.47688e-18	0.00935685	-8.61243e-15	-7.5755e-06	-2.69426e-21	
28	3.74719e-07	-5.54408e-17	0.0161484	-4.02922e-14	-1.37106e-05	-2.02621e-20	
29	3.72813e-07	-5.47458e-17	0.0159594	-4.01287e-14	-1.35624e-05	-1.99883e-20	
30	1.1702e-06	-4.0483e-16	0.0264757	-1.73188e-13	-2.35653e-05	-1.37765e-19	
31	1.16378e-06	-4.02282e-16	0.0261405	-1.72446e-13	-2.32907e-05	-1.36914e-19	
32	3.38382e-06	-2.65471e-15	0.041846	-6.91069e-13	-3.90051e-05	-8.44074e-19	
33	3.36386e-06	-2.64361e-15	0.0412743	-6.87945e-13	-3.85164e-05	-8.40771e-19	
34	9.12308e-06	-1.58198e-14	0.0639645	-2.57452e-12	-6.23786e-05	-4.71306e-18	
35	9.06526e-06	-1.57624e-14	0.0630238	-2.56226e-12	-6.15401e-05	-4.6953e-18	
36	2.30682e-05	-8.63522e-14	0.0948146	-8.99904e-12	-9.66564e-05	-2.41485e-17	
37	2.29114e-05	-8.60332e-14	0.093316	-8.95389e-12	-9.5265e-05	-2.40557e-17	
38	5.49825e-05	-4.34534e-13	0.1366	-2.96427e-11	-0.000145458	-1.14246e-16	
39	5.4582e-05	-4.32855e-13	0.134283	-2.94862e-11	-0.000143219	-1.13786e-16	
40	0.000124073	-2.02737e-12	0.191644	-9.23721e-11	-0.000213028	-5.01872e-16	
41	0.000123106	-2.01914e-12	0.18816	-9.18594e-11	-0.000209527	-4.99748e-16	
42	0.000266098	-8.8143e-12	0.262248	-2.73252e-10	-0.000304141	-2.05706e-15	
43	0.000263879	-8.77678e-12	0.257141	-2.71658e-10	-0.000298807	-2.04793e-15	
44	0.000544217	-3.58707e-11	0.350497	-7.69698e-10	-0.000423919	-7.90078e-15	
45	0.000539369	-3.57105e-11	0.343188	-7.64982e-10	-0.000415993	-7.86398e-15	
46	0.00106454	-1.3719e-10	0.458026	-2.07019e-09	-0.000577557	-2.85442e-14	
47	0.00105441	-1.36548e-10	0.447799	-2.05688e-09	-0.000566048	-2.84047e-14	
48	0.00199688	-4.94867e-10	0.585753	-5.32985e-09	-0.000769931	-9.73372e-14	
49	0.0019766	-4.92442e-10	0.571742	-5.29388e-09	-0.000753579	-9.68379e-14	
50	0.00360052	-1.68901e-09	0.733587	-1.31645e-08	-0.00100511	-3.14256e-13	
51	0.00356148	-1.68034e-09	0.714777	-1.30713e-08	-0.000982354	-3.12565e-13	
52	0.00625337	-5.47026e-09	0.900142	-3.12575e-08	-0.00128578	-9.63241e-13	
53	0.00618102	-5.44088e-09	0.875366	-3.10256e-08	-0.00125472	-9.57805e-13	
54	0.0104815	-1.68559e-08	1.08246	-7.14766e-08	-0.00161257	-2.81006e-12	
55	0.010352	-1.67611e-08	1.05043	-7.09206e-08	-0.00157097	-2.79342e-12	
56	0.0169838	-4.95327e-08	1.27582	-1.5767e-07	-0.00198341	-7.81996e-12	
57	0.0167599	-4.92413e-08	1.23512	-1.56385e-07	-0.00192869	-7.77141e-12	
58	0.0266457	-1.39112e-07	1.47356	-3.3602e-07	-0.00239285	-2.08014e-11	
59	0.0262706	-1.38256e-07	1.42273	-3.33149e-07	-0.00232212	-2.0666e-11	
60	0.0405341	-3.7413e-07	1.66712	-6.92782e-07	-0.00283154	-5.29892e-11	
61	0.0399244	-3.7172e-07	1.60469	-6.86581e-07	-0.00274163	-5.26273e-11	
62	0.0598662	-9.65258e-07	1.8461	-1.3835e-06	-0.00328581	-1.29486e-10	
63	0.0589036	-9.5875e-07	1.77066	-1.37052e-06	-0.00317339	-1.28558e-10	
64	0.0859483	-2.39299e-06	1.99858	-2.67913e-06	-0.00373757	-3.03993e-10	
65	0.0844698	-2.3761e-06	1.90887	-2.65279e-06	-0.00359923	-3.01707e-10	
66	0.120081	-5.70907e-06	2.11149	-5.03582e-06	-0.00416441	-6.86627e-10	
67	0.117869	-5.6669e-06	2.00652	-4.98391e-06	-0.00399685	-6.81207e-10	
68	0.163437	-1.31255e-05	2.17127	-9.19596e-06	-0.00454017	-1.49399e-09	
69	0.16021	-1.30241e-05	2.05035	-9.09654e-06	-0.00434035	-1.4816e-09	
70	0.216915	-2.9117e-05	2.16444	-1.63274e-05	-0.00483573	-3.13503e-09	
71	0.212319	-2.88812e-05	2.02737	-1.61422e-05	-0.00460111	-3.10773e-09	
72	0.280989	-6.23962e-05	2.07845	-2.82054e-05	-0.00502023	-6.35131e-09	
73	0.274593	-6.1867e-05	1.92557	-2.78694e-05	-0.00474896	-6.29316e-09	
74	0.355568	-0.000129305	1.90238	-4.74356e-05	-0.00506251	-1.24343e-08	
75	0.34686	-0.000128156	1.73466	-4.6842e-05	-0.00475371	-1.23145e-08	
76	0.439878	-0.000259388	1.62766	-7.77068e-05	-0.00493274	-2.35444e-08	
77	0.428267	-0.000256972	1.4468	-7.66841e-05	-0.00458671	-2.33056e-08	
78	0.532386	-0.000504138	1.24868	-0.000124045	-0.00460415	-4.31511e-08	
79	0.517216	-0.000499213	1.05716	-0.000122326	-0.00422259	-4.26898e-08	
80	0.63078	-0.000950114	0.763312	-0.000193024	-0.00405466	-7.65996e-08	
81	0.611337	-0.000940372	0.564413	-0.000190205	-0.00364089	-7.57357e-08	
82	0.731992	-0.00173763	0.173184	-0.00029286	-0.00326848	-1.31779e-07	
83	0.707529	-0.00171892	-0.0290009	-0.000288344	-0.00282756	-1.30209e-07	
84	0.832274	-0.00308602	-0.516031	-0.000433297	-0.00223744	-2.19821e-07	
85	0.802034	-0.00305109	-0.716627	-0.00042623	-0.00177626	-2.1705e-07	
86	0.927309	-0.00532561	-1.29447	-0.000625178	-0.000962127	-3.5569e-07	
87	0.890557	-0.0052622	-1.48788	-0.000614371	-0.000489453	-3.5094e-07	
88	1.01235	-0.00893548	-2.14794	-0.000879582	0.000547186	-5.58463e-07	
89	0.968405	-0.00882346	-2.32793	-0.000863428	0.00102074	-5.50546e-07	
90	1.08235	-0.0145836	-3.05766	-0.00120644	0.00226975	-8.51003e-07	
91	1.03063	-0.0143909	-3.2175	-0.00118283	0.00273186	-8.38167e-07	
92	1.13216	-0.0231638	-4.00003	-0.00161259	0.00417374	-1.25872e-06	
93	1.07222	-0.0228406	-4.13264	-0.00157886	0.00461055	-1.23847e-06	
94	1.15664	-0.0358194	-4.94627	-0.00209931	0.00621572	-1.80708e-06	
95	1.0882	-0.0352912	-5.04442	-0.00205217	0.00661214	-1.77598e-06	
96	1.1509	-0.0539429	-5.86216	-0.00265948	0.00834033	-2.5177e-06	
97	1.07388	-0.0531007	-5.91873	-0.00259505	0.00868042	-2.4712e-06	
98	1.11043	-0.0791359	-6.70798	-0.00327472	0.0104803	-3.40295e-06	
99	1.02502	-0.0778252	-6.71621	-0.00318861	0.0107477	-3.33521e-06	
100	1.0314	-0.113115	-7.43893	-0.00391291	0.0125567	-4.45942e-06	
101	0.93807	-0.111124	-7.39276	-0.0038004	0.0127353	-4.3633e-06	
102	0.91091	-0.157552	-8.00626	-0.00452671	0.0144806	-5.66094e-06	
103	0.810423	-0.154597	-7.90067	-0.00438302	0.014555	-5.52805e-06	
104	0.747279	-0.213845	-8.35932	-0.00505372	0.0161551	-6.95225e-06	
105	0.640724	-0.20956	-8.19074	-0.00487443	0.0161114	-6.77321e-06	
106	0.540354	-0.282822	-8.44883	-0.00541878	0.0174788	-8.24472e-06	
107	0.429155	-0.276748	-8.21549	-0.00520033	0.0173055	-8.00972e-06	
108	0.291789	-0.364403	-8.23107	-0.005539	0.0183515	-9.41586e-06	
109	0.177696	-0.355985	-7.93338	-0.00527931	0.01804	-9.1154e-06	
110	0.00526687	-0.457249	-7.67311	-0.00533142	0.0186803	-1.03139e-05	
111	-0.109661	-0.445842	-7.31396	-0.0050305	0.0182258	-9.93979e-06	
112	-0.313381	-0.558466	-6.75826	-0.0047231	0.0183875	-1.07685e-05	
113	-0.426816	-0.543343	-6.34324	-0.00438372	0.0177899	-1.03151e-05	
114	-0.65618	-0.663395	-5.49131	-0.0036627	0.0174195	-1.06075e-05	
115	-0.765573	-0.643781	-5.02878	-0.00329085	0.0166835	-1.00731e-05	
116	-1.01317	-0.765595	-3.90254	-0.00213212	0.0157544	-9.6794e-06	
117	-1.11582	-0.740702	-3.40349	-0.00173733	0.0148902	-9.0674e-06	
118	-1.37273	-0.857029	-2.04959	-0.00015647	0.0134097	-7.87769e-06	
119	-1.46587	-0.826116	-1.52735	0.000248112	0.0124327	-7.19774e-06	
120	-1.72199	-0.928528	-0.0164824	0.00218963	0.0104465	-5.16566e-06	
121	-1.80289	-0.890959	0.513784	0.00258762	0.00937734	-4.43431e-06	
122	-2.04751	-0.9705	2.09078	0.00478132	0.00697076	-1.59584e-06	
123	-2.11355	-0.925823	2.61284	0.0051538	0.00583448	-8.3656e-07	
124	-2.33589	-0.973858	4.15214	0.00744966	0.00312982	2.67944e-06	
125	-2.38469	-0.921874	4.64952	0.00777623	0.0019551	3.43688e-06	
126	-2.57453	-0.931077	6.04431	0.00999497	-0.00089565	7.41013e-06	
127	-2.60405	-0.871909	6.5013	0.0102552	-0.00207784	8.13114e-06	
128	-2.75241	-0.837243	7.65352	0.0122069	-0.00490462	1.22654e-05	
129	-2.76105	-0.771384	8.05607	0.0123819	-0.00606251	1.29127e-05	
130	-2.86076	-0.690942	8.88845	0.0138888	-0.00869236	1.6865e-05	
131	-2.84742	-0.619289	9.22504	0.0139628	-0.00979498	1.74014e-05	
132	-2.89362	-0.494833	9.69157	0.014884	-0.0120692	2.08232e-05	
133	-2.85776	-0.418683	9.95383	0.014846	-0.0130879	2.12146e-05	
134	-2.84824	-0.255767	10.0469	0.0150989	-0.0148793	2.37978e-05	
135	-2.78994	-0.176788	10.2299	0.0149434	-0.0157892	2.4016e-05	
136	-2.72523	0.0156244	9.9824	0.0145197	-0.0170162	2.55393e-05	
137	-2.64517	0.0954618	10.0849	0.0142475	-0.0177974	2.55647e-05	
138	-2.52842	0.305875	9.56674	0.0132191	-0.0184341	2.5929e-05	
139	-2.42789	0.384386	9.59057	0.0128372	-0.0190722	2.57521e-05	
140	-2.26444	0.600067	8.89941	0.0113501	-0.0191512	2.49995e-05	
141	-2.14529	0.674967	8.84893	0.0108705	-0.0196375	2.46214e-05	
142	-1.94213	0.883472	8.09628	0.00912662	-0.019245	2.2931e-05	
143	-1.8067	0.952491	7.97761	0.00856578	-0.0195762	2.23628e-05	
144	-1.57175	1.14318	7.27211	0.00679438	-0.0188393	2.00215e-05	
145	-1.4228	1.20418	7.09216	0.0061706	-0.019017	1.92826e-05	
146	-1.16421	1.36947	6.52304	0.00459378	-0.0180854	1.66345e-05	
147	-1.00484	1.42053	6.28864	0.00392568	-0.0181146	1.57503e-05	
148	-0.730438	1.5566	5.91193	0.00272264	-0.0171385	1.31331e-05	
149	-0.564005	1.59609	5.62915	0.00202728	-0.0170268	1.21316e-05	
150	-0.280994	1.70291	5.45942	0.00130454	-0.0161348	9.8119e-06	
151	-0.111	1.72952	5.13315	0.000595997	-0.0158908	8.72131e-06	
152	0.174044	1.81018	5.14244	0.000368999	-0.0151718	6.84325e-06	
153	0.344016	1.82294	4.77632	-0.000342402	-0.0148044	5.68975e-06	
154	0.624887	1.88229	4.90064	-0.000152115	-0.0142962	4.24964e-06	
155	0.791256	1.88054	4.49733	-0.000859788	-0.0138138	3.0564e-06	
156	1.06168	1.92362	4.64991	-0.000410294	-0.0135009	1.91151e-06	
157	1.22095	1.90696	4.21163	-0.00111068	-0.0129111	6.98775e-07	
158	1.47419	1.93733	4.30028	-0.000610111	-0.0127318	-3.89095e-07	
159	1.62302	1.9056	3.82948	-0.00130134	-0.0120418	-1.6028e-06	
160	1.85166	1.92414	3.77499	-0.000967989	-0.0119039	-2.89665e-06	
161	1.98694	1.87741	3.27503	-0.00164825	-0.0111205	-4.09277e-06	
162	2.1831	1.88182	3.02681	-0.0016676	-0.0109218	-5.7982e-06	
163	2.30206	1.82037	2.50251	-0.00233349	-0.0100526	-6.95632e-06	
164	2.45801	1.8056	2.0483	-0.00282065	-0.00970245	-9.14753e-06	
165	2.55828	1.72995	1.50619	-0.00346586	-0.00875645	-1.02442e-05	
166	2.66758	1.68951	0.873878	-0.00444102	-0.00819433	-1.28181e-05	
167	2.74726	1.60044	0.322213	-0.0050557	-0.00718225	-1.38267e-05	
168	2.80597	1.52828	-0.426802	-0.00643818	-0.00638944	-1.64998e-05	
169	2.86371	1.42691	-0.978442	-0.00700905	-0.00532429	-1.73922e-05	
170	2.87166	1.31952	-1.76273	-0.00863168	-0.00432606	-1.97453e-05	
171	2.90669	1.20732	-2.30401	-0.00914296	-0.00322301	-2.04941e-05	
172	2.86822	1.06547	-3.03968	-0.0107845	-0.00208156	-2.20589e-05	
173	2.88034	0.944247	-3.56028	-0.0112195	-0.000957522	-2.26416e-05	
174	2.80438	0.773932	-4.17866	-0.0126489	0.000242931	-2.30119e-05	
175	2.79392	0.645834	-4.66894	-0.0129917	0.00136994	-2.34141e-05	
176	2.69318	0.457984	-5.1305	-0.0140152	0.00254235	-2.23563e-05	
177	2.66091	0.325416	-5.58209	-0.0142528	0.00365402	-2.25752e-05	
178	2.55014	0.134458	-5.88335	-0.0147532	0.00472757	-2.01114e-05	
179	2.49717	-3.71289e-05	-6.28944	-0.014877	0.00580611	-2.01567e-05	
180	2.39083	-0.178672	-6.46133	-0.0148378	0.00674071	-1.65974e-05	
181	2.31848	-0.312549	-6.81668	-0.0148442	0.0077695	-1.64907e-05	
182	2.22817	-0.465412	-6.91473	-0.0143515	0.00856237	-1.2403e-05	
183	2.13785	-0.596259	-7.21543	-0.0142417	0.0095263	-1.21745e-05	
184	2.07003	-0.714717	-7.30394	-0.0134637	0.0102091	-8.28644e-06	
185	1.96317	-0.84037	-7.54698	-0.0132434	0.0110946	-7.97009e-06	
186	1.91771	-0.922553	-7.68111	-0.0123906	0.0117215	-5.02573e-06	
187	1.79567	-1.04117	-7.86389	-0.012068	0.0125166	-4.65297e-06	
188	1.76568	-1.09249	-8.07379	-0.0113447	0.0131464	-3.2475e-06	
189	1.62978	-1.20256	-8.19379	-0.010929	0.01384	-2.84156e-06	
190	1.6027	-1.2345	-8.47485	-0.0104843	0.0145168	-3.27216e-06	
191	1.45427	-1.33481	-8.52945	-0.00998409	0.0150985	-2.84377e-06	
192	1.41433	-1.36218	-8.84126	-0.00987617	0.0158347	-5.0143e-06	
193	1.25481	-1.45171	-8.82788	-0.00929845	0.0162948	-4.56004e-06	
194	1.18628	-1.48885	-9.10244	-0.00948061	0.0170627	-7.96867e-06	
195	1.01731	-1.56668	-9.01893	-0.00883035	0.0173919	-7.47263e-06	
196	0.907964	-1.6235	-9.17644	-0.00916241	0.0181248	-1.12952e-05	
197	0.731523	-1.68871	-9.02167	-0.00844314	0.0183148	-1.07336e-05	
198	0.575563	-1.76769	-8.99024	-0.008727	0.0189191	-1.39924e-05	
199	0.394009	-1.8193	-8.7647	-0.00794201	0.0189631	-1.3341e-05	
200	0.19373	-1.91415	-8.49915	-0.00797304	0.0193381	-1.51262e-05	
201	0.00982232	-1.95113	-8.20547	-0.00712691	0.0192317	-1.43673e-05	
202	-0.224358	-2.04781	-7.70038	-0.00674882	0.0192927	-1.40582e-05	
203	-0.407518	-2.06914	-7.34357	-0.00584891	0.0190348	-1.31881e-05	
204	-0.658782	-2.14903	-6.637	-0.00499795	0.0187339	-1.06163e-05	
205	-0.837871	-2.15384	-6.22438	-0.00405538	0.018327	-9.64899e-06	
206	-1.08612	-2.19838	-5.39082	-0.00278197	0.0176662	-5.15509e-06	
207	-1.25776	-2.18611	-4.93158	-0.0018118	0.0171168	-4.12247e-06	
208	-1.48339	-2.18175	-4.06564	-0.000272872	0.0161487	1.51794e-06	
209	-1.64432	-2.15227	-3.57013	0.000706639	0.0154674	2.56989e-06	
210	-1.83179	-2.0943	-2.76473	0.00228353	0.0142844	8.33757e-06	
211	-1.97908	-2.04802	-2.24363	0.00325243	0.0134847	9.35581e-06	
212	-2.11935	-1.94214	-1.56835	0.0046247	0.0121981	1.42485e-05	
213	-2.25046	-1.88002	-1.03192	0.00556333	0.0112962	1.51813e-05	
214	-2.34177	-1.74107	-0.517235	0.00653406	0.0100109	1.84702e-05	
215	-2.45469	-1.66452	0.0252567	0.00742506	0.00902426	1.9275e-05	
216	-2.50145	-1.5127	0.393557	0.00789256	0.00781608	2.06797e-05	
217	-2.59471	-1.42348	0.934053	0.00872232	0.00676266	2.13281e-05	
218	-2.60508	-1.279	1.20847	0.00870463	0.00566454	2.1057e-05	
219	-2.67767	-1.17902	1.73999	0.00946401	0.00456204	2.15365e-05	
220	-2.66053	-1.057	1.99467	0.00909122	0.00356222	2.01782e-05	
221	-2.71189	-0.948152	2.51092	0.00977521	0.0024279	2.04896e-05	
222	-2.67413	-0.855154	2.81922	0.00925164	0.0014812	1.87915e-05	
223	-2.70408	-0.739232	3.31404	0.00985824	0.00033183	1.89441e-05	
224	-2.64918	-0.672676	3.72668	0.0094048	-0.00061997	1.7555e-05	
225	-2.65786	-0.551285	4.19358	0.00993336	-0.00176781	1.75606e-05	
226	-2.58603	-0.501786	4.7235	0.00972662	-0.00277259	1.68231e-05	
227	-2.57388	-0.376385	5.15537	0.0101762	-0.00390224	1.66917e-05	
228	-2.4836	-0.332191	5.77368	0.0103014	-0.00497844	1.65591e-05	
229	-2.45136	-0.204156	6.16282	0.0106696	-0.00607297	1.62966e-05	
230	-2.34166	-0.156053	6.80677	0.0111006	-0.00720042	1.63989e-05	
231	-2.29037	-0.0267566	7.14528	0.0113831	-0.00824267	1.60082e-05	
232	-2.16284	0.0283275	7.73592	0.0119949	-0.00936613	1.58406e-05	
233	-2.09384	0.157471	8.01625	0.0121859	-0.0103391	1.53248e-05	
234	-1.95354	0.215485	8.48026	0.0127947	-0.0113831	1.44824e-05	
235	-1.86844	0.343017	8.69591	0.012888	-0.0122706	1.38484e-05	
236	-1.72322	0.394749	8.98523	0.0133064	-0.0131605	1.22164e-05	
237	-1.62385	0.519223	9.13131	0.013297	-0.0139477	1.14777e-05	
238	-1.48238	0.554417	9.23472	0.0133876	-0.0146309	9.30049e-06	
239	-1.37067	0.674482	9.30831	0.0132733	-0.0153053	8.47704e-06	
240	-1.23965	0.686469	9.25186	0.0129865	-0.0157646	6.27865e-06	
241	-1.11761	0.800954	9.25202	0.0127683	-0.016316	5.39432e-06	
242	-0.999429	0.789929	9.08862	0.0121523	-0.0165727	3.78085e-06	
243	-0.869054	0.897895	9.01614	0.0118351	-0.0169939	2.85892e-06	
244	-0.760667	0.871503	8.80768	0.0110189	-0.0170986	2.28027e-06	
245	-0.62391	0.972228	8.66466	0.0106105	-0.0173847	1.33875e-06	
246	-0.51756	0.943143	8.46248	0.00976526	-0.0173999	1.90342e-06	
247	-0.376364	1.03606	8.25182	0.00927574	-0.0175483	9.52089e-07	
248	-0.261904	1.01745	8.08124	0.00856769	-0.0175279	2.36723e-06	
249	-0.118244	1.10205	7.80627	0.00800739	-0.0175377	1.40748e-06	
250	0.0135975	1.10269	7.65957	0.00755627	-0.0175097	3.0666e-06	
251	0.157646	1.17844	7.32388	0.00693483	-0.0173812	2.09437e-06	
252	0.312166	1.1994	7.16332	0.0067883	-0.0173397	3.27649e-06	
253	0.454383	1.26566	6.77085	0.00611369	-0.0170746	2.28733e-06	
254	0.630965	1.2999	6.54025	0.00624335	-0.0169812	2.38936e-06	
255	0.768969	1.35598	6.09562	0.00552161	-0.0165821	1.38391e-06	
256	0.960913	1.39104	5.73677	0.0058388	-0.0163777	9.82278e-08	
257	1.0922	1.43625	5.24566	0.00507432	-0.0158491	-9.13612e-07	
258	1.28829	1.45907	4.71479	0.00545887	-0.0154705	-3.53758e-06	
259	1.41032	1.49282	4.18434	0.00465512	-0.0148187	-4.53504e-06	
260	1.59753	1.49468	3.46417	0.00498741	-0.0142163	-8.15642e-06	
261	1.70783	1.51659	2.90319	0.00414789	-0.0134501	-9.109e-06	
262	1.87426	1.49639	2.00794	0.00433538	-0.0126011	-1.32474e-05	
263	1.97054	1.50633	1.42694	0.00346444	-0.011732	-1.41181e-05	
264	2.10761	1.47085	0.399725	0.00345671	-0.010646	-1.83197e-05	
265	2.1879	1.46897	-0.189355	0.00256018	-0.00968827	-1.90691e-05	
266	2.29136	1.43001	-1.28523	0.00235089	-0.00840511	-2.30176e-05	
267	2.35403	1.41662	-1.86949	0.00143635	-0.00737539	-2.36073e-05	
268	2.4236	1.38628	-2.9625	0.0010541	-0.00595599	-2.71407e-05	
269	2.46745	1.36181	-3.52871	0.000130804	-0.00487295	-2.75362e-05	
270	2.50556	1.34764	-4.55125	-0.000376381	-0.00338687	-3.05806e-05	
271	2.52979	1.31251	-5.0865	-0.00129789	-0.00227048	-3.07521e-05	
272	2.54001	1.31456	-5.9844	-0.00187953	-0.000783356	-3.32204e-05	
273	2.54423	1.26914	-6.47671	-0.00278784	0.000345804	-3.31442e-05	
274	2.53004	1.27979	-7.21472	-0.00340496	0.00178174	-3.48631e-05	
275	2.51421	1.22443	-7.65354	-0.00428827	0.00290311	-3.45223e-05	
276	2.47833	1.23121	-8.21617	-0.00492177	0.00425363	-3.52333e-05	
277	2.44278	1.1663	-8.59266	-0.00576828	0.00534723	-3.46196e-05	
278	2.38715	1.15632	-8.98126	-0.00642077	0.00659533	-3.40601e-05	
279	2.33252	1.08236	-9.28848	-0.00721884	0.00764215	-3.31757e-05	
280	2.25863	1.04676	-9.51568	-0.00791039	0.00878304	-3.12026e-05	
281	2.18586	0.964477	-9.7486	-0.00864859	0.00976528	-3.00623e-05	
282	2.09509	0.90105	-9.83186	-0.00940773	0.0107988	-2.67579e-05	
283	2.00541	0.811452	-9.98729	-0.0100748	0.0117001	-2.53893e-05	
284	1.8992	0.724814	-9.94313	-0.0109266	0.0126233	-2.10913e-05	
285	1.79409	0.629165	-10.0196	-0.0115112	0.0134287	-1.95337e-05	
286	1.67383	0.528445	-9.8596	-0.012465	0.0142299	-1.47652e-05	
287	1.55502	0.428222	-9.85722	-0.0129558	0.0149263	-1.3066e-05	
288	1.42196	0.323472	-9.58681	-0.0139944	0.0155834	-8.38659e-06	
289	1.29138	0.220277	-9.50724	-0.01438	0.0161594	-6.59696e-06	
290	1.14669	0.119084	-9.12712	-0.0154538	0.0166423	-2.43426e-06	
291	1.00647	0.0145553	-8.97348	-0.0157232	0.0170888	-6.04363e-07	
292	0.851617	-0.0798296	-8.4835	-0.0167511	0.0173652	2.86434e-06	
293	0.704046	-0.18408	-8.26038	-0.0168939	0.0176755	4.68855e-06	
294	0.541395	-0.272526	-7.6646	-0.0177714	0.0177201	7.55229e-06	
295	0.388884	-0.374945	-7.37796	-0.017779	0.0178903	9.33028e-06	
296	0.222289	-0.460432	-6.68946	-0.018394	0.017693	1.18501e-05	
297	0.0673408	-0.559523	-6.34657	-0.0182601	0.0177222	1.3546e-05	
298	-0.0976689	-0.64435	-5.5904	-0.0185129	0.0172945	1.59892e-05	
299	-0.252516	-0.738666	-5.19963	-0.0182348	0.0171848	1.75702e-05	
300	-0.409159	-0.822099	-4.41257	-0.0180585	0.0165623	2.00433e-05	
301	-0.5614	-0.91024	-3.98313	-0.0176375	0.0163185	2.14777e-05	
302	-0.702705	-0.987582	-3.20998	-0.0170141	0.0155565	2.38308e-05	
303	-0.84994	-1.06822	-2.7515	-0.0164561	0.015186	2.50883e-05	
304	-0.970188	-1.13162	-2.03809	-0.0154234	0.0143511	2.6934e-05	
305	-1.11019	-1.20355	-1.56022	-0.0147389	0.0138632	2.79876e-05	
306	-1.20628	-1.24418	-0.944924	-0.0133864	0.0130209	2.88313e-05	
307	-1.33707	-1.3064	-0.456913	-0.0125896	0.0124263	2.96605e-05	
308	-1.40931	-1.3172	0.0374328	-0.0110437	0.0116279	2.90951e-05	
309	-1.52915	-1.36898	0.527108	-0.0101523	0.0109381	2.96899e-05	
310	-1.58121	-1.34693	0.898531	-0.00855359	0.0102114	2.75804e-05	
311	-1.68865	-1.38785	1.38235	-0.00758702	0.0094381	2.7944e-05	
312	-1.72656	-1.33512	1.65075	-0.00606565	0.00878216	2.45321e-05	
313	-1.82041	-1.36512	2.12219	-0.00504417	0.00793729	2.46815e-05	
314	-1.85099	-1.28879	2.32542	-0.00369838	0.00732498	2.05721e-05	
315	-1.93023	-1.30812	2.77879	-0.00264178	0.00642039	2.05347e-05	
316	-1.9593	-1.21886	2.96458	-0.00152461	0.00580666	1.65664e-05	
317	-2.0231	-1.228	3.39478	-0.000451477	0.00485445	1.6375e-05	
318	-2.05404	-1.13795	3.61031	0.000432041	0.00418891	1.34173e-05	
319	-2.1017	-1.13758	4.01246	0.00150487	0.00320161	1.31029e-05	
320	-2.13466	-1.05831	4.29412	0.00219054	0.00244193	1.18439e-05	
321	-2.1656	-1.04912	4.66328	0.00324804	0.00143283	1.14293e-05	
322	-2.19755	-0.989876	5.02896	0.00379822	0.000555606	1.22142e-05	
323	-2.21128	-0.972551	5.3599	0.00482693	-0.000461072	1.17087e-05	
324	-2.23665	-0.939037	5.80547	0.00531348	-0.00145449	1.44673e-05	
325	-2.23288	-0.914143	6.09262	0.00630114	-0.00246357	1.3865e-05	
326	-2.24465	-0.907862	6.59321	0.0067897	-0.00354743	1.81357e-05	
327	-2.22325	-0.875821	6.83076	0.00772476	-0.00453295	1.74169e-05	
328	-2.21414	-0.893906	7.34603	0.00826337	-0.00566285	2.24485e-05	
329	-2.17527	-0.854986	7.52823	0.00913462	-0.00660845	2.15838e-05	
330	-2.13881	-0.890516	8.01017	0.00974796	-0.00773055	2.64813e-05	
331	-2.08294	-0.844861	8.1317	0.0105442	-0.00861996	2.54385e-05	
332	-2.01441	-0.887722	8.53304	0.0112328	-0.0096808	2.93181e-05	
333	-1.94236	-0.835411	8.58942	0.011943	-0.0104984	2.80691e-05	
334	-1.83947	-0.873751	8.87091	0.012686	-0.011453	3.01986e-05	
335	-1.75245	-0.814879	8.85889	0.0132991	-0.0121843	2.87265e-05	
336	-1.61583	-0.83707	8.99424	0.0140587	-0.013001	2.8634e-05	
337	-1.51543	-0.771845	8.91212	0.0145642	-0.0136332	2.69385e-05	
338	-1.34891	-0.768663	8.89026	0.0152911	-0.0142944	2.44834e-05	
339	-1.23709	-0.697487	8.73807	0.0156794	-0.0148165	2.25837e-05	
340	-1.04754	-0.664021	8.56293	0.0163183	-0.0153169	1.79825e-05	
341	-0.926556	-0.587552	8.34249	0.016581	-0.0157202	1.59175e-05	
342	-0.723316	-0.524283	8.03089	0.0170764	-0.0160632	9.71862e-06	
343	-0.595664	-0.443457	7.74571	0.0172068	-0.0163411	7.54443e-06	
344	-0.389375	-0.356105	7.32399	0.0175087	-0.0165352	5.46408e-07	
345	-0.257686	-0.272114	6.97913	0.0175025	-0.0166833	-1.66917e-06	
346	-0.0587518	-0.170188	6.47918	0.0175719	-0.0167388	-8.55091e-06	
347	0.0743171	-0.0844176	6.08096	0.0174277	-0.0167549	-1.07354e-05	
348	0.257413	0.0211615	5.5361	0.0172411	-0.0166822	-1.66352e-05	
349	0.389272	0.10722	5.09178	0.0169601	-0.0165663	-1.8719e-05	
350	0.55134	0.206718	4.53287	0.0165121	-0.0163745	-2.29868e-05	
351	0.679549	0.291565	4.05038	0.0160988	-0.0161286	-2.49106e-05	
352	0.81936	0.378448	3.50258	0.0154017	-0.0158255	-2.72352e-05	
353	0.941682	0.460656	2.99018	0.0148636	-0.0154535	-2.89541e-05	
354	1.06167	0.532394	2.47078	0.0139452	-0.015045	-2.94072e-05	
355	1.17609	0.610667	1.93685	0.0132928	-0.0145526	-3.08935e-05	
356	1.28114	0.668178	1.4545	0.0121933	-0.0140429	-2.98785e-05	
357	1.38585	0.741367	0.907298	0.0114395	-0.0134378	-3.11203e-05	
358	1.48148	0.787446	0.462666	0.0102081	-0.0128297	-2.92389e-05	
359	1.57487	0.854554	-0.089731	0.00936803	-0.012121	-3.02365e-05	
360	1.66537	0.892024	-0.502064	0.00806043	-0.0114174	-2.81144e-05	
361	1.74597	0.952187	-1.05185	0.00715074	-0.0106159	-2.88759e-05	
362	1.83305	0.982605	-1.44084	0.00582756	-0.00982083	-2.70041e-05	
363	1.89956	1.03508	-1.98048	0.00486589	-0.00893881	-2.754e-05	
364	1.98191	1.05853	-2.35607	0.00359002	-0.00805894	-2.61815e-05	
365	2.03315	1.10269	-2.87829	0.0025944	-0.00710991	-2.65019e-05	
366	2.10699	1.11869	-3.24947	0.00142651	-0.00615558	-2.56901e-05	
367	2.14195	1.15404	-3.74722	0.0004147	-0.00515424	-2.58025e-05	
368	2.20234	1.1631	-4.12079	-0.00059433	-0.00413906	-2.54195e-05	
369	2.22022	1.18926	-4.58728	-0.00160542	-0.00310106	-2.5329e-05	
370	2.26259	1.19416	-4.96726	-0.00242413	-0.00204079	-2.52233e-05	
371	2.26284	1.21089	-5.39591	-0.00341895	-0.000982474	-2.49334e-05	
372	2.28422	1.21696	-5.78304	-0.00404441	0.000106592	-2.5019e-05	
373	2.26659	1.2241	-6.16753	-0.00500908	0.00116842	-2.45329e-05	
374	2.26616	1.23805	-6.55849	-0.00547193	0.00227065	-2.48245e-05	
375	2.2307	1.23548	-6.89282	-0.00639428	0.00331899	-2.41454e-05	
376	2.20958	1.26302	-7.27905	-0.0067562	0.00441934	-2.47144e-05	
377	2.15664	1.25067	-7.5576	-0.0076256	0.00543727	-2.38451e-05	
378	2.11703	1.29376	-7.92425	-0.00796812	0.00651986	-2.47179e-05	
379	2.04726	1.27148	-8.14194	-0.00877499	0.00749077	-2.36605e-05	
380	1.99142	1.32634	-8.46763	-0.00918099	0.00853654	-2.47118e-05	
381	1.90576	1.29397	-8.62004	-0.00991627	0.00944441	-2.34679e-05	
382	1.83529	1.35065	-8.87828	-0.0104488	0.0104291	-2.43663e-05	
383	1.73491	1.30803	-8.96191	-0.0111034	0.0112588	-2.29381e-05	
384	1.65056	1.35205	-9.12455	-0.0117877	0.0121528	-2.31843e-05	
385	1.53686	1.29911	-9.13703	-0.0123521	0.0128903	-2.15775e-05	
386	1.43891	1.31481	-9.17936	-0.0131662	0.0136607	-2.06333e-05	
387	1.31351	1.25171	-9.11968	-0.0136305	0.0142935	-1.88614e-05	
388	1.20254	1.22617	-9.02597	-0.0145069	0.0149089	-1.63312e-05	
389	1.06725	1.15337	-8.89468	-0.0148611	0.0154266	-1.4419e-05	
390	0.944873	1.07992	-8.66262	-0.0157003	0.0158632	-1.02158e-05	
391	0.801673	0.998314	-8.46192	-0.0159349	0.0162573	-8.20205e-06	
392	0.670973	0.878304	-8.10455	-0.0166249	0.0165049	-2.63402e-06	
393	0.521992	0.789223	-7.83822	-0.016732	0.0167696	-5.70505e-07	
394	0.387366	0.631799	-7.38249	-0.0171698	0.0168343	5.69098e-06	
395	0.234829	0.53698	-7.05577	-0.017144	0.0169661	7.74256e-06	
396	0.101336	0.35692	-6.53798	-0.0172543	0.0168704	1.38086e-05	
397	-0.0524884	0.25841	-6.15729	-0.0170931	0.0168683	1.57831e-05	
398	-0.180086	0.0728609	-5.61666	-0.0168393	0.0166467	2.07616e-05	
399	-0.332942	-0.0271264	-5.18924	-0.0165441	0.0165121	2.2598e-05	
400	-0.451124	-0.202034	-4.66124	-0.015932	0.0162038	2.58102e-05	
401	-0.600819	-0.301265	-4.19479	-0.0155081	0.0159399	2.74583e-05	
402	-0.707928	-0.453059	-3.70574	-0.0145833	0.0155814	2.85919e-05	
403	-0.852379	-0.549419	-3.20809	-0.0140398	0.015193	3.00181e-05	
404	-0.948756	-0.670721	-2.77223	-0.0128808	0.0148103	2.91801e-05	
405	-1.08601	-0.762319	-2.25113	-0.01223	0.0143036	3.03684e-05	
406	-1.1736	-0.851092	-1.87016	-0.0109386	0.0139076	2.80346e-05	
407	-1.30185	-0.936323	-1.33309	-0.0101951	0.0132899	2.89857e-05	
408	-1.3834	-0.99524	-0.997944	-0.00888473	0.0128753	2.58741e-05	
409	-1.50097	-1.0728	-0.452084	-0.00806496	0.0121548	2.66009e-05	
410	-1.57905	-1.10817	-0.145941	-0.00684672	0.0117014	2.35127e-05	
411	-1.68439	-1.17706	0.401802	-0.00596738	0.0108874	2.40345e-05	
412	-1.76038	-1.1976	0.699852	-0.00493492	0.0103648	2.17022e-05	
413	-1.85209	-1.25702	1.24276	-0.00401229	0.00946766	2.2038e-05	
414	-1.92544	-1.2726	1.55385	-0.00322634	0.00884213	2.10058e-05	
415	-2.00222	-1.32196	2.08528	-0.00227544	0.0078733	2.11691e-05	
416	-2.07016	-1.34217	2.4269	-0.0017517	0.00711468	2.17129e-05	
417	-2.13087	-1.38097	2.94015	-0.000785771	0.00608717	2.17079e-05	
418	-2.18852	-1.41367	3.32236	-0.00048984	0.00517656	2.3795e-05	
419	-2.23219	-1.44144	3.81066	0.000479794	0.00410487	2.36148e-05	
420	-2.27331	-1.49121	4.23282	0.000627238	0.00304086	2.69006e-05	
421	-2.29921	-1.50746	4.68928	0.00159088	0.00194103	2.6528e-05	
422	-2.31731	-1.57435	5.13806	0.00169806	0.000743475	3.03929e-05	
423	-2.32499	-1.57855	5.55576	0.00264705	-0.000367134	2.98042e-05	
424	-2.31474	-1.65754	6.00523	0.00282678	-0.00165691	3.34384e-05	
425	-2.30409	-1.64913	6.37741	0.00375267	-0.00275989	3.26087e-05	
426	-2.26264	-1.73063	6.79195	0.00409542	-0.00408309	3.51454e-05	
427	-2.23393	-1.70907	7.11228	0.00498922	-0.00515952	3.40552e-05	
428	-2.16182	-1.78046	7.45233	0.00554065	-0.00644781	3.47401e-05	
429	-2.11569	-1.74532	7.71528	0.00639225	-0.00747889	3.33822e-05	
430	-2.01709	-1.79349	7.94502	0.00714135	-0.00866488	3.17472e-05	
431	-1.95456	-1.74457	8.14616	0.00793939	-0.00963261	3.0132e-05	
432	-1.83664	-1.75874	8.2416	0.00882081	-0.0106607	2.61302e-05	
433	-1.75906	-1.69613	8.37792	0.00955293	-0.0115485	2.42885e-05	
434	-1.63068	-1.67037	8.33317	0.0104628	-0.0123834	1.83462e-05	
435	-1.53964	-1.59456	8.40325	0.0111164	-0.0131767	1.63283e-05	
436	-1.40958	-1.52932	8.23327	0.0119375	-0.0138077	9.28981e-06	
437	-1.30683	-1.44121	8.23729	0.0125005	-0.0144944	7.16103e-06	
438	-1.18201	-1.34356	7.97622	0.0131303	-0.0149344	1.27282e-07	
439	-1.0694	-1.24446	7.91578	0.0135924	-0.0155045	-2.03989e-06	
440	-0.953629	-1.1268	7.61082	0.0139663	-0.0157842	-7.94388e-06	
441	-0.83304	-1.01831	7.48869	0.0143195	-0.0162304	-1.0079e-05	
442	-0.726473	-0.895968	7.19096	0.0144254	-0.0163888	-1.39531e-05	
443	-0.599763	-0.779906	7.01061	0.0146648	-0.0167058	-1.5997e-05	
444	-0.499295	-0.667893	6.76509	0.0145446	-0.0167814	-1.73694e-05	
445	-0.368305	-0.546132	6.5303	0.0146681	-0.0169659	-1.92804e-05	
446	-0.268684	-0.455961	6.36684	0.0144074	-0.0169876	-1.82157e-05	
447	-0.135244	-0.330312	6.08134	0.0144156	-0.0170379	-1.99729e-05	
448	-0.0306208	-0.267371	6.00888	0.0141245	-0.0170209	-1.70582e-05	
449	0.103415	-0.139489	5.67613	0.0140195	-0.0169368	-1.86603e-05	
450	0.217887	-0.101667	5.68114	0.0138082	-0.0168809	-1.48738e-05	
451	0.350617	0.0269876	5.30428	0.0135933	-0.0166635	-1.6333e-05	
452	0.477488	0.0490249	5.35359	0.0135476	-0.0165549	-1.28246e-05	
453	0.606941	0.177169	4.93555	0.013226	-0.0162068	-1.4159e-05	
454	0.745723	0.198005	4.98302	0.0133883	-0.0160226	-1.1992e-05	
455	0.869861	0.324458	4.52679	0.0129628	-0.0155477	-1.32165e-05	
456	1.01694	0.360564	4.52238	0.0133218	-0.0152609	-1.31283e-05	
457	1.13368	0.484138	4.03137	0.0127942	-0.014665	-1.42463e-05	
458	1.28283	0.549863	3.93083	0.0132851	-0.0142501	-1.64808e-05	
459	1.39011	0.669246	3.4092	0.0126567	-0.0135405	-1.74799e-05	
460	1.53355	0.77313	3.18257	0.0131731	-0.0129785	-2.17309e-05	
461	1.62937	0.886796	2.63553	0.012445	-0.0121647	-2.25817e-05	
462	1.75903	1.02919	2.27263	0.0128585	-0.0114471	-2.80634e-05	
463	1.84156	1.13536	1.70661	0.012033	-0.0105404	-2.87237e-05	
464	1.95047	1.30806	1.21856	0.0122183	-0.00967191	-3.43538e-05	
465	2.0181	1.40473	0.641161	0.0112992	-0.00868555	-3.47751e-05	
466	2.10148	1.59272	0.057532	0.0111579	-0.00768457	-3.94283e-05	
467	2.1529	1.67775	-0.522634	0.0101517	-0.00663364	-3.95655e-05	
468	2.20889	1.86268	-1.16034	0.00962989	-0.00553048	-4.23346e-05	
469	2.24312	1.93395	-1.73398	0.0085467	-0.0044315	-4.2154e-05	
470	2.2728	2.09823	-2.38094	0.00764261	-0.00326449	-4.25508e-05	
471	2.28922	2.15378	-2.9385	0.00649595	-0.00213503	-4.20374e-05	
472	2.29611	2.28424	-3.55529	0.00525711	-0.000944792	-4.00829e-05	
473	2.29443	2.32244	-4.08736	0.00406394	0.000196922	-3.92429e-05	
474	2.28346	2.41256	-4.64656	0.00257445	0.00137363	-3.5426e-05	
475	2.26371	2.43219	-5.14425	0.00135452	0.00250922	-3.42857e-05	
476	2.23992	2.48228	-5.63351	-0.000283027	0.00364459	-2.94084e-05	
477	2.20241	2.4826	-6.08868	-0.001508	0.00475591	-2.80097e-05	
478	2.16981	2.49829	-6.50951	-0.00319137	0.00583379	-2.2971e-05	
479	2.11507	2.479	-6.91495	-0.0043987	0.00690329	-2.13641e-05	
480	2.07579	2.46857	-7.27801	-0.00604117	0.00791852	-1.69444e-05	
481	2.00455	2.42979	-7.6274	-0.0072082	0.00892947	-1.5181e-05	
482	1.95862	2.40124	-7.94562	-0.00874722	0.00988416	-1.18849e-05	
483	1.87181	2.34343	-8.23355	-0.00985207	0.0108208	-1.00117e-05	
484	1.81744	2.30223	-8.51522	-0.0112507	0.0117183	-7.99886e-06	
485	1.71615	2.22614	-8.7371	-0.012273	0.012566	-6.0544e-06	
486	1.65051	2.17411	-8.98091	-0.0135153	0.0134043	-5.15834e-06	
487	1.53602	2.08072	-9.13298	-0.0144363	0.0141496	-3.17175e-06	
488	1.45619	2.01615	-9.32623	-0.0155187	0.0149169	-2.9829e-06	
489	1.32997	1.90666	-9.4056	-0.0163219	0.0155476	-9.75583e-07	
490	1.23393	1.82536	-9.52606	-0.0172442	0.0162196	-9.5533e-07	
491	1.09766	1.70121	-9.53088	-0.0179152	0.0167252	1.05568e-06	
492	0.98502	1.59813	-9.55174	-0.0186722	0.0172681	1.45625e-06	
493	0.840588	1.46102	-9.48135	-0.0191992	0.0176397	3.45417e-06	
494	0.713035	1.33205	-9.37787	-0.0197768	0.0180156	4.68537e-06	
495	0.562512	1.18394	-9.23306	-0.0201502	0.0182466	6.64968e-06	
496	0.423796	1.02738	-8.98922	-0.0205253	0.0184217	8.96991e-06	
497	0.269407	0.870539	-8.77237	-0.0207384	0.018508	1.08733e-05	
498	0.12495	0.688181	-8.38594	-0.0208832	0.0184614	1.42782e-05	
499	-0.0309735	0.525146	-8.1011	-0.020932	0.0184017	1.60854e-05	
500	-0.174862	0.322692	-7.58579	-0.020822	0.0181319	2.02743e-05	
501	-0.329949	0.156237	-7.23866	-0.0207059	0.0179278	2.19428e-05	
502	-0.4671	-0.0570607	-6.62296	-0.0203285	0.0174551	2.63454e-05	
503	-0.619009	-0.223999	-6.22064	-0.0200501	0.0171109	2.78289e-05	
504	-0.744495	-0.436524	-5.54348	-0.0194136	0.0164748	3.17073e-05	
505	-0.890975	-0.600947	-5.09425	-0.0189789	0.0159977	3.29608e-05	
506	-1.00199	-0.800626	-4.39851	-0.018117	0.0152492	3.55845e-05	
507	-1.14093	-0.959592	-3.91137	-0.0175352	0.0146483	3.65705e-05	
508	-1.23718	-1.13618	-3.23674	-0.0165055	0.0138395	3.7425e-05	
509	-1.36666	-1.28691	-2.72105	-0.0157886	0.0131259	3.8119e-05	
510	-1.45006	-1.43407	-2.09783	-0.0146662	0.0122989	3.70858e-05	
511	-1.56835	-1.57407	-1.56292	-0.0138284	0.0114849	3.74798e-05	
512	-1.64205	-1.69063	-1.00815	-0.0126929	0.0106634	3.49144e-05	
513	-1.74759	-1.81771	-0.46307	-0.01175	0.00976205	3.50172e-05	
514	-1.81456	-1.90755	0.020175	-0.0106714	0.00894867	3.16803e-05	
515	-1.90598	-2.01987	0.566874	-0.00963981	0.0079737	3.15133e-05	
516	-1.96752	-2.0903	0.987075	-0.00866557	0.00715234	2.83569e-05	
517	-2.04362	-2.18633	1.5274	-0.00756195	0.00611805	2.7948e-05	
518	-2.09843	-2.24539	1.90002	-0.00670943	0.00526222	2.58182e-05	
519	-2.15815	-2.32388	2.4265	-0.00555004	0.00418341	2.51939e-05	
520	-2.20229	-2.37729	2.76861	-0.00480625	0.00326692	2.45517e-05	
521	-2.24479	-2.4372	3.27424	-0.00360685	0.00215907	2.37313e-05	
522	-2.27252	-2.48607	3.59988	-0.00293566	0.00116629	2.44957e-05	
523	-2.29718	-2.52654	4.07805	-0.00171151	4.555e-05	2.34882e-05	
524	-2.30269	-2.5666	4.39555	-0.00106573	-0.00102189	2.50652e-05	
525	-2.30918	-2.58699	4.84	0.00016822	-0.00213866	2.38714e-05	
526	-2.28834	-2.60969	5.15173	0.000833398	-0.00326042	2.53641e-05	
527	-2.27664	-2.60959	5.55652	0.00206228	-0.00435592	2.39815e-05	
528	-2.22841	-2.60489	5.86056	0.00277854	-0.00549685	2.45073e-05	
529	-2.19888	-2.58423	6.22013	0.00398731	-0.00655358	2.29373e-05	
530	-2.12569	-2.54398	6.51289	0.00476785	-0.00767129	2.19358e-05	
531	-2.07902	-2.50306	6.82212	0.00594126	-0.00867206	2.01901e-05	
532	-1.98612	-2.42402	7.10052	0.00678154	-0.00972554	1.76093e-05	
533	-1.92333	-2.3636	7.35481	0.00790413	-0.0106539	1.57128e-05	
534	-1.8172	-2.24898	7.61711	0.00878745	-0.0116105	1.20101e-05	
535	-1.73959	-2.17027	7.81238	0.00984375	-0.0124511	1.00008e-05	
536	-1.62614	-2.02929	8.05715	0.0107486	-0.0132899	5.96607e-06	
537	-1.53518	-1.9339	8.18995	0.0117234	-0.0140291	3.88983e-06	
538	-1.4182	-1.7795	8.41367	0.0126298	-0.0147407	3.63908e-07	
539	-1.31555	-1.66935	8.48118	0.0135085	-0.0153663	-1.73195e-06	
540	-1.196	-1.51483	8.67549	0.0144001	-0.0159488	-4.13656e-06	
541	-1.08342	-1.39204	8.67561	0.0151688	-0.0164509	-6.20988e-06	
542	-0.959831	-1.24765	8.82557	0.0160311	-0.0169049	-7.28881e-06	
543	-0.839167	-1.11441	8.75698	0.0166769	-0.0172754	-9.30695e-06	
544	-0.708779	-0.985088	8.84127	0.0174912	-0.0175996	-9.29094e-06	
545	-0.581992	-0.843579	8.7036	0.0180027	-0.0178325	-1.12317e-05	
546	-0.442329	-0.728359	8.69724	0.0187396	-0.0180211	-1.06674e-05	
547	-0.311479	-0.580705	8.49123	0.0191066	-0.0181125	-1.25169e-05	
548	-0.161773	-0.474008	8.37038	0.0197214	-0.0181556	-1.20573e-05	
549	-0.029021	-0.322276	8.09806	0.0199358	-0.0181039	-1.38053e-05	
550	0.12899	-0.216589	7.84575	0.0203682	-0.01799	-1.39886e-05	
551	0.261398	-0.062825	7.51061	0.0204241	-0.0177959	-1.5624e-05	
552	0.423489	0.0481453	7.12197	0.0206053	-0.0175163	-1.67128e-05	
553	0.553254	0.201883	6.72903	0.0204997	-0.0171828	-1.82196e-05	
554	0.713492	0.320587	6.21446	0.0203639	-0.016736	-2.01399e-05	
555	0.838323	0.472195	5.77025	0.0200971	-0.0162685	-2.14963e-05	
556	0.990322	0.595968	5.15552	0.0195976	-0.0156629	-2.38825e-05	
557	1.108	0.743309	4.6679	0.0191739	-0.0150693	-2.5062e-05	
558	1.24626	0.86484	3.99087	0.0182977	-0.0143241	-2.73804e-05	
559	1.35469	1.00579	3.46874	0.0177253	-0.0136143	-2.83554e-05	
560	1.47567	1.11516	2.77337	0.0165035	-0.0127574	-3.00643e-05	
561	1.57296	1.24769	2.22629	0.0157949	-0.0119434	-3.08104e-05	
562	1.67551	1.33536	1.55509	0.0143037	-0.0110074	-3.15129e-05	
563	1.76001	1.45761	0.992857	0.0134749	-0.0101027	-3.20132e-05	
564	1.84524	1.51733	0.37973	0.0118272	-0.00911905	-3.15643e-05	
565	1.91553	1.62773	-0.188011	0.0108971	-0.00813835	-3.1812e-05	
566	1.98605	1.65856	-0.723022	0.00922405	-0.00713222	-3.03564e-05	
567	2.04095	1.75584	-1.2871	0.00821312	-0.00609126	-3.03557e-05	
568	2.09973	1.76246	-1.73985	0.00664027	-0.00507778	-2.82861e-05	
569	2.13831	1.8457	-2.29178	0.00556968	-0.00399284	-2.80502e-05	
570	2.18751	1.837	-2.67244	0.00419294	-0.00297645	-2.58951e-05	
571	2.20907	1.90554	-3.20446	0.00308326	-0.00186418	-2.54427e-05	
572	2.2492	1.89184	-3.53287	0.00195102	-0.000841134	-2.37089e-05	
573	2.25321	1.94524	-4.03792	0.00082145	0.000281623	-2.30602e-05	
574	2.28276	1.93498	-4.3371	-7.25358e-05	0.00131817	-2.20745e-05	
575	2.26894	1.97296	-4.80872	-0.00120459	0.00243444	-2.12472e-05	
576	2.28474	1.96996	-5.09826	-0.00191517	0.00348825	-2.10457e-05	
577	2.25302	1.99231	-5.53046	-0.00303409	0.00458105	-2.00528e-05	
578	2.25113	1.99445	-5.82158	-0.00364717	0.0056474	-2.03595e-05	
579	2.20171	2.00104	-6.20874	-0.00473875	0.00669981	-1.92099e-05	
580	2.1786	2.00086	-6.50197	-0.00534662	0.00776266	-1.95203e-05	
581	2.11197	1.99166	-6.83884	-0.00639748	0.00875807	-1.82209e-05	
582	2.0657	1.97858	-7.12484	-0.00707376	0.0097906	-1.79695e-05	
583	1.98264	1.95372	-7.40655	-0.00807076	0.0107129	-1.65294e-05	
584	1.91352	1.91732	-7.6694	-0.00885121	0.0116814	-1.52886e-05	
585	1.81512	1.87718	-7.89163	-0.00978106	0.0125156	-1.37235e-05	
586	1.72576	1.8104	-8.11345	-0.0106551	0.0133852	-1.13623e-05	
587	1.61342	1.75567	-8.27258	-0.0115042	0.0141173	-9.69671e-06	
588	1.50813	1.6569	-8.43801	-0.0124183	0.0148581	-6.44035e-06	
589	1.3835	1.58863	-8.53127	-0.0131733	0.0154759	-4.708e-06	
590	1.26724	1.46213	-8.63059	-0.0140448	0.016067	-1.07155e-06	
591	1.13217	1.38171	-8.6562	-0.0146927	0.0165605	6.87331e-07	
592	1.00951	1.23625	-8.68639	-0.0154289	0.016992	4.06803e-06	
593	0.86602	1.14538	-8.64363	-0.0159582	0.0173531	5.81135e-06	
594	0.740329	0.991718	-8.60734	-0.0164753	0.0176249	8.38979e-06	
595	0.590544	0.892299	-8.49658	-0.0168767	0.0178478	1.00788e-05	
596	0.463805	0.740292	-8.39981	-0.0171146	0.0179663	1.15695e-05	
597	0.309909	0.634333	-8.22246	-0.0173816	0.0180479	1.31727e-05	
598	0.183014	0.490805	-8.07186	-0.0173109	0.0180225	1.36219e-05	
599	0.0272285	0.380336	-7.83032	-0.0174405	0.0179616	1.51172e-05	
