0	0	0	0.0225785	-2.70583e-05	-6.15112e-05	0	
1	-9.57998e-19	-0.000199966	0.189013	-0.000642909	-0.000499896	-1.48567e-06	
2	0.00358471	-0.00931719	0.0623591	-0.00703379	-0.000369264	-5.03333e-05	
3	0.0756805	-0.19801	-6.1242	-0.0411008	0.0112498	-0.000759893	
4	0.364904	-2.04902	-35.9132	-0.136643	0.0592224	-0.00535053	
5	-0.971311	-11.0902	-97.2105	-0.263365	0.136684	-0.0183906	
6	-13.0588	-34.2102	-137.812	-0.27337	0.157854	-0.0309023	
7	-44.5721	-64.0219	-87.3903	-0.0921313	0.0779031	-0.0193723	
8	-76.8885	-74.3177	-4.6699	0.0733837	0.0229575	0.0110859	
9	-74.9913	-53.8037	-15.8607	0.0343212	0.0377247	0.0243726	
10	-46.7993	-32.3227	-64.4698	-0.0409727	-0.0647359	0.0215391	
11	-36.3924	-41.5058	-38.7343	-0.0303847	-0.187718	0.0245301	
12	-46.1714	-65.9114	-43.3852	-0.111871	-0.00992136	0.0170913	
13	-42.8341	-72.0999	-112.851	-0.226257	0.148034	0.00700174	
14	-35.0214	-63.6352	-78.7801	-0.159656	-0.0681906	0.0344758	
15	-49.9232	-66.0674	-30.9446	-0.0921106	-0.105235	0.0568853	
16	-58.9366	-83.2349	-131.994	-0.079691	0.136829	0.0157271	
17	-42.4306	-93.0435	-176.559	0.0960062	0.0133084	-0.0112266	
18	-45.5363	-75.6068	-123.712	0.132166	-0.117279	0.0308287	
19	-70.0367	-50.5551	-165.302	-0.162926	0.124797	0.0436316	
20	-75.4019	-50.7331	-133.782	-0.258412	0.0512832	0.0234363	
21	-72.3801	-60.4847	-1.35616	-0.12381	-0.170514	0.0553716	
22	-66.5452	-62.954	-57.9929	-0.157108	-0.000690206	0.0809023	
23	-54.2621	-78.7648	-153.371	-0.188522	0.00937564	0.0599066	
24	-62.4932	-93.7384	-113.984	-0.169078	-0.120207	0.0379278	
25	-78.7205	-81.6217	-125.461	-0.263725	0.00243865	0.0409399	
26	-72.848	-74.4565	-139.978	-0.263112	-0.0425143	0.0979884	
27	-59.1631	-97.1986	-106.333	-0.150735	-0.12081	0.107571	
28	-61.3091	-117.981	-122.153	-0.0631844	-0.000462699	0.0283566	
29	-71.8923	-101.059	-84.8414	0.0376679	-0.0754461	0.0528134	
30	-62.9045	-60.8942	-46.987	-0.00631102	-0.118704	0.135482	
31	-47.6908	-52.4354	-101.654	-0.166839	-0.0400502	0.0875721	
32	-56.1491	-71.2208	-100.282	-0.207157	-0.127747	0.0344362	
33	-61.732	-56.9701	-110.245	-0.256129	-0.0843128	0.107256	
34	-43.817	-43.3465	-149.558	-0.294151	-0.0192404	0.161693	
35	-40.4004	-78.2093	-66.2934	-0.194143	-0.125067	0.0808062	
36	-63.1023	-85.3364	-45.7483	-0.158148	-0.0674744	0.0361854	
37	-58.5483	-47.0636	-118.614	-0.132364	-0.0568025	0.13941	
38	-27.0198	-42.9654	-108.385	-0.0851462	-0.149627	0.150938	
39	-34.267	-51.4205	-112.079	-0.189078	-0.0854728	0.0505405	
40	-59.5382	-30.7302	-84.6147	-0.23956	-0.105299	0.100666	
41	-41.2529	-28.5426	-2.46041	-0.222156	-0.10744	0.17106	
42	-16.0781	-45.8526	-11.9941	-0.280403	-0.0424849	0.10329	
43	-28.4207	-33.7853	-15.5383	-0.289975	-0.177263	0.100781	
44	-35.7278	-23.1867	-16.9879	-0.284366	-0.171967	0.154149	
45	-14.8301	-44.584	-62.53	-0.201724	-0.0664376	0.121348	
46	-7.53962	-40.3743	-54.1513	-0.0952996	-0.157152	0.0990774	
47	-15.007	-13.7976	-51.8205	-0.21632	-0.104806	0.128623	
48	-7.15931	-21.6963	-30.4909	-0.259642	-0.0420382	0.136849	
49	-0.41709	-22.3378	26.7391	-0.115424	-0.167178	0.12193	
50	-4.20816	9.26332	22.3026	-0.0878994	-0.144567	0.104832	
51	2.77062	23.6963	26.7989	-0.0907839	-0.0768965	0.112684	
52	13.2599	24.4768	18.3321	-0.141348	-0.11331	0.147736	
53	15.639	29.0897	-15.7652	-0.338858	-0.138254	0.135436	
54	17.97	30.7175	19.3731	-0.434733	-0.131426	0.0932536	
55	15.6042	32.7912	29.212	-0.317024	-0.071416	0.122556	
56	15.2652	22.4903	24.4345	-0.165162	-0.0952365	0.154057	
57	30.4955	9.5965	59.8961	-0.152744	-0.144979	0.10164	
58	35.6546	25.3524	43.439	-0.160046	-0.0700566	0.0888018	
59	25.5265	45.8878	41.579	-0.0955833	-0.100237	0.137866	
60	34.0328	49.0655	74.68	-0.186138	-0.158587	0.106184	
61	44.1348	56.0004	71.8684	-0.296039	-0.0874012	0.0818717	
62	39.3319	60.2532	82.1014	-0.21041	-0.0714369	0.139174	
63	50.5767	47.5401	100.578	-0.198663	-0.0762995	0.114648	
64	54.6349	46.2085	128.717	-0.247419	-0.0916829	0.0707478	
65	35.2896	61.8174	130.268	-0.182014	-0.132638	0.116268	
66	48.5892	57.8237	42.4306	-0.141018	-0.0884435	0.110336	
67	79.8268	48.828	16.999	-0.119398	-0.0678445	0.0575853	
68	62.4253	73.0634	75.8719	-0.110963	-0.0608775	0.0738217	
69	34.6349	90.5896	95.7753	-0.151757	-0.0264488	0.111071	
70	56.1065	68.41	130.713	-0.12096	-0.0608064	0.0868058	
71	74.4227	65.0716	153.844	-0.110331	-0.0656588	0.0429553	
72	58.0148	101.278	109.222	-0.178575	-0.0622587	0.068529	
73	58.42	105.511	78.8021	-0.18857	-0.0840021	0.096585	
74	63.8009	68.717	88.009	-0.206792	-0.0324789	0.0578677	
75	53.3213	67.1431	111.617	-0.273958	-0.0219709	0.0595258	
76	63.8714	86.9431	101.926	-0.268169	-0.0422514	0.0796616	
77	71.1788	55.6787	80.8889	-0.155497	-0.0175184	0.0281847	
78	50.6987	28.7928	117.262	-0.0307556	-0.0342965	0.0304214	
79	49.0438	68.5481	128.924	0.0125649	-0.0388771	0.0887262	
80	65.6923	91.5332	96.6051	0.0107086	-0.0186444	0.0394483	
81	63.9554	65.8699	86.6248	-0.0736625	-0.0125031	-0.0201507	
82	51.5	69.4641	87.8466	-0.242156	0.00250699	0.0502313	
83	48.1955	85.2203	118.585	-0.242998	-0.0163356	0.092263	
84	55.2442	55.0786	122.38	-0.0940472	-0.0138066	0.00865244	
85	52.598	36.3995	72.237	-0.0525671	0.0200139	-0.021599	
86	35.4916	66.7013	70.5633	-0.0823533	0.00968516	0.0526414	
87	40.0932	69.411	64.5641	-0.0752486	-0.0044247	0.0543705	
88	57.2726	31.8888	16.4917	-0.083698	-0.018914	-0.0207658	
89	38.3825	34.1023	21.2492	-0.106318	0.011423	-0.0100537	
90	17.0001	64.4331	64.832	-0.0550529	0.0785818	0.0454868	
91	32.1241	54.2088	88.655	-0.023918	0.0382719	0.0168554	
92	34.7342	27.6607	80.1337	-0.138077	-0.0141071	-0.0140209	
93	16.1271	31.0448	65.7658	-0.196547	0.0103856	0.0213814	
94	19.7144	34.1919	52.618	-0.105871	0.0103775	0.0223591	
95	25.1715	11.8545	-3.80806	-0.101144	0.00914903	-0.0121048	
96	7.88234	-0.808671	-38.6092	-0.174971	0.045218	0.00444755	
97	-1.25651	4.01841	16.0962	-0.127787	0.0703441	0.0256826	
98	6.89762	-5.34281	54.2988	-0.0196446	0.0297162	-0.00735994	
99	3.83123	-19.7436	15.8228	0.0255836	-0.0207499	-0.0167857	
100	-12.6998	-15.1958	-22.5326	0.0495598	0.0194941	0.0272412	
101	-11.2529	1.29828	-24.3803	0.0322658	0.0292673	0.0163638	
102	4.50726	10.6219	-26.6083	-0.100646	-0.0168789	-0.0296734	
103	-8.58917	-1.09631	-31.5277	-0.206886	0.0288824	0.0102944	
104	-31.0527	-19.557	-16.5952	-0.187371	0.0758379	0.0510006	
105	-15.4226	-29.3783	-20.2051	-0.17202	0.0372743	0.00144113	
106	-9.51262	-42.6624	-52.5042	-0.120664	0.00705624	-0.0235494	
107	-47.1087	-51.2729	-70.4962	0.00198228	0.0395543	0.0109587	
108	-55.0163	-42.0614	-71.7298	0.00651886	0.0688656	0.0236531	
109	-27.6171	-34.0812	-69.4417	-0.0790733	-0.00239893	0.0139609	
110	-41.6162	-40.5661	-93.2428	-0.144852	-0.0520015	0.0168806	
111	-68.9715	-57.6515	-108.687	-0.175804	0.000529774	0.0320426	
112	-49.7587	-66.189	-45.8561	-0.0934691	-0.0192199	0.0384413	
113	-29.5661	-53.6049	-16.1936	-0.0598238	-0.0758709	0.0425591	
114	-40.8722	-56.5686	-83.1567	-0.189265	-0.0298983	0.0493312	
115	-44.9027	-81.768	-117.095	-0.212698	0.0354561	0.0201595	
116	-37.3571	-76.9098	-103.916	-0.1274	0.0312285	0.00524997	
117	-49.268	-64.656	-110.151	-0.129568	0.0069376	0.0535829	
118	-71.6876	-94.275	-120.042	-0.106604	0.0666177	0.0466773	
119	-78.8879	-104.044	-99.4874	-0.0101933	0.0879923	0.000343061	
120	-79.5208	-60.1551	-74.5345	-0.0118571	-0.0703072	0.0539903	
121	-82.7315	-46.5847	-109.024	-0.109065	-0.149709	0.101568	
122	-76.8337	-77.2944	-147.797	-0.156484	-0.0807092	0.0635563	
123	-61.2422	-77.4681	-122.8	-0.177123	-0.107233	0.0631461	
124	-52.0118	-56.2633	-110.06	-0.262851	-0.128569	0.0988612	
125	-52.8745	-67.7305	-118.842	-0.320748	-0.0327605	0.0939626	
126	-49.7846	-93.0554	-87.6376	-0.254242	-0.00162568	0.0695947	
127	-48.047	-93.8736	-75.3112	-0.159374	-0.0626823	0.0621074	
128	-56.9404	-85.7279	-126.565	-0.0968702	-0.0618469	0.0718844	
129	-61.5979	-92.485	-164.941	-0.0535583	0.0193845	0.0812906	
130	-60.6719	-86.7902	-143.413	-0.120295	0.0203234	0.0714471	
131	-72.1905	-55.9915	-98.9326	-0.282864	-0.0845647	0.0754571	
132	-88.1921	-53.012	-60.3738	-0.296156	-0.112188	0.123321	
133	-74.275	-84.1593	-42.0723	-0.161182	-0.080901	0.12939	
134	-47.8829	-82.0532	-59.556	-0.165724	-0.140043	0.0961913	
135	-57.1042	-50.5318	-72.2482	-0.231344	-0.197951	0.130464	
136	-66.1452	-55.4932	-86.6485	-0.176799	-0.158869	0.155366	
137	-33.0623	-75.0731	-130.406	-0.184416	-0.118749	0.105077	
138	-11.7081	-52.7247	-131.606	-0.265155	-0.11515	0.0891805	
139	-30.6247	-31.5431	-105.096	-0.21609	-0.0897021	0.132762	
140	-33.9264	-53.3457	-83.3753	-0.121759	-0.0501282	0.136467	
141	-20.3125	-56.8466	-25.573	-0.167933	-0.0536625	0.0921257	
142	-35.121	-15.0432	10.3296	-0.237837	-0.0933226	0.0973394	
143	-40.1918	2.37021	-31.328	-0.253581	-0.112805	0.14841	
144	-19.6477	-26.3545	-78.0126	-0.35958	-0.112802	0.160927	
145	-27.3184	-40.4173	-54.1054	-0.415928	-0.118199	0.1152	
146	-39.6276	-25.5809	-17.4919	-0.275868	-0.129125	0.11116	
147	-20.711	-27.0438	-15.1877	-0.173152	-0.143856	0.181776	
148	-4.05164	-39.5708	-2.01062	-0.190915	-0.131072	0.148551	
149	-3.44778	-18.9094	18.1953	-0.152893	-0.138374	0.0821844	
150	-0.225403	17.435	2.01136	-0.105582	-0.211482	0.153632	
151	8.97106	16.2281	-25.6757	-0.172953	-0.17167	0.182188	
152	14.1059	2.62133	15.5618	-0.245329	-0.0498742	0.113262	
153	15.9702	25.3314	53.5354	-0.28594	-0.109474	0.104394	
154	22.0009	38.412	10.0079	-0.324701	-0.181309	0.156432	
155	32.7555	16.73	7.95619	-0.292632	-0.0862849	0.148577	
156	33.7384	19.3995	61.1019	-0.193906	-0.0650166	0.0861052	
157	24.0953	46.203	44.4158	-0.149914	-0.124178	0.108863	
158	26.2764	44.3901	0.461078	-0.249209	-0.0749518	0.17447	
159	30.7406	26.3285	49.3883	-0.325537	-0.0419103	0.127469	
160	25.1633	41.7581	90.295	-0.266087	-0.130245	0.0556674	
161	23.3856	65.2959	54.112	-0.202373	-0.142837	0.134065	
162	30.4384	42.8247	89.7329	-0.129771	-0.0713406	0.188003	
163	44.5835	30.1328	143.748	-0.0888091	-0.151326	0.0777699	
164	54.9135	73.7514	89.0923	-0.216644	-0.21059	0.0714336	
165	53.7958	91.1774	62.725	-0.344664	-0.0685505	0.175237	
166	56.2983	58.3299	112.592	-0.31964	-0.0551107	0.131093	
167	69.0781	49.5308	85.9355	-0.265878	-0.139429	0.0522226	
168	68.7379	61.915	34.7264	-0.175204	-0.0397068	0.0943441	
169	50.4916	52.4612	94.6411	-0.0298101	0.000284671	0.116892	
170	49.2676	53.8811	129.406	-0.0334212	-0.0980674	0.0712275	
171	69.9474	90.9539	77.5037	-0.145546	-0.0980884	0.0571288	
172	73.4979	107.262	87.2782	-0.179222	-0.0564099	0.0912778	
173	58.3901	84.312	130.354	-0.242203	-0.0380584	0.0983237	
174	56.6831	79.3141	129.802	-0.325879	-0.00322396	0.0584229	
175	58.7566	88.6507	133.696	-0.259009	0.00574094	0.0725276	
176	50.476	63.9195	128.418	-0.17382	-0.0305985	0.0969633	
177	47.3574	41.6802	74.6003	-0.157659	-0.0966741	0.0489061	
178	50.7831	68.9903	38.6415	-0.097146	-0.10605	0.0408838	
179	56.6379	89.3984	92.3385	-0.0628113	-0.0526973	0.0794601	
180	62.7897	63.3692	140.634	-0.118639	-0.0493631	0.0668941	
181	64.0904	53.0283	106.949	-0.15072	-0.0398763	0.0433218	
182	68.368	79.485	96.4248	-0.120234	0.0118906	0.0480158	
183	69.4476	83.1148	105.65	-0.135774	0.0304391	0.0413199	
184	51.2621	58.1462	79.1368	-0.188163	0.0211883	0.0321607	
185	33.8297	52.6383	90.8853	-0.138156	-0.0242744	0.0296637	
186	37.3157	64.1111	95.771	-0.111814	-0.0460784	0.0205749	
187	47.1515	56.3157	32.381	-0.218054	0.013558	0.039088	
188	49.3723	34.3748	19.7623	-0.220113	0.0319258	0.0500215	
189	43.1176	30.643	79.4073	-0.0679168	-0.00276097	0.0190271	
190	33.6557	39.0005	84.8575	0.020983	0.0237657	0.0203078	
191	24.6735	35.5163	50.7299	0.00311414	0.073189	0.0194065	
192	13.3705	40.2134	68.6358	-0.045599	0.029006	-0.0130645	
193	8.86871	56.3923	60.2847	-0.167718	-0.0535014	0.0226012	
194	17.4546	36.8934	7.95473	-0.267871	-0.0279309	0.0637948	
195	20.7518	0.696983	26.9705	-0.180055	0.020483	0.019549	
196	13.4674	8.09055	45.9884	-0.111283	0.00046924	-0.00312862	
197	12.5871	23.2117	1.43716	-0.145227	0.0183527	0.0327604	
198	13.9693	-2.20113	-6.94215	-0.0661514	0.0232112	0.024592	
199	2.87689	-24.2384	8.42917	0.017808	-0.0323701	-0.00493195	
200	-3.82623	-10.1408	-38.1949	-0.0773001	0.00732689	0.0203299	
201	4.26921	2.08003	-74.9351	-0.158909	0.106517	0.019802	
202	-3.25406	-6.2055	-10.4982	-0.101652	0.0920769	-0.0130775	
203	-28.8139	-10.7957	44.1995	-0.103068	0.0137882	0.014714	
204	-35.3364	-16.8271	13.3954	-0.152753	0.00121756	0.032003	
205	-24.8234	-37.1196	-27.6495	-0.12837	-0.0130052	0.0151279	
206	-25.8788	-45.2572	-65.5894	-0.152023	-0.06134	0.0339711	
207	-30.5731	-34.6666	-103.01	-0.179541	0.000696252	0.0382392	
208	-24.9615	-36.3379	-91.4674	-0.113016	0.0748651	0.0209611	
209	-31.7611	-54.3816	-50.9183	-0.092555	0.0247257	0.0238074	
210	-54.3634	-65.0655	-46.8546	-0.0934769	0.0181058	0.0365205	
211	-55.6679	-62.4892	-61.8316	-0.00577887	0.0133742	0.0288857	
212	-47.0154	-48.0831	-71.9352	0.00849222	-0.0877524	0.00657536	
213	-56.7967	-29.0467	-98.7481	-0.152594	-0.0705687	0.0478928	
214	-49.2207	-40.666	-104.278	-0.288171	0.0244327	0.0810223	
215	-29.4271	-75.6156	-81.0098	-0.271751	-0.0065937	0.0356931	
216	-44.308	-76.4446	-97.9069	-0.229871	-0.0488344	0.0465393	
217	-64.8622	-65.6084	-123.452	-0.213008	-0.0121198	0.0882625	
218	-60.2271	-92.4515	-101.71	-0.126398	0.00404531	0.0384733	
219	-57.8317	-107.975	-95.7116	-0.0302448	-0.0227988	0.00329723	
220	-65.0274	-78.3568	-126.987	-0.0808965	-0.00579731	0.0795411	
221	-64.5326	-57.4592	-127.376	-0.19333	0.0276216	0.111315	
222	-68.9855	-71.977	-87.3285	-0.175082	-0.0406302	0.0358822	
223	-84.6127	-84.9683	-75.411	-0.138329	-0.104625	0.0378843	
224	-84.8728	-78.2315	-97.8442	-0.214273	-0.0842636	0.120158	
225	-65.2005	-77.4859	-96.2108	-0.236176	-0.121709	0.124434	
226	-47.0136	-79.9878	-107.124	-0.205121	-0.13743	0.0842426	
227	-49.7139	-67.1691	-152.887	-0.254241	-0.0427384	0.0981747	
228	-62.433	-74.3625	-150.166	-0.226171	-0.0392283	0.113513	
229	-56.6556	-104.666	-118.934	-0.103262	-0.107851	0.0761229	
230	-53.2801	-92.399	-123.424	-0.138573	-0.04806	0.066481	
231	-69.3564	-47.6293	-98.1956	-0.250813	0.0211732	0.108619	
232	-65.9692	-46.7325	-46.8704	-0.226542	-0.0802641	0.122413	
233	-49.0759	-75.5616	-59.5291	-0.176543	-0.169301	0.106802	
234	-60.2346	-67.7038	-107.927	-0.240607	-0.0888249	0.117374	
235	-70.6667	-47.1353	-124.591	-0.326861	-0.0805897	0.1451	
236	-50.3667	-63.3079	-107.163	-0.336744	-0.197816	0.135083	
237	-38.8163	-78.966	-89.5958	-0.347142	-0.16679	0.127518	
238	-44.2844	-66.4178	-64.8714	-0.30195	-0.0784214	0.162736	
239	-31.2703	-60.3686	-38.2157	-0.115107	-0.123344	0.130676	
240	-20.4297	-62.5886	-57.7605	-0.0360694	-0.122202	0.0835091	
241	-32.715	-47.0313	-71.7467	-0.169342	-0.0390135	0.133678	
242	-37.2151	-21.0461	-43.1358	-0.254051	-0.063651	0.144532	
243	-32.2325	-9.34994	-32.9071	-0.244689	-0.142474	0.11173	
244	-29.8368	-16.5536	-49.1954	-0.339804	-0.136425	0.145055	
245	-30.0468	-22.9309	-42.0762	-0.391058	-0.127105	0.189082	
246	-28.735	-18.5683	-14.8242	-0.238942	-0.177175	0.165982	
247	-14.8103	-17.4711	-24.79	-0.196521	-0.190138	0.112054	
248	-8.72478	-17.1839	-47.4575	-0.308222	-0.164938	0.151831	
249	-1.82631	-2.38465	-34.7293	-0.301261	-0.163232	0.202358	
250	27.622	7.65788	-15.7731	-0.250439	-0.146688	0.132746	
251	27.9247	-1.47877	10.8536	-0.257283	-0.105805	0.0962407	
252	1.04178	-1.35036	52.8693	-0.221573	-0.0775008	0.145209	
253	10.8	16.9287	63.0203	-0.199008	-0.0633956	0.14849	
254	26.6066	25.3398	36.0537	-0.287636	-0.072197	0.124218	
255	13.4095	21.5232	12.7612	-0.357126	-0.116424	0.142468	
256	10.7423	28.3357	17.0087	-0.318289	-0.159329	0.156333	
257	9.93926	34.5186	49.1174	-0.263587	-0.134947	0.135479	
258	2.56104	21.2831	71.2714	-0.237324	-0.0954232	0.143577	
259	27.2809	16.6175	69.7828	-0.198857	-0.158974	0.161131	
260	49.8293	41.1379	74.618	-0.130698	-0.214949	0.121056	
261	39.1901	68.9818	69.1676	-0.118056	-0.158384	0.120346	
262	45.4417	74.5537	44.4496	-0.193669	-0.136551	0.170767	
263	71.3692	63.8723	38.5084	-0.249918	-0.12055	0.128833	
264	73.6626	67.0278	60.4184	-0.322383	-0.029156	0.0703969	
265	56.682	81.6282	104.549	-0.421537	-0.0390511	0.114981	
266	47.9948	67.2914	134.231	-0.35515	-0.101071	0.150155	
267	52.4809	43.5314	108.953	-0.194203	-0.0533252	0.0945744	
268	48.822	56.6825	84.176	-0.159624	-0.0407674	0.0711755	
269	39.4942	74.9836	73.4644	-0.201596	-0.0836485	0.123457	
270	50.8643	62.8248	62.5372	-0.216111	-0.0652915	0.122073	
271	60.1081	54.2745	110.071	-0.220327	-0.0901978	0.0823216	
272	52.9736	72.0886	154.479	-0.198499	-0.152712	0.0841776	
273	56.1684	82.77	130.931	-0.113132	-0.09094	0.105385	
274	62.4569	72.7756	121.773	-0.105184	-0.0129592	0.11598	
275	63.56	76.0511	141.524	-0.214694	-0.0839762	0.0867431	
276	67.1039	91.6976	110.174	-0.241695	-0.141356	0.0682553	
277	67.7233	80.2511	47.0772	-0.202937	-0.0517171	0.0873057	
278	71.9031	59.1172	49.6987	-0.209894	0.0051476	0.066136	
279	73.4721	70.943	88.8568	-0.202031	-0.0305023	0.0363482	
280	56.7134	84.1409	100.391	-0.131045	-0.00735356	0.0541451	
281	46.5469	67.3261	99.1706	-0.0752818	0.0451992	0.0630132	
282	56.2912	62.5831	100.613	-0.138662	0.0140061	0.056906	
283	58.2472	82.2972	104.563	-0.224663	-0.0523726	0.0681691	
284	44.6704	80.701	92.5719	-0.218705	-0.0580931	0.0524659	
285	33.7355	54.034	80.5565	-0.222645	-0.00702389	0.0194228	
286	32.8903	44.1159	96.4755	-0.241816	0.0153757	0.0467062	
287	35.9955	49.6054	106.985	-0.184167	-0.0152347	0.0987998	
288	39.1966	32.2199	72.7445	-0.129883	-0.0471956	0.061118	
289	38.4973	12.0144	43.0082	-0.104899	-0.0639246	-0.0187493	
290	38.8474	33.5063	51.511	-0.0471616	-0.0450951	0.0178295	
291	46.3782	57.0992	35.7301	-0.0152044	0.0247727	0.0823423	
292	42.189	37.4433	22.9716	-0.0723261	0.0592252	0.0326659	
293	27.734	24.5872	51.974	-0.167563	0.0187997	-0.0106598	
294	20.7271	41.9477	63.5138	-0.176275	0.00297549	0.0297574	
295	13.5496	33.6199	40.512	-0.132343	0.0450507	0.048003	
296	2.49897	9.76177	9.14121	-0.157884	0.0697049	0.0055465	
297	-3.98577	18.9443	2.02573	-0.185321	0.023067	0.0153206	
298	1.47307	24.7828	-1.48132	-0.1954	-0.0449006	0.0498422	
299	-0.040549	-7.85469	-31.4658	-0.222934	-0.0305325	0.0149931	
300	-12.049	-34.0474	-21.1206	-0.14127	0.0160266	0.0333028	
301	-4.16486	-17.1319	8.72094	-0.0104073	-0.00135741	0.061886	
302	-1.98438	0.420137	-14.476	-0.0519775	-0.00306716	0.0106142	
303	-20.5318	-21.0508	-18.2645	-0.149209	0.0495937	0.0175428	
304	-21.3875	-32.5035	-1.33801	-0.148362	0.0378206	0.0409425	
305	-14.3856	-11.9613	-27.3864	-0.182064	-0.0542614	0.0276228	
306	-27.3681	-25.733	-58.5877	-0.246712	-0.0655277	0.039391	
307	-40.9188	-69.7036	-62.9988	-0.185854	0.0361042	0.0256081	
308	-27.1048	-61.5334	-52.7108	-0.0881341	0.0545418	0.0147665	
309	-17.0309	-23.1786	-72.5299	-0.106081	-0.0166193	0.0549651	
310	-42.1834	-44.8946	-89.5818	-0.103976	0.0131727	0.074652	
311	-52.7005	-84.9828	-72.2315	-0.0558534	0.0499657	0.0292588	
312	-40.3784	-55.7094	-91.2975	-0.116235	-0.024506	-0.00871473	
313	-61.0317	-18.3777	-108.035	-0.173109	-0.0398555	0.0495491	
314	-83.2101	-46.0813	-77.4511	-0.195378	-0.00507039	0.11065	
315	-58.1571	-76.1265	-49.0091	-0.240376	-0.0620385	0.0722508	
316	-36.5116	-62.6207	-71.5599	-0.211212	-0.095475	0.0279322	
317	-50.6248	-62.0581	-128.203	-0.195495	-0.0281404	0.0713894	
318	-55.5232	-88.4737	-126.555	-0.244576	-0.00188003	0.0968142	
319	-54.5839	-85.9529	-113.458	-0.249133	-0.0557733	0.0395712	
320	-74.1997	-70.0467	-134.748	-0.207551	-0.0486982	0.0765945	
321	-67.2079	-90.5039	-117.235	-0.163279	-0.00761913	0.134168	
322	-42.6148	-106.486	-96.1002	-0.13423	-0.0771493	0.0361245	
323	-62.5497	-82.5546	-94.0118	-0.103161	-0.104096	0.0298034	
324	-83.16	-67.9479	-86.2256	-0.112256	0.00678576	0.15349	
325	-60.8327	-77.2473	-95.7075	-0.205703	0.0131995	0.108337	
326	-50.8276	-66.397	-110.596	-0.327644	-0.0873264	0.0184949	
327	-78.7597	-53.4718	-110.505	-0.395231	-0.110238	0.137259	
328	-90.1854	-88.8305	-102.5	-0.304962	-0.123707	0.208258	
329	-68.4647	-118.325	-119.828	-0.133251	-0.151807	0.0591979	
330	-57.6789	-80.601	-153.232	-0.088871	-0.0890726	0.0365959	
331	-53.2275	-50.847	-134.095	-0.144862	-0.0442953	0.193626	
332	-35.4389	-68.5765	-94.2538	-0.186623	-0.124607	0.174195	
333	-41.3083	-56.4802	-95.8206	-0.273427	-0.153104	0.0459373	
334	-69.0727	-34.4939	-81.8765	-0.376433	-0.0640669	0.108907	
335	-64.2284	-66.512	-39.6341	-0.332982	-0.0606663	0.199415	
336	-41.4987	-78.5367	-63.518	-0.298298	-0.124609	0.116258	
337	-46.7411	-45.5028	-124.27	-0.40544	-0.104246	0.0971436	
338	-53.4408	-55.0004	-95.1763	-0.328165	-0.136229	0.188843	
339	-35.0305	-85.6453	-55.7801	-0.121756	-0.203621	0.150619	
340	-29.6457	-70.6604	-99.3231	-0.207764	-0.110974	0.106015	
341	-40.4822	-39.7064	-76.5916	-0.338778	-0.0701336	0.175072	
342	-24.0567	-31.9512	-4.11332	-0.207965	-0.166257	0.160163	
343	-15.1371	-35.5156	-20.2112	-0.157403	-0.112807	0.114428	
344	-41.747	-23.7828	-23.6589	-0.27873	-0.0349227	0.169235	
345	-38.8751	-7.35097	0.995261	-0.268772	-0.161844	0.179789	
346	-11.7166	-11.4806	-39.8803	-0.231919	-0.226097	0.114915	
347	-18.1625	-16.0729	-70.2539	-0.35848	-0.129051	0.133418	
348	-22.5808	1.72858	-31.5783	-0.430888	-0.159924	0.216946	
349	13.4905	11.8789	0.197086	-0.340185	-0.244873	0.197039	
350	30.0251	-9.99309	-20.4613	-0.256441	-0.162343	0.129683	
351	1.14383	-18.5171	-30.6619	-0.230861	-0.0888173	0.150759	
352	2.05255	11.0667	3.16771	-0.19634	-0.0993846	0.16209	
353	31.4576	29.7662	25.6147	-0.229893	-0.0687264	0.122156	
354	22.104	25.7341	36.5501	-0.388843	-0.0854586	0.145774	
355	4.76755	25.9454	83.8478	-0.436099	-0.175523	0.174589	
356	18.7143	25.1613	104.69	-0.327541	-0.168617	0.110747	
357	24.2005	19.4551	58.112	-0.281414	-0.0719805	0.126272	
358	13.4056	20.5957	37.0289	-0.246681	-0.0594038	0.229029	
359	24.45	29.0053	36.3384	-0.201915	-0.151639	0.169918	
360	37.755	38.2131	20.8156	-0.235635	-0.208206	0.0898448	
361	26.1453	47.5056	38.403	-0.247521	-0.194245	0.160643	
362	28.9967	55.6807	79.0763	-0.185143	-0.184987	0.182298	
363	62.9192	62.204	110.934	-0.140807	-0.158489	0.110789	
364	81.7702	72.2716	104.133	-0.211548	-0.0871689	0.0977281	
365	66.6292	82.1584	83.1873	-0.334008	-0.0339499	0.158093	
366	62.9451	88.1745	96.863	-0.352111	-0.03534	0.146207	
367	71.0158	85.8784	92.9034	-0.336787	-0.081106	0.0705103	
368	42.463	63.906	64.514	-0.366049	-0.0836875	0.0992179	
369	21.6089	44.5826	58.6759	-0.319195	-0.0213003	0.150565	
370	54.1086	54.0815	74.5761	-0.23299	-0.0612365	0.108154	
371	67.616	68.8135	110.172	-0.208229	-0.165885	0.089544	
372	37.0905	68.1255	140.782	-0.157813	-0.131354	0.136379	
373	41.6478	64.6477	147.366	-0.0973806	-0.0602268	0.131971	
374	80.2036	72.5675	139.247	-0.150933	-0.102657	0.0738842	
375	81.1773	87.738	115.447	-0.261964	-0.134166	0.0748879	
376	63.3867	85.3689	102.75	-0.314692	-0.0579866	0.126462	
377	73.114	64.3252	113.683	-0.286653	0.00378681	0.110376	
378	75.7177	61.4685	105.806	-0.196333	-0.0261126	0.0278307	
379	45.1689	76.5815	65.0575	-0.124979	-0.0291223	0.0497154	
380	36.3183	71.8714	45.5471	-0.11852	0.0141818	0.118946	
381	61.6363	61.384	80.535	-0.127662	-0.0308068	0.0528212	
382	60.2659	76.7464	101.178	-0.148333	-0.108814	0.037532	
383	49.0469	87.5574	83.9754	-0.201877	-0.0638092	0.108847	
384	56.631	77.1494	95.1595	-0.261931	0.0183812	0.0639909	
385	42.605	72.7462	120.391	-0.247028	-0.0104733	0.033861	
386	30.3683	61.3613	112.207	-0.180361	-0.0490014	0.0834865	
387	50.6021	38.1972	65.7187	-0.243715	0.000925664	0.0793066	
388	55.1382	37.3427	31.6962	-0.347737	-0.00018333	0.0369556	
389	36.5123	40.0954	53.8083	-0.249725	-0.0785932	0.0194272	
390	33.1423	20.821	52.7779	-0.102351	-0.0436889	0.0515464	
391	38.7319	7.77452	40.9458	-0.05448	0.0894932	0.0528591	
392	25.233	16.6544	93.3928	0.0124286	0.0939254	0.00786443	
393	9.28307	35.3553	96.7698	-0.0095763	-0.0132236	0.0465706	
394	14.549	42.3325	18.2268	-0.169966	-0.0341142	0.0770758	
395	12.2444	32.2607	-8.54941	-0.199476	-0.0279072	0.0211816	
396	2.01216	31.0482	22.5115	-0.161635	-0.0660314	0.0218854	
397	12.4548	30.1382	22.1643	-0.268229	0.00249273	0.0653712	
398	13.6135	4.70685	-6.40834	-0.297654	0.0678557	0.0544561	
399	-3.3006	-16.492	-6.6225	-0.140961	-0.049304	0.0226601	
400	-2.84757	-10.7689	-8.86812	-0.0597199	-0.0966524	0.0376653	
401	6.94596	-4.17813	-50.2618	-0.105613	0.0359707	0.0564854	
402	2.05543	-10.4793	-67.5271	-0.155556	0.0821784	0.0257195	
403	-7.74452	-11.3184	-37.4816	-0.198531	0.0286659	0.0241069	
404	-11.372	-14.6667	-4.09234	-0.209625	0.0491885	0.0312993	
405	-32.4146	-37.2324	12.9092	-0.206462	0.0725166	-0.00268311	
406	-65.7272	-45.7844	7.52764	-0.228096	-0.0141617	0.0508576	
407	-53.8069	-37.0949	-25.0709	-0.221203	-0.0976425	0.128011	
408	-16.2422	-52.2215	-73.3013	-0.186618	-0.0487283	0.0467417	
409	-26.5369	-63.5651	-95.9742	-0.14462	0.022873	-0.00936548	
410	-53.7921	-48.1621	-95.3468	-0.119687	-0.0308201	0.0875619	
411	-41.0614	-62.8766	-85.9196	-0.104836	-0.0936033	0.0991529	
412	-34.233	-89.5695	-69.5318	-0.0357059	-0.0282769	0.0110967	
413	-63.0163	-54.4115	-94.5299	-0.0569877	0.0261372	0.0465767	
414	-59.845	-10.8883	-101.583	-0.199919	-0.0311651	0.11447	
415	-22.579	-30.995	-65.4733	-0.252163	-0.0660032	0.0603215	
416	-31.8697	-67.3565	-87.7938	-0.274491	-0.0243596	0.0278906	
417	-67.6412	-72.2425	-121.123	-0.335183	-0.00547859	0.0743504	
418	-65.4775	-68.0307	-130.491	-0.346169	-0.0363665	0.0965589	
419	-56.4506	-81.75	-138.321	-0.305149	-0.0352767	0.0800238	
420	-73.969	-97.0203	-110.018	-0.201	0.00771428	0.0752524	
421	-76.3109	-93.2196	-85.7702	-0.12184	-0.0111124	0.105242	
422	-59.0407	-92.2488	-91.2027	-0.139843	-0.079588	0.101883	
423	-74.1692	-93.4922	-105.548	-0.176627	-0.0973798	0.0786153	
424	-93.8682	-69.6266	-99.5836	-0.205461	-0.0970843	0.0934554	
425	-73.2205	-58.0717	-79.1439	-0.233541	-0.119145	0.111917	
426	-55.018	-86.0227	-92.9092	-0.296201	-0.131351	0.147129	
427	-58.4641	-92.9254	-103.711	-0.346352	-0.137217	0.161184	
428	-48.3624	-70.79	-103.307	-0.256426	-0.121556	0.111727	
429	-33.8823	-79.23	-139.451	-0.152966	-0.0767786	0.0788693	
430	-53.1179	-93.9525	-176.29	-0.200423	-0.0489453	0.102535	
431	-73.9976	-68.8271	-152.205	-0.261932	-0.0401373	0.139468	
432	-55.9676	-46.1435	-95.3005	-0.250898	-0.0621291	0.133492	
433	-48.6494	-57.5874	-72.096	-0.263292	-0.124317	0.124935	
434	-68.0029	-65.1235	-72.025	-0.28901	-0.137451	0.146556	
435	-61.6942	-53.5458	-68.6148	-0.289978	-0.0761551	0.137207	
436	-46.7169	-48.8661	-72.6897	-0.339674	-0.0689578	0.13349	
437	-59.5962	-54.4005	-85.5666	-0.448497	-0.162558	0.165484	
438	-60.0187	-60.0256	-83.0995	-0.473319	-0.208032	0.171087	
439	-35.0708	-65.0002	-59.5749	-0.335424	-0.167949	0.180433	
440	-32.5425	-73.3351	-46.8063	-0.160786	-0.157368	0.190556	
441	-41.5797	-76.9061	-68.2306	-0.134765	-0.140974	0.133285	
442	-26.7837	-48.7878	-83.0013	-0.211606	-0.104712	0.113339	
443	-14.2484	-10.8481	-44.2447	-0.219227	-0.13687	0.171877	
444	-20.8419	-9.54616	-20.8001	-0.265569	-0.183562	0.18847	
445	-14.49	-14.8698	-35.2994	-0.383554	-0.17373	0.162899	
446	1.40432	-2.08878	-26.8089	-0.395287	-0.130235	0.147971	
447	-7.16591	-11.2176	-8.57459	-0.356363	-0.100605	0.170197	
448	-15.6628	-25.3144	0.811731	-0.337718	-0.103028	0.179117	
449	-4.79709	-0.40157	-27.1986	-0.325823	-0.107518	0.143999	
450	-4.28097	16.3655	-53.1265	-0.319198	-0.137029	0.167531	
451	-9.8608	-5.26994	-16.5206	-0.286246	-0.178181	0.195606	
452	-4.64249	-8.46863	6.52737	-0.277987	-0.152124	0.14669	
453	1.61596	21.2932	33.5539	-0.283968	-0.129533	0.151719	
454	9.53858	35.8853	82.6748	-0.286051	-0.193738	0.210475	
455	26.6066	25.3191	75.9036	-0.340017	-0.23485	0.17913	
456	38.6866	23.8212	47.4008	-0.379808	-0.16743	0.132068	
457	35.358	34.6443	32.3543	-0.355702	-0.10712	0.181889	
458	38.859	30.8974	33.9	-0.333304	-0.124663	0.19208	
459	46.3228	23.5985	43.3207	-0.33863	-0.0964363	0.1126	
460	30.9548	31.3456	50.1104	-0.278982	-0.0450233	0.118656	
461	24.5886	39.7918	71.1201	-0.176504	-0.130515	0.18134	
462	41.8789	49.7722	77.734	-0.175497	-0.221667	0.157482	
463	44.0086	69.4577	74.8378	-0.20314	-0.138398	0.12088	
464	42.6458	80.7706	74.426	-0.248467	-0.04621	0.139712	
465	55.8008	73.2695	80.3636	-0.363893	-0.0984713	0.167435	
466	63.2	68.2222	107.192	-0.409267	-0.161382	0.156617	
467	57.1845	78.3717	111.18	-0.390496	-0.142921	0.121452	
468	48.3132	78.1915	103.334	-0.323834	-0.103123	0.123146	
469	50.8661	56.7788	104.159	-0.218651	-0.049427	0.133451	
470	60.8104	45.642	88.6535	-0.215706	-0.0302255	0.125029	
471	64.3449	62.37	83.6921	-0.238269	-0.0961977	0.119356	
472	54.7276	84.6637	90.3529	-0.222706	-0.126139	0.102277	
473	41.3448	86.4344	95.3407	-0.233536	-0.104972	0.109235	
474	51.5587	72.396	109.933	-0.239768	-0.124322	0.134239	
475	80.1774	67.1719	121.852	-0.254357	-0.122453	0.105859	
476	87.3659	75.8236	127.85	-0.276839	-0.0748473	0.0892254	
477	70.8573	80.4721	131.31	-0.267557	-0.0369069	0.117477	
478	66.2531	75.0579	120.942	-0.241028	-0.0171525	0.1002	
479	66.964	68.1158	83.0973	-0.233367	-0.00373339	0.0648045	
480	48.7055	61.9263	57.172	-0.249437	0.0296017	0.0567652	
481	32.8045	60.1356	78.7937	-0.218825	0.0257785	0.0677146	
482	33.7407	63.2598	100.422	-0.121431	-0.0580272	0.0949302	
483	44.0523	65.6275	104.385	-0.0740161	-0.134653	0.0767757	
484	51.0625	74.9839	99.3265	-0.146536	-0.145722	0.0697042	
485	47.4301	84.7411	73.6523	-0.237353	-0.0710355	0.117923	
486	54.6418	72.12	57.2352	-0.298969	0.0130749	0.0862578	
487	65.4784	50.8097	83.2174	-0.344591	0.00154691	0.0510162	
488	52.9494	43.1654	104.583	-0.323145	-0.0267935	0.093189	
489	30.4776	36.0765	74.2239	-0.258074	-0.0303901	0.0395433	
490	22.1559	22.4849	40.3034	-0.137987	-0.0254704	-0.0204711	
491	38.1456	18.4163	28.041	-0.0143219	0.0320875	0.0607546	
492	47.4525	27.4349	14.9589	-0.069342	0.069154	0.0799532	
493	22.159	39.0818	22.1709	-0.20735	0.0382465	0.0216407	
494	6.49479	37.3318	61.1586	-0.244762	0.00782774	0.0585501	
495	9.92608	17.9729	79.453	-0.226737	-0.0224438	0.0914216	
496	-9.91258	10.0872	47.7939	-0.204682	-0.060229	0.0439796	
497	-24.8548	19.0705	18.0023	-0.174406	-0.0701907	0.0257515	
498	1.49396	8.88079	12.7911	-0.145803	-0.0420679	0.0722487	
499	27.4214	-12.0994	-18.3445	-0.158772	-0.0199975	0.103372	
500	18.186	-8.31703	-63.3754	-0.225205	-0.0467528	0.0463871	
501	4.28837	-0.792483	-45.2446	-0.216555	-0.0319604	-0.0191708	
502	1.39769	-14.2198	-7.90672	-0.123582	0.072261	0.0280271	
503	-10.2718	-19.4209	-21.8453	-0.135548	0.105635	0.0942521	
504	-19.5139	-13.1207	-35.6953	-0.225094	0.0275084	0.0488809	
505	-29.3282	-26.7733	-20.9893	-0.210217	-0.0178063	0.00913281	
506	-51.8673	-35.5121	-22.6521	-0.159173	-0.0223267	0.0667576	
507	-52.3025	-21.9881	-62.0258	-0.254267	-0.0409758	0.0873941	
508	-33.1121	-37.815	-68.4666	-0.340129	-0.0226768	0.0377324	
509	-30.906	-71.7643	-38.4131	-0.240238	-0.00129607	0.0503855	
510	-38.6908	-65.717	-55.3589	-0.175888	-0.0704159	0.116952	
511	-43.3442	-55.649	-86.2135	-0.189442	-0.106011	0.0892045	
512	-48.3293	-70.9357	-99.7736	-0.0998338	-0.029663	0.0277762	
513	-48.6737	-64.4168	-108.833	-0.0466655	-0.00868014	0.082952	
514	-42.213	-48.4665	-110.861	-0.18143	-0.0251657	0.109979	
515	-36.2025	-60.738	-88.5466	-0.293508	0.0112575	0.0241988	
516	-42.4317	-62.0213	-37.8456	-0.245389	-0.0261823	0.0314814	
517	-69.8667	-49.6158	-55.4613	-0.244376	-0.0902371	0.138075	
518	-83.9151	-73.5807	-126.977	-0.309311	-0.0401207	0.117551	
519	-61.8911	-91.9251	-152.89	-0.282002	-0.00549014	0.0470191	
520	-50.3666	-64.3036	-155.723	-0.253451	-0.054509	0.118993	
521	-63.2131	-65.2892	-133.763	-0.270573	-0.0597876	0.135311	
522	-76.5729	-104.731	-84.2768	-0.24296	-0.0593006	0.0515374	
523	-81.3126	-100.401	-74.5814	-0.199697	-0.141795	0.105034	
524	-68.0434	-68.3525	-112.521	-0.213235	-0.158623	0.180337	
525	-56.4373	-69.776	-113.667	-0.229903	-0.0649712	0.120132	
526	-57.137	-79.567	-73.3522	-0.23473	-0.0534561	0.0683078	
527	-51.4432	-70.9196	-97.1684	-0.34119	-0.107316	0.141297	
528	-53.2535	-75.6365	-135.817	-0.416619	-0.0852153	0.194848	
529	-70.3477	-94.5438	-116.294	-0.325312	-0.065544	0.0888148	
530	-75.6632	-88.5641	-123.479	-0.270083	-0.116875	0.0470143	
531	-62.139	-73.4028	-129.847	-0.259799	-0.12865	0.18812	
532	-48.1226	-77.4503	-82.5086	-0.186972	-0.089071	0.216532	
533	-48.6629	-72.4067	-67.7506	-0.181906	-0.12224	0.114735	
534	-59.0457	-56.0836	-108.95	-0.254407	-0.164505	0.121829	
535	-60.9008	-47.8675	-124.758	-0.30244	-0.0993373	0.153913	
536	-56.0579	-38.2941	-80.749	-0.368942	-0.0658007	0.165736	
537	-53.7253	-44.9825	-53.8861	-0.468141	-0.151433	0.201758	
538	-44.9892	-66.6762	-58.2127	-0.459304	-0.219963	0.158711	
539	-35.1145	-61.0191	-47.8867	-0.329336	-0.199332	0.135941	
540	-34.2531	-47.5077	-74.3919	-0.261318	-0.144581	0.188169	
541	-25.0565	-53.9618	-112.709	-0.266629	-0.108341	0.176712	
542	-12.5989	-46.0896	-84.1556	-0.282844	-0.0989896	0.159536	
543	-24.3413	-28.6248	-42.6085	-0.343051	-0.112687	0.178241	
544	-38.6766	-35.1959	-21.8601	-0.352547	-0.135565	0.162003	
545	-27.9998	-31.0896	7.66598	-0.277024	-0.161361	0.158929	
546	-19.0788	-3.7512	13.2966	-0.274905	-0.195727	0.195893	
547	-26.5185	-6.02488	-22.5733	-0.357721	-0.16668	0.200003	
548	-17.7468	-19.3314	-38.6401	-0.401249	-0.104905	0.157509	
549	8.70983	3.58983	-9.73691	-0.39747	-0.1844	0.163429	
550	16.9374	14.9767	-0.240297	-0.383733	-0.274604	0.224522	
551	8.21286	-11.4816	-31.3598	-0.342437	-0.181549	0.215595	
552	10.1141	-16.1644	-18.5378	-0.266225	-0.0859643	0.151158	
553	21.199	13.5701	34.1822	-0.204965	-0.0872748	0.133637	
554	15.181	36.3709	39.7654	-0.252791	-0.106308	0.173307	
555	6.19363	43.9588	41.5363	-0.375855	-0.145492	0.192931	
556	18.5689	42.5312	68.5525	-0.416193	-0.175903	0.162816	
557	22.9372	33.0784	51.6226	-0.404313	-0.18096	0.17355	
558	21.3702	29.4595	28.799	-0.437428	-0.157543	0.178894	
559	38.6054	34.9198	65.1896	-0.408578	-0.132404	0.153522	
560	51.8739	37.7566	92.0806	-0.275735	-0.153546	0.191643	
561	47.3113	37.318	53.9324	-0.217132	-0.126005	0.196398	
562	32.368	37.6013	39.564	-0.283601	-0.099966	0.145122	
563	26.2574	46.9515	80.6869	-0.285855	-0.170188	0.142759	
564	43.8413	69.9413	84.6404	-0.216411	-0.144499	0.145981	
565	57.0642	80.6988	83.7211	-0.274762	-0.0775787	0.146036	
566	58.7769	66.2342	122.729	-0.377718	-0.169988	0.173349	
567	71.1356	62.9962	121.032	-0.340808	-0.203954	0.149573	
568	68.3908	83.0259	89.3519	-0.294628	-0.081715	0.103076	
569	49.8975	82.7773	77.6568	-0.354229	-0.0307806	0.146183	
570	63.0598	59.3326	63.3739	-0.368451	-0.0600119	0.177574	
571	78.0049	62.3407	71.9618	-0.297766	-0.0540997	0.115807	
572	52.5802	78.3523	119.947	-0.284801	-0.0650085	0.0894375	
573	30.4802	64.6145	145.299	-0.222713	-0.128349	0.122552	
574	40.513	60.3228	125.739	-0.0840338	-0.117308	0.124271	
575	55.833	88.3807	98.8624	-0.175581	-0.0274634	0.104474	
576	57.7979	97.256	101.13	-0.369902	-0.0807874	0.125525	
577	62.7394	82.6045	112.38	-0.386385	-0.220428	0.16623	
578	82.3143	74.2643	102.082	-0.373931	-0.153374	0.125807	
579	82.2521	67.1826	105.618	-0.329474	-0.00983628	0.0478265	
580	57.4438	55.1497	108.234	-0.180589	-0.0289918	0.101664	
581	56.8687	45.6845	70.1084	-0.129895	-0.0315396	0.142729	
582	67.4	53.9023	57.8112	-0.207436	0.0324998	0.0308152	
583	52.1667	75.1597	101.691	-0.207422	-0.0194635	0.0309548	
584	42.2082	80.8411	97.7086	-0.168158	-0.0536622	0.113512	
585	43.8013	69.893	55.1569	-0.251949	0.0231588	0.0776118	
586	35.3455	58.2091	101.97	-0.294128	0.00557284	0.0640976	
587	30.0045	49.657	144.491	-0.218855	-0.0892277	0.089307	
588	30.7939	49.6968	77.6804	-0.242378	-0.102752	0.092606	
589	35.1318	54.749	32.997	-0.306438	-0.0729246	0.106067	
590	36.6102	46.7215	35.6833	-0.265523	-0.0527835	0.0998023	
591	33.8784	24.0154	10.7899	-0.213263	-0.0126434	0.0621144	
592	40.3506	9.03922	22.6789	-0.168429	0.0338379	0.0076203	
593	31.3339	20.1742	81.6361	-0.115756	0.0137142	0.0246238	
594	13.3373	39.1849	80.3939	-0.132734	-0.0463487	0.101812	
595	22.5948	29.9432	25.5165	-0.194888	-0.0336554	0.0880175	
596	19.73	12.1169	0.162567	-0.229092	0.00835292	0.0246875	
597	-5.57231	22.3881	1.03651	-0.251336	0.00182393	0.0391874	
598	2.03661	23.4131	-0.768333	-0.301566	0.0114362	0.089953	
599	20.9642	-10.1189	-5.66271	-0.324618	0.00753042	0.0833593	
