0	0	0	8.08665e-10	8.46505e-27	-3.1997e-13	0	
1	0	0	3.90416e-08	3.27608e-13	-1.54479e-11	0	
2	-5.6109e-27	3.57031e-33	9.06963e-08	6.53924e-13	-3.61993e-11	6.35502e-30	
3	-2.88339e-28	1.38176e-19	7.70503e-07	6.80675e-12	-3.19977e-10	2.70044e-22	
4	5.40487e-19	2.75805e-19	1.5613e-06	1.29327e-11	-6.53162e-10	5.39024e-22	
5	2.60942e-17	1.6011e-17	7.62661e-06	7.10599e-11	-3.33025e-09	1.81714e-20	
6	1.11422e-16	3.1683e-17	1.43048e-05	1.28907e-10	-6.29803e-09	3.5732e-20	
7	2.96772e-15	6.28418e-16	5.07142e-05	4.99039e-10	-2.33159e-08	5.17297e-19	
8	7.96139e-15	1.22267e-15	8.96783e-05	8.67201e-10	-4.16277e-08	9.96821e-19	
9	1.12403e-13	1.36507e-14	0.000255959	2.66229e-09	-1.23999e-07	8.87266e-18	
10	2.58225e-13	2.60248e-14	0.000430845	4.44687e-09	-2.11034e-07	1.67135e-17	
11	2.33922e-12	1.98775e-13	0.00104983	1.15465e-08	-5.36076e-07	1.0664e-16	
12	4.95047e-12	3.70741e-13	0.00169327	1.86006e-08	-8.7532e-07	1.96147e-16	
13	3.25205e-11	2.14751e-12	0.00365669	4.2527e-08	-1.96788e-06	9.77096e-16	
14	6.50911e-11	3.91581e-12	0.0056805	6.62855e-08	-3.09809e-06	1.75419e-15	
15	3.34917e-10	1.83251e-11	0.0111541	1.37123e-07	-6.32321e-06	7.20181e-15	
16	6.41787e-10	3.26621e-11	0.0167599	2.07419e-07	-9.637e-06	1.2621e-14	
17	2.7231e-09	1.28847e-10	0.0304777	3.95827e-07	-1.81865e-05	4.43206e-14	
18	5.02965e-09	2.24523e-10	0.0444551	5.82673e-07	-2.69242e-05	7.58453e-14	
19	1.82481e-08	7.69591e-10	0.0758944	1.04054e-06	-4.76246e-05	2.34034e-13	
20	3.26264e-08	1.31162e-09	0.107794	1.49431e-06	-6.86879e-05	3.91299e-13	
21	1.03952e-07	3.99561e-09	0.174563	2.52448e-06	-0.000115071	1.08268e-12	
22	1.80455e-07	6.66384e-09	0.242068	3.54469e-06	-0.000162093	1.7698e-12	
23	5.15228e-07	1.83578e-08	0.374849	5.71298e-06	-0.000259278	4.46051e-12	
24	8.70411e-07	2.99794e-08	0.508676	7.85873e-06	-0.000357488	7.13362e-12	
25	2.26242e-06	7.57175e-08	0.758	1.21642e-05	-0.000549505	1.65825e-11	
26	3.72645e-06	1.21157e-07	1.0086	1.64216e-05	-0.000742999	2.5966e-11	
27	8.92912e-06	2.83654e-07	1.45365	2.4542e-05	-0.00110319	5.62335e-11	
28	1.4362e-05	4.45031e-07	1.89985	3.25656e-05	-0.00146523	8.62792e-11	
29	3.20482e-05	9.74578e-07	2.65928	4.71959e-05	-0.00211033	1.7552e-10	
30	5.04068e-05	1.50028e-06	3.4189	6.16399e-05	-0.00275724	2.64068e-10	
31	0.000105627	3.09621e-06	4.66335	8.69376e-05	-0.0038655	5.08084e-10	
32	0.000162655	4.67993e-06	5.90542	0.000111892	-0.00497447	7.50095e-10	
33	0.000322295	9.15915e-06	7.87125	0.00015404	-0.00680798	1.37286e-09	
34	0.00048644	1.36022e-05	9.82925	0.000195581	-0.00863894	1.99021e-09	
35	0.000916741	2.53797e-05	12.8324	0.000263469	-0.0115697	3.48182e-09	
36	0.00135748	3.7057e-05	15.8177	0.000330318	-0.0144907	4.95969e-09	
37	0.00244524	6.62184e-05	20.2666	0.000436332	-0.0190296	8.3283e-09	
38	0.00355556	9.51185e-05	24.6804	0.000540625	-0.0235449	1.1664e-08	
39	0.00614754	0.000163418	31.086	0.000701518	-0.0303717	1.88663e-08	
40	0.00878509	0.000231072	37.4285	0.000859643	-0.0371507	2.59942e-08	
41	0.0146325	0.000382981	46.4094	0.00109745	-0.0471432	4.06242e-08	
42	0.020566	0.000533378	55.2846	0.00133092	-0.0570476	5.5094e-08	
43	0.0331031	0.000855347	67.5655	0.00167383	-0.0713053	8.34149e-08	
44	0.0457919	0.00117394	79.6781	0.00201013	-0.0854119	1.11407e-07	
45	0.0714244	0.00182623	96.0794	0.00249329	-0.105272	1.63792e-07	
46	0.0973047	0.00247132	112.223	0.0029666	-0.124886	2.15531e-07	
47	0.147428	0.00373797	133.639	0.00363264	-0.151926	3.08336e-07	
48	0.197921	0.00498987	154.676	0.00428434	-0.178582	3.99924e-07	
49	0.291909	0.0073532	182.041	0.00518365	-0.214603	5.57707e-07	
50	0.386388	0.0096875	208.862	0.0060625	-0.250045	7.13289e-07	
51	0.555793	0.0139336	243.102	0.007253	-0.297033	9.71188e-07	
52	0.725733	0.0181248	276.586	0.00841485	-0.343175	1.22525e-06	
53	1.01984	0.0254859	318.557	0.00996115	-0.403236	1.63112e-06	
54	1.31429	0.0327464	359.502	0.0114681	-0.462093	2.03055e-06	
55	1.80704	0.0450817	409.919	0.01344	-0.537353	2.64634e-06	
56	2.29941	0.0572391	458.976	0.0153588	-0.610945	3.25168e-06	
57	3.09748	0.0772536	518.328	0.0178291	-0.703425	4.15334e-06	
58	3.89342	0.0969631	575.913	0.0202289	-0.793646	5.0386e-06	
59	5.1449	0.128454	644.375	0.0232702	-0.905102	6.31385e-06	
60	6.39069	0.159438	710.589	0.0262193	-1.01357	7.56415e-06	
61	8.29347	0.207555	787.933	0.0299	-1.14531	9.30736e-06	
62	10.184	0.254851	862.472	0.0334621	-1.27316	1.10138e-05	
63	12.9927	0.32634	947.987	0.0378422	-1.42585	1.33177e-05	
64	15.7781	0.39654	1030.06	0.0420716	-1.57359	1.5569e-05	
65	19.8081	0.49995	1122.49	0.0471972	-1.74705	1.85134e-05	
66	23.7969	0.601384	1210.78	0.0521341	-1.91431	2.13844e-05	
67	29.4236	0.74719	1308.25	0.0580322	-2.1073	2.50221e-05	
68	34.9819	0.89004	1400.84	0.0636971	-2.29269	2.85602e-05	
69	42.6348	1.09065	1500.91	0.0703707	-2.50278	3.29014e-05	
70	50.1793	1.28695	1595.29	0.0767594	-2.70369	3.7111e-05	
71	60.3286	1.55659	1694.9	0.0841826	-2.9271	4.21079e-05	
72	70.313	1.82006	1788.01	0.0912613	-3.13963	4.69355e-05	
73	83.4498	2.17447	1883.6	0.0993756	-3.37122	5.24697e-05	
74	96.3445	2.52023	1971.89	0.107078	-3.5901	5.77908e-05	
75	112.954	2.9762	2059.47	0.11579	-3.82335	6.36634e-05	
76	129.219	3.4203	2138.99	0.124014	-4.042	6.92734e-05	
77	149.748	3.9951	2214.31	0.133195	-4.26912	7.52007e-05	
78	169.802	4.55389	2280.89	0.141803	-4.47976	8.08113e-05	
79	194.626	5.26451	2339.61	0.151292	-4.69188	8.64271e-05	
80	218.81	5.95391	2389.02	0.160111	-4.88572	9.16674e-05	
81	248.195	6.81628	2426.92	0.169716	-5.07321	9.65299e-05	
82	276.741	7.65095	2455.07	0.178546	-5.24074	0.000100954	
83	310.811	8.6791	2468.26	0.188054	-5.39351	0.000104558	
84	343.805	9.67162	2471.44	0.19667	-5.52487	0.000107658	
85	382.515	10.8769	2456.58	0.205854	-5.63286	0.000109449	
86	419.871	12.0369	2431.66	0.21402	-5.71827	0.000110667	
87	462.982	13.4272	2386.15	0.222653	-5.77183	0.000110058	
88	504.424	14.7607	2330.78	0.230132	-5.80206	0.000108803	
89	551.486	16.3398	2252.99	0.238001	-5.79249	0.000105188	
90	596.53	17.8486	2165.77	0.244573	-5.75932	0.00010085	
91	646.882	19.616	2055.13	0.251497	-5.67938	9.36157e-05	
92	694.836	21.297	1935.76	0.256976	-5.57607	8.55793e-05	
93	747.603	23.2473	1792.89	0.262824	-5.42036	7.41169e-05	
94	797.565	25.0925	1642.27	0.267081	-5.24212	6.17739e-05	
95	851.673	27.2158	1469.02	0.271789	-5.00755	4.54857e-05	
96	902.553	29.2125	1289.25	0.27477	-4.75191	2.82461e-05	
97	956.748	31.4945	1088.69	0.278362	-4.43797	6.55507e-06	
98	1007.28	33.6254	883.098	0.280112	-4.10507	-1.61389e-05	
99	1060.16	36.0482	659.452	0.282717	-3.71407	-4.37778e-05	
100	1108.95	38.2922	432.49	0.283397	-3.30689	-7.24346e-05	
101	1159	40.8355	191.024	0.285259	-2.8441	-0.000106519	
102	1204.54	43.1693	-51.8589	0.285157	-2.36852	-0.000141576	
103	1250.18	45.8117	-305.028	0.286645	-1.84206	-0.000182536	
104	1290.92	48.2112	-557.565	0.286187	-1.30681	-0.000224331	
105	1330.56	50.9325	-815.684	0.287789	-0.727575	-0.000272498	
106	1364.96	53.3753	-1071.02	0.28753	-0.144052	-0.000321239	
107	1397.07	56.1583	-1326.97	0.289843	0.474686	-0.000376815	
108	1423.64	58.626	-1577.94	0.290452	1.09278	-0.000432545	
109	1446.79	61.4595	-1824.5	0.294158	1.73579	-0.000495561	
110	1464.18	63.9408	-2063.91	0.296387	2.37291	-0.000558122	
111	1477.12	66.8217	-2294.08	0.302217	3.02358	-0.000628401	
112	1484.14	69.3149	-2515.02	0.306853	3.66296	-0.000697406	
113	1485.85	72.2509	-2722.31	0.315535	4.30395	-0.000774519	
114	1481.57	74.7666	-2918.44	0.323344	4.92824	-0.000849328	
115	1471.28	77.7777	-3097.11	0.335552	5.54226	-0.000932563	
116	1455.04	80.3404	-3262.92	0.347209	6.13426	-0.00101227	
117	1432.28	83.46	-3408.25	0.363493	6.70472	-0.0011006	
118	1403.72	86.1089	-3539.31	0.379512	7.24816	-0.00118403	
119	1368.35	89.3837	-3647.73	0.400236	7.75988	-0.00127612	
120	1327.42	92.1722	-3740.81	0.420898	8.24003	-0.00136184	
121	1279.6	95.6611	-3810.03	0.446182	8.67986	-0.00145601	
122	1226.57	98.6548	-3863.22	0.471478	9.08418	-0.00154236	
123	1166.76	102.426	-3892.28	0.501149	9.44145	-0.00163666	
124	1102.19	105.699	-3905	0.53074	9.75999	-0.00172179	
125	1031.14	109.827	-3894.16	0.564305	10.0269	-0.00181401	
126	955.875	113.458	-3867.11	0.597508	10.2526	-0.00189591	
127	874.59	118.016	-3817.82	0.634147	10.4243	-0.00198368	
128	789.734	122.082	-3752.81	0.66995	10.5533	-0.00206026	
129	699.467	127.141	-3667.5	0.708543	10.6279	-0.00214112	
130	606.346	131.71	-3567.33	0.745649	10.6592	-0.00221027	
131	508.567	137.327	-3449.21	0.784823	10.6378	-0.00228179	
132	408.718	142.452	-3317.39	0.821729	10.5732	-0.00234147	
133	305.098	148.67	-3170.24	0.859934	10.4592	-0.00240135	
134	200.241	154.385	-3010.77	0.895024	10.3032	-0.0024496	
135	92.6328	161.224	-2838.69	0.930626	10.1022	-0.00249579	
136	-15.3433	167.536	-2655.83	0.962285	9.86116	-0.00253085	
137	-124.929	174.99	-2463.01	0.993671	9.58054	-0.00256161	
138	-233.996	181.879	-2261.07	1.02039	9.26229	-0.00258195	
139	-343.416	189.913	-2051.61	1.04606	8.91039	-0.00259593	
140	-451.43	197.33	-1834.74	1.06653	8.52391	-0.00260025	
141	-558.446	205.88	-1612.52	1.08522	8.10975	-0.0025965	
142	-663.188	213.747	-1384.6	1.0984	7.66447	-0.00258381	
143	-765.513	222.72	-1153.15	1.1091	7.19726	-0.00256179	
144	-864.732	230.931	-917.7	1.11426	6.70269	-0.0025314	
145	-960.087	240.209	-680.226	1.11629	6.19145	-0.00249091	
146	-1051.56	248.639	-440.399	1.11302	5.65683	-0.00244245	
147	-1137.74	258.078	-199.734	1.10601	5.11019	-0.00238365	
148	-1219.33	266.581	41.6443	1.09416	4.5443	-0.00231711	
149	-1294.29	276.022	282.936	1.07803	3.97038	-0.00224046	
150	-1364.03	284.438	523.299	1.05768	3.38146	-0.00215619	
151	-1425.94	293.705	762.833	1.03256	2.78791	-0.00206247	
152	-1482.11	301.865	999.773	1.00393	2.18371	-0.00196129	
153	-1529.45	310.772	1235.23	0.970129	1.57783	-0.00185162	
154	-1570.65	318.498	1466.4	0.933479	0.965711	-0.0017348	
155	-1602.29	326.853	1695.43	0.891364	0.354624	-0.00161068	
156	-1627.52	333.964	1918.42	0.846965	-0.258195	-0.00148001	
157	-1642.76	341.571	2138.56	0.796912	-0.86734	-0.00134338	
158	-1651.45	347.879	2350.86	0.744987	-1.47364	-0.00120118	
159	-1650.1	354.542	2559.48	0.687334	-2.07353	-0.00105445	
160	-1642.18	359.859	2758.49	0.628056	-2.66596	-0.000903495	
161	-1624.54	365.383	2952.8	0.563081	-3.24904	-0.000749517	
162	-1600.43	369.522	3135.78	0.496599	-3.82006	-0.000592957	
163	-1567.28	373.719	3312.91	0.424541	-4.3786	-0.00043495	
164	-1527.9	376.495	3477.1	0.351029	-4.92055	-0.000276135	
165	-1480.43	379.189	3634.16	0.272133	-5.44676	-0.000117518	
166	-1427.11	380.43	3776.85	0.191862	-5.95202	4.01952e-05	
167	-1366.87	381.461	3911.08	0.106439	-6.43832	0.00019602	
168	-1301.25	381.013	4029.71	0.0198437	-6.89957	0.000349498	
169	-1229.99	380.246	4138.57	-0.0716545	-7.33881	0.000499391	
170	-1153.92	377.983	4230.88	-0.16392	-7.74927	0.000645922	
171	-1073.48	375.317	4312.17	-0.260841	-8.13499	0.000787245	
172	-988.867	371.151	4376.25	-0.357875	-8.48866	0.000924687	
173	-901.043	366.525	4428.18	-0.459324	-8.8153	0.00105548	
174	-809.735	360.415	4462.53	-0.559982	-9.10715	0.00118233	
175	-716.166	353.816	4483.8	-0.664815	-9.37011	0.00130137	
176	-619.841	345.773	4487.38	-0.767747	-9.59608	0.00141672	
177	-521.949	337.238	4477.18	-0.874592	-9.79173	0.00152351	
178	-422.052	327.326	4449.42	-0.978306	-9.94878	0.00162692	
179	-321.023	316.944	4407.4	-1.08562	-10.0744	0.00172149	
180	-218.757	305.278	4348.18	-1.18857	-10.1603	0.00181278	
181	-115.586	293.182	4274.5	-1.29473	-10.2139	0.0018954	
182	-11.9517	279.921	4184.14	-1.39536	-10.2273	0.00197439	
183	92.4763	266.283	4079.4	-1.49872	-10.2074	0.00204529	
184	196.589	251.615	3958.69	-1.59559	-10.1475	0.00211161	
185	301.388	236.631	3823.95	-1.69458	-10.0534	0.00217063	
186	405.086	220.764	3674.15	-1.78635	-9.9199	0.00222351	
187	509.255	204.646	3510.99	-1.87951	-9.75159	0.00226988	
188	611.532	187.791	3333.86	-1.96497	-9.54483	0.00230811	
189	713.858	170.75	3144.35	-2.05102	-9.30288	0.00234038	
190	813.5	153.114	2942.18	-2.12906	-9.02408	0.00236235	
191	912.518	135.354	2728.96	-2.20686	-8.71013	0.00237845	
192	1008.06	117.131	2504.62	-2.27645	-8.36148	0.00238234	
193	1102.06	98.8457	2270.92	-2.34497	-7.97842	0.00237988	
194	1191.81	80.2192	2027.87	-2.4051	-7.56338	0.00236395	
195	1278.87	61.5914	1777.44	-2.46341	-7.11557	0.00234061	
196	1360.97	42.7355	1519.68	-2.51308	-6.63909	0.00230351	
197	1439.14	23.9423	1256.83	-2.56031	-6.13255	0.00225752	
198	1511.66	5.03238	988.814	-2.59853	-5.60119	0.00219862	
199	1579.02	-13.7476	718.24	-2.63384	-5.04359	0.00212924	
200	1640.13	-32.5275	444.802	-2.65965	-4.46556	0.00204887	
201	1694.98	-51.107	171.485	-2.68225	-3.86612	0.00195671	
202	1743.08	-69.5576	-102.357	-2.6948	-3.25108	0.00185626	
203	1784.01	-87.736	-373.329	-2.70398	-2.62035	0.0017434	
204	1817.83	-105.641	-642.527	-2.7026	-1.97917	0.00162527	
205	1843.86	-123.204	-906.136	-2.69781	-1.32865	0.00149513	
206	1862.52	-140.337	-1165.78	-2.68208	-0.673007	0.00136256	
207	1873.06	-157.063	-1417.25	-2.66297	-0.0147378	0.00121956	
208	1876.15	-173.194	-1662.74	-2.63279	0.643288	0.00107632	
209	1871.06	-188.864	-1897.68	-2.59927	1.29716	0.000925309	
210	1858.54	-203.779	-2124.82	-2.55489	1.9455	0.000775366	
211	1838.08	-218.192	-2339.32	-2.50717	2.58308	0.00062108	
212	1810.34	-231.702	-2544.42	-2.44914	3.21005	0.000468254	
213	1775.08	-244.688	-2735.14	-2.38775	3.82007	0.000314809	
214	1732.82	-256.65	-2915.07	-2.31686	4.41466	0.000162544	
215	1683.65	-268.083	-3079.24	-2.24258	4.98665	1.31143e-05	
216	1627.87	-278.401	-3231.41	-2.15981	5.53874	-0.000135669	
217	1565.92	-288.204	-3366.87	-2.07361	6.06325	-0.000278928	
218	1497.84	-296.831	-3489.27	-1.98	6.56376	-0.000421875	
219	1424.48	-304.978	-3594.41	-1.88299	7.03244	-0.000557685	
220	1345.57	-311.914	-3685.58	-1.77959	7.47343	-0.000692973	
221	1262.37	-318.42	-3759.32	-1.67292	7.87916	-0.000820664	
222	1174.25	-323.697	-3818.37	-1.56076	8.25391	-0.000946939	
223	1082.97	-328.61	-3860.15	-1.44559	8.59083	-0.00106614	
224	987.471	-332.286	-3886.7	-1.32567	8.89394	-0.00118247	
225	889.992	-335.677	-3896.45	-1.20312	9.15752	-0.00129289	
226	789.055	-337.822	-3890.68	-1.07645	9.38499	-0.00139872	
227	687.355	-339.773	-3868.79	-0.94766	9.5721	-0.00150008	
228	582.995	-340.468	-3831.37	-0.815334	9.72136	-0.00159529	
229	479.055	-341.064	-3778.68	-0.68144	9.8303	-0.00168737	
230	373.28	-340.395	-3710.74	-0.544678	9.90026	-0.0017722	
231	269.007	-339.726	-3628.5	-0.406898	9.93074	-0.00185505	
232	163.73	-337.788	-3531.62	-0.267071	9.92179	-0.00193012	
233	60.8745	-335.945	-3421.45	-0.126728	9.87486	-0.00200413	
234	-42.1645	-332.841	-3297.53	0.0146361	9.78875	-0.00207035	
235	-142.07	-329.918	-3161.38	0.156098	9.66671	-0.00213633	
236	-241.364	-325.761	-3012.62	0.297361	9.50638	-0.00219468	
237	-337.03	-321.858	-2852.69	0.438385	9.31259	-0.0022537	
238	-431.33	-316.762	-2681.5	0.577858	9.08201	-0.00230509	
239	-521.704	-311.979	-2500.22	0.716811	8.82066	-0.0023582	
240	-610	-306.058	-2309.16	0.852827	8.52458	-0.00240323	
241	-694.211	-300.49	-2109.12	0.98805	8.20049	-0.00245111	
242	-775.684	-293.847	-1900.89	1.11903	7.84422	-0.00248993	
243	-852.976	-287.58	-1684.83	1.24889	7.46268	-0.00253258	
244	-926.916	-280.297	-1462.23	1.37336	7.0519	-0.00256483	
245	-996.558	-273.402	-1233.03	1.49632	6.61853	-0.00260147	
246	-1062.29	-265.541	-999.006	1.61296	6.15923	-0.0026263	
247	-1123.51	-258.069	-759.692	1.72757	5.67992	-0.00265543	
248	-1180.31	-249.673	-517.339	1.83515	5.17831	-0.00267173	
249	-1232.26	-241.659	-271.119	1.94009	4.65926	-0.00269147	
250	-1279.34	-232.758	-23.7098	2.03748	4.12182	-0.00269803	
251	-1321.08	-224.227	226.022	2.13156	3.56958	-0.00270659	
252	-1357.58	-214.849	475.019	2.21768	3.00316	-0.00270241	
253	-1388.15	-205.825	724.67	2.29982	2.42474	-0.00269856	
254	-1413.19	-196.005	971.597	2.37364	1.83659	-0.0026831	
255	-1431.66	-186.522	1217.4	2.44286	1.23951	-0.00266652	
256	-1444.41	-176.311	1458.44	2.50342	0.63738	-0.00263986	
257	-1450.03	-166.423	1696.48	2.55885	0.0297158	-0.00261134	
258	-1449.83	-155.889	1927.75	2.60527	-0.578173	-0.00257432	
259	-1442.06	-145.669	2154.06	2.64619	-1.18787	-0.00253565	
260	-1428.51	-134.898	2371.64	2.67774	-1.79286	-0.0024898	
261	-1407.14	-124.439	2582.29	2.70357	-2.39564	-0.00244351	
262	-1380.15	-113.526	2782.37	2.71969	-2.98881	-0.00239097	
263	-1345.37	-102.934	2973.57	2.73006	-3.57553	-0.00233989	
264	-1305.22	-91.977	3152.54	2.73044	-4.14784	-0.00228313	
265	-1257.56	-81.3571	3320.75	2.72519	-4.70933	-0.00223004	
266	-1204.89	-70.4526	3475.31	2.70979	-5.25184	-0.00217156	
267	-1145.21	-59.9028	3617.37	2.689	-5.77915	-0.00211875	
268	-1080.99	-49.1356	3744.61	2.65805	-6.28318	-0.00206071	
269	-1010.42	-38.7366	3857.82	2.62204	-6.7677	-0.00200977	
270	-935.855	-28.1789	3955.32	2.57604	-7.22504	-0.00195372	
271	-855.691	-17.99	4037.51	2.52537	-7.65865	-0.00190544	
272	-772.156	-7.69958	4103.38	2.46503	-8.0616	-0.0018521	
273	-683.804	2.24164	4152.99	2.4005	-8.43674	-0.00180651	
274	-592.767	12.2214	4185.95	2.32674	-8.77823	-0.00175572	
275	-497.678	21.8959	4202.03	2.24929	-9.08797	-0.00171222	
276	-400.644	31.536	4201.4	2.16319	-9.36157	-0.00166314	
277	-300.289	40.9383	4183.68	2.07397	-9.59968	-0.00162078	
278	-198.771	50.2228	4149.44	1.97674	-9.79971	-0.00157216	
279	-94.646	59.3556	4098.31	1.877	-9.96078	-0.00152988	
280	9.82868	68.2806	4031.09	1.76996	-10.0824	-0.00148054	
281	116.179	77.1499	3947.62	1.66109	-10.162	-0.00143748	
282	222.045	85.7215	3848.73	1.54566	-10.2015	-0.00138662	
283	328.993	94.3333	3734.64	1.42917	-10.1966	-0.00134234	
284	434.617	102.564	3606.01	1.30687	-10.1515	-0.00128985	
285	540.428	110.923	3463.65	1.18436	-10.0605	-0.00124448	
286	644.08	118.828	3307.85	1.05683	-9.92988	-0.00119097	
287	746.91	126.934	3140.13	0.930009	-9.7533	-0.00114516	
288	846.767	134.526	2960.29	0.799012	-9.5383	-0.00109183	
289	944.694	142.38	2770.61	0.669688	-9.27861	-0.00104662	
290	1038.87	149.666	2570.3	0.537086	-8.98243	-0.000994869	
291	1129.96	157.262	2362.45	0.407155	-8.64441	-0.000951404	
292	1216.56	164.241	2145.61	0.274915	-8.27248	-0.000902495	
293	1298.96	171.57	1923.61	0.146324	-7.86302	-0.000861691	
294	1376.2	178.235	1694.4	0.0164772	-7.42285	-0.000816382	
295	1448.22	185.285	1462.4	-0.108812	-6.95074	-0.000778661	
296	1514.5	191.619	1225.03	-0.234225	-6.45162	-0.000737049	
297	1574.76	198.371	987.133	-0.35428	-5.92704	-0.000702209	
298	1628.78	204.356	745.755	-0.473276	-5.37957	-0.000663766	
299	1676.23	210.785	505.936	-0.586246	-4.81357	-0.000631048	
300	1717.06	216.396	264.514	-0.696968	-4.22912	-0.000594855	
301	1751.07	222.468	26.5138	-0.801139	-3.633	-0.000563194	
302	1778.18	227.679	-211.255	-0.90192	-3.02309	-0.000528293	
303	1798.51	233.35	-443.974	-0.995754	-2.40793	-0.000496684	
304	1811.77	238.125	-674.697	-1.08517	-1.78375	-0.000462425	
305	1818.56	243.341	-898.954	-1.16735	-1.16001	-0.00043031	
306	1818.21	247.636	-1119.54	-1.24425	-0.532045	-0.000396601	
307	1811.89	252.327	-1332.42	-1.31368	0.0906464	-0.000364137	
308	1798.47	256.084	-1540.05	-1.3772	0.712786	-0.000331524	
309	1779.69	260.171	-1738.84	-1.43303	1.32564	-0.000299675	
310	1753.95	263.316	-1930.91	-1.48255	1.93324	-0.000269239	
311	1723.49	266.708	-2113.08	-1.52419	2.5282	-0.000239638	
312	1686.31	269.151	-2287.16	-1.55932	3.11333	-0.000212757	
313	1645.05	271.75	-2450.33	-1.58641	3.68291	-0.000187403	
314	1597.36	273.392	-2604.12	-1.60699	4.23824	-0.000165459	
315	1546.15	275.097	-2746.02	-1.61938	4.77534	-0.000146313	
316	1488.91	275.834	-2877.38	-1.62542	5.29395	-0.000130413	
317	1428.63	276.548	-2995.92	-1.62319	5.79175	-0.000119023	
318	1362.75	276.278	-3102.86	-1.61485	6.26704	-0.000109824	
319	1294.24	275.915	-3196.12	-1.59828	6.71896	-0.000107045	
320	1220.65	274.548	-3276.91	-1.5759	7.14466	-0.000104692	
321	1144.76	273.037	-3343.25	-1.54546	7.54442	-0.000110586	
322	1064.35	270.503	-3396.42	-1.50953	7.91462	-0.000114759	
323	981.934	267.797	-3434.54	-1.46589	8.25642	-0.000128648	
324	895.636	264.052	-3459	-1.41711	8.56575	-0.000138694	
325	807.616	260.128	-3468.01	-1.36111	8.84443	-0.000159338	
326	716.398	255.159	-3463.12	-1.30033	9.08821	-0.00017443	
327	623.791	250.025	-3442.56	-1.23299	9.29939	-0.000200284	
328	528.713	243.852	-3408.14	-1.16127	9.4738	-0.000219567	
329	432.665	237.548	-3358.06	-1.08378	9.61403	-0.000249034	
330	334.91	230.227	-3294.42	-1.00235	9.71622	-0.000271749	
331	236.723	222.823	-3215.36	-0.916056	9.78306	-0.000303406	
332	137.616	214.444	-3123.32	-0.826314	9.81119	-0.000328957	
333	38.7639	206.042	-3016.31	-0.732696	9.80325	-0.00036173	
334	-60.212	196.728	-2897.15	-0.636194	9.75654	-0.000389727	
335	-158.096	187.458	-2763.71	-0.536863	9.67346	-0.000423003	
336	-255.311	177.357	-2619.2	-0.435285	9.55216	-0.000453273	
337	-350.467	167.372	-2461.32	-0.331963	9.39467	-0.00048696	
338	-444.18	156.653	-2293.63	-0.227103	9.20009	-0.000519535	
339	-534.778	146.124	-2113.72	-0.121604	8.96995	-0.000554062	
340	-623.197	134.967	-1925.45	-0.0153429	8.70444	-0.000589154	
341	-707.421	124.077	-1726.32	0.0904506	8.40454	-0.000625392	
342	-788.782	112.669	-1520.44	0.196176	8.07152	-0.000663343	
343	-864.923	101.604	-1305.29	0.300343	7.70587	-0.000702456	
344	-937.584	90.1309	-1085.08	0.403576	7.30986	-0.000743659	
345	-1004.13	79.0802	-857.43	0.504192	6.88361	-0.000786873	
346	-1066.66	67.7218	-626.492	0.602998	6.43023	-0.000831675	
347	-1122.36	56.8726	-390.098	0.698187	5.94964	-0.000879999	
348	-1173.61	45.8058	-152.255	0.790703	5.44558	-0.000928581	
349	-1217.56	35.3437	88.9091	0.878679	4.91797	-0.000982525	
350	-1256.69	24.7436	329.666	0.963162	4.37092	-0.00103478	
351	-1288.3	14.8544	571.513	1.04228	3.80454	-0.00109414	
352	-1314.83	4.89841	811.097	1.11715	3.22309	-0.00114958	
353	-1333.82	-4.22918	1049.51	1.18595	2.627	-0.00121333	
354	-1347.56	-13.3588	1283.82	1.24985	2.02045	-0.00127102	
355	-1353.91	-21.5321	1514.72	1.30707	1.40433	-0.0013374	
356	-1354.94	-29.6471	1739.74	1.35885	0.782551	-0.001396	
357	-1348.83	-36.6703	1959.19	1.40348	0.156562	-0.0014627	
358	-1337.42	-43.5794	2171.06	1.44226	-0.470191	-0.00152051	
359	-1319.2	-49.2584	2375.34	1.47353	-1.09562	-0.00158501	
360	-1295.77	-54.7735	2570.43	1.49868	-1.71688	-0.00164015	
361	-1265.88	-58.9237	2756.1	1.51606	-2.33122	-0.00170008	
362	-1230.99	-62.8691	2931.09	1.5272	-2.93651	-0.00175069	
363	-1189.98	-65.3257	3095.07	1.53041	-3.52932	-0.00180411	
364	-1144.26	-67.5486	3247.02	1.5274	-4.10834	-0.00184853	
365	-1092.82	-68.1776	3386.64	1.51639	-4.66948	-0.0018941	
366	-1037.03	-68.5581	3513.06	1.49933	-5.21232	-0.0019311	
367	-975.946	-67.2664	3626.1	1.47426	-5.73222	-0.0019681	
368	-910.981	-65.7254	3724.95	1.44347	-6.2296	-0.00199688	
369	-841.227	-62.4685	3809.67	1.40473	-6.69947	-0.00202509	
370	-768.121	-58.9738	3879.43	1.3607	-7.14297	-0.00204535	
371	-690.822	-53.7594	3934.61	1.30887	-7.55506	-0.0020648	
372	-610.764	-48.329	3974.27	1.25228	-7.93737	-0.00207655	
373	-527.187	-41.2181	3999.17	1.18812	-8.28512	-0.00208731	
374	-441.498	-33.9218	4008.24	1.11978	-8.60019	-0.00209069	
375	-353.015	-25.0271	4002.63	1.04422	-8.87841	-0.0020927	
376	-263.107	-15.9867	3981.12	0.965075	-9.12156	-0.00208778	
377	-171.14	-5.46943	3945.22	0.879204	-9.32639	-0.00208075	
378	-78.4643	5.14224	3893.61	0.790332	-9.49435	-0.00206734	
379	15.5657	17.0761	3828.1	0.695369	-9.62329	-0.00205084	
380	109.57	29.037	3747.32	0.597974	-9.71413	-0.00202845	
381	204.28	42.1407	3653.28	0.495275	-9.76586	-0.00200207	
382	298.223	55.1838	3544.65	0.390707	-9.7789	-0.00197003	
383	392.286	69.1738	3423.56	0.281762	-9.7532	-0.00193357	
384	484.84	82.9931	3288.8	0.171533	-9.68886	-0.00189125	
385	576.97	97.5553	3142.49	0.057966	-9.5865	-0.00184494	
386	666.862	111.815	2983.67	-0.0562414	-9.44618	-0.0017921	
387	755.793	126.612	2814.31	-0.172667	-9.26888	-0.00173668	
388	841.778	140.958	2633.81	-0.289001	-9.05488	-0.00167375	
389	926.23	155.637	2443.92	-0.406393	-8.80528	-0.00161052	
390	1007.06	169.711	2244.42	-0.522854	-8.52085	-0.00153875	
391	1085.73	183.919	2036.82	-0.639215	-8.20256	-0.00146949	
392	1160.14	197.37	1821.26	-0.753699	-7.85189	-0.00139097	
393	1231.69	210.762	1599.03	-0.86696	-7.46958	-0.0013177	
394	1298.41	223.26	1370.62	-0.97732	-7.05784	-0.00123512	
395	1361.54	235.517	1137.08	-1.0854	-6.61728	-0.00115995	
396	1419.33	246.762	899.183	-1.18952	-6.15067	-0.00107626	
397	1472.82	257.596	657.839	-1.2904	-5.65868	-0.00100113	
398	1520.52	267.325	414.008	-1.38627	-5.14441	-0.000919122	
399	1563.3	276.488	168.491	-1.47806	-4.60875	-0.000845708	
400	1599.95	284.48	-77.6319	-1.56385	-4.05491	-0.000767641	
401	1631.19	291.766	-323.619	-1.64486	-3.48412	-0.00069729	
402	1656.04	297.842	-568.337	-1.71901	-2.89951	-0.000624742	
403	1675.19	303.09	-811.07	-1.78781	-2.30261	-0.000558518	
404	1687.77	307.108	-1050.68	-1.84905	-1.69648	-0.000492368	
405	1694.56	310.196	-1286.46	-1.90452	-1.08278	-0.000431159	
406	1694.71	312.052	-1517.31	-1.95192	-0.464575	-0.000371754	
407	1689.16	312.894	-1742.5	-1.99325	0.156593	-0.000316389	
408	1676.98	312.515	-1961.01	-2.02621	0.777447	-0.000263787	
409	1659.32	311.058	-2172.08	-2.05295	1.39686	-0.00021511	
410	1635.13	308.402	-2374.8	-2.0712	2.01111	-0.000169313	
411	1605.74	304.62	-2568.34	-2.08316	2.61973	-0.000128181	
412	1570.02	299.669	-2751.97	-2.08675	3.21835	-8.92783e-05	
413	1529.41	293.565	-2924.75	-2.08405	3.80734	-5.64859e-05	
414	1482.76	286.331	-3086.19	-2.07323	4.38159	-2.46898e-05	
415	1431.53	277.935	-3235.22	-2.05622	4.94223	-8.41816e-07	
416	1374.62	268.455	-3371.63	-2.03146	5.48357	2.35638e-05	
417	1313.43	257.828	-3494.19	-2.00068	6.00732	3.81628e-05	
418	1247.03	246.173	-3603.03	-1.96259	6.50743	5.48961e-05	
419	1176.67	233.406	-3696.76	-1.91874	6.98586	6.02781e-05	
420	1101.63	219.681	-3775.91	-1.86804	7.43667	6.90933e-05	
421	1023.03	204.902	-3838.9	-1.81196	7.86164	6.55487e-05	
422	940.378	189.251	-3886.69	-1.74945	8.2554	6.61932e-05	
423	854.667	172.626	-3917.53	-1.68207	8.61919	5.4082e-05	
424	765.577	155.233	-3932.81	-1.60867	8.94869	4.61897e-05	
425	674.089	136.965	-3930.66	-1.53101	9.24431	2.56944e-05	
426	579.948	118.056	-3912.89	-1.44774	9.5031	8.66778e-06	
427	484.216	98.383	-3877.54	-1.36094	9.72449	-2.04268e-05	
428	386.595	78.2208	-3826.8	-1.26895	9.90716	-4.74718e-05	
429	288.313	57.4167	-3758.65	-1.17422	10.0495	-8.58813e-05	
430	188.928	36.2967	-3675.65	-1.0748	10.1519	-0.000124047	
431	89.8842	14.6636	-3575.75	-0.973455	10.2119	-0.000172911	
432	-9.47384	-7.09407	-3461.79	-0.868026	10.2314	-0.000223312	
433	-107.475	-29.2292	-3331.78	-0.76145	10.2073	-0.000283932	
434	-205.012	-51.2871	-3188.75	-0.651547	10.1428	-0.000347381	
435	-300.227	-73.5785	-3030.81	-0.541199	10.0345	-0.000420833	
436	-394.226	-95.5891	-2861.1	-0.428419	9.88665	-0.000497511	
437	-485.034	-117.677	-2677.88	-0.315796	9.69589	-0.000584227	
438	-573.91	-139.289	-2484.32	-0.201749	9.46698	-0.00067343	
439	-658.856	-160.806	-2278.89	-0.0883499	9.19702	-0.000772884	
440	-741.198	-181.666	-2064.69	0.0253976	8.89093	-0.000872936	
441	-819.004	-202.241	-1840.44	0.138102	8.54659	-0.000983517	
442	-893.587	-221.998	-1609.09	0.250078	8.16871	-0.00109189	
443	-963.152	-241.262	-1369.65	0.360681	7.75621	-0.00121101	
444	-1028.93	-259.57	-1124.86	0.469539	7.31325	-0.00132465	
445	-1089.32	-277.159	-874.018	0.576719	6.84002	-0.00144907	
446	-1145.43	-293.677	-619.658	0.681251	6.33988	-0.00156479	
447	-1195.84	-309.241	-361.299	0.783789	5.81436	-0.00169104	
448	-1241.55	-323.637	-101.312	0.882923	5.26591	-0.001806	
449	-1281.32	-336.843	160.655	0.979702	4.69732	-0.0019309	
450	-1316.05	-348.801	422.307	1.07247	4.11015	-0.00204288	
451	-1344.65	-359.344	684.003	1.16248	3.50828	-0.00216384	
452	-1367.94	-368.565	943.401	1.248	2.89245	-0.00227143	
453	-1384.97	-376.174	1201.02	1.33029	2.26739	-0.00238669	
454	-1396.5	-382.396	1454.33	1.40773	1.63322	-0.00248919	
455	-1401.68	-386.841	1704.17	1.48143	0.995108	-0.00259775	
456	-1401.29	-389.842	1947.7	1.54997	0.352911	-0.00269495	
457	-1394.51	-390.947	2186.2	1.61426	-0.288188	-0.00279642	
458	-1382.17	-390.559	2416.42	1.67309	-0.92829	-0.00288818	
459	-1363.46	-388.205	2640.16	1.72718	-1.56259	-0.00298242	
460	-1339.32	-384.329	2853.73	1.7755	-2.19081	-0.00306838	
461	-1308.91	-378.462	3059.47	1.81866	-2.80887	-0.0031552	
462	-1273.29	-371.068	3253.29	1.85568	-3.41589	-0.00323444	
463	-1231.57	-361.703	3438	1.88723	-4.00871	-0.0033133	
464	-1184.95	-350.842	3609.19	1.91224	-4.58568	-0.0033843	
465	-1132.52	-338.065	3770.09	1.93156	-5.14473	-0.00345416	
466	-1075.59	-323.862	3916.07	1.94395	-5.6834	-0.00351486	
467	-1013.21	-307.829	4050.66	1.95054	-6.20069	-0.00357417	
468	-946.813	-290.481	4169.18	1.94984	-6.69339	-0.00362222	
469	-875.449	-271.412	4275.29	1.94333	-7.16153	-0.00366902	
470	-800.627	-251.181	4364.43	1.92926	-7.60126	-0.00370212	
471	-721.412	-229.36	4440.3	1.90943	-8.01353	-0.00373431	
472	-639.355	-206.561	4498.56	1.88193	-8.39405	-0.0037505	
473	-553.572	-182.326	4542.84	1.84877	-8.74452	-0.0037661	
474	-465.612	-157.324	4569.16	1.80798	-9.06039	-0.00376401	
475	-374.66	-131.063	4580.99	1.76168	-9.34398	-0.00376141	
476	-282.234	-104.259	4574.74	1.70801	-9.59066	-0.00374036	
477	-187.591	-76.4055	4553.74	1.649	-9.80325	-0.00371856	
478	-92.2049	-48.2393	4514.81	1.58304	-9.97715	-0.00367856	
479	4.61936	-19.2619	4461.12	1.51199	-10.1156	-0.00363732	
480	101.435	9.79574	4389.88	1.43458	-10.2141	-0.00357899	
481	198.932	39.3948	4304.13	1.35239	-10.2762	-0.00351881	
482	295.661	68.8444	4201.45	1.26456	-10.2977	-0.00344326	
483	392.354	98.5392	4084.81	1.17239	-10.2822	-0.00336538	
484	487.522	127.858	3952.07	1.07537	-10.2261	-0.00327411	
485	581.985	157.108	3806.18	0.974574	-10.1327	-0.00318038	
486	674.176	185.76	3645.26	0.869806	-9.99927	-0.00307515	
487	765.034	214.021	3472.26	0.761948	-9.82865	-0.00296787	
488	852.896	241.466	3285.54	0.651029	-9.61924	-0.00285065	
489	938.824	268.207	3088.06	0.537844	-9.37311	-0.00273239	
490	1021.07	293.918	2878.37	0.422531	-9.08999	-0.00260528	
491	1100.78	318.632	2659.5	0.305879	-8.77118	-0.00247866	
492	1176.17	342.111	2430.13	0.188047	-8.41775	-0.00234378	
493	1248.45	364.332	2193.37	0.0698637	-8.03028	-0.00221131	
494	1315.8	385.126	1948	-0.0485375	-7.61115	-0.00207077	
495	1379.47	404.441	1697.24	-0.166289	-7.16037	-0.00193473	
496	1437.7	422.157	1439.88	-0.283289	-6.68142	-0.00179056	
497	1491.68	438.217	1179.27	-0.398679	-6.17402	-0.00165292	
498	1539.78	452.53	914.186	-0.512345	-5.64243	-0.0015071	
499	1583.15	465.056	648.099	-0.623524	-5.08644	-0.00136959	
500	1620.28	475.716	379.68	-0.732022	-4.51061	-0.00122412	
501	1652.28	484.499	112.56	-0.83727	-3.91523	-0.00108833	
502	1677.77	491.333	-154.747	-0.938916	-3.30468	-0.000945338	
503	1697.85	496.236	-418.482	-1.03668	-2.68004	-0.000812916	
504	1711.27	499.146	-680.31	-1.12998	-2.04513	-0.000674727	
505	1719.15	500.098	-936.374	-1.21889	-1.40202	-0.000547559	
506	1720.29	499.051	-1188.52	-1.30259	-0.753653	-0.000416699	
507	1715.93	496.043	-1432.86	-1.38149	-0.103155	-0.000296987	
508	1704.84	491.07	-1671.38	-1.45454	0.547558	-0.000176081	
509	1688.43	484.151	-1900.22	-1.52248	1.1944	-6.63231e-05	
510	1665.41	475.335	-2121.5	-1.58409	1.83645	4.2116e-05	
511	1637.35	464.61	-2331.42	-1.64034	2.4689	0.000139303	
512	1602.87	452.083	-2532.17	-1.68992	3.09165	0.00023312	
513	1563.72	437.708	-2720.13	-1.73391	3.69951	0.000315277	
514	1518.45	421.651	-2897.46	-1.77106	4.29291	0.000392881	
515	1468.92	403.836	-3060.79	-1.80246	4.86665	0.00045801	
516	1413.63	384.476	-3212.22	-1.82695	5.4214	0.000518461	
517	1354.54	363.485	-3348.66	-1.84555	5.95223	0.000565255	
518	1290.13	341.101	-3472.1	-1.85728	6.45984	0.000608204	
519	1222.4	317.254	-3579.79	-1.86306	6.93981	0.000636132	
520	1149.87	292.181	-3673.58	-1.86208	7.39264	0.000661623	
521	1074.53	265.851	-3751.07	-1.85514	7.81466	0.000670845	
522	994.967	238.482	-3813.97	-1.8416	8.20604	0.000679077	
523	913.147	210.097	-3860.23	-1.82222	8.56393	0.000670214	
524	827.751	180.879	-3891.45	-1.79641	8.88816	0.000661344	
525	740.699	150.916	-3905.89	-1.76499	9.17672	0.000635211	
526	650.758	120.348	-3905.07	-1.72734	9.42915	0.00060929	
527	559.825	89.3248	-3887.55	-1.68442	9.64427	0.000566672	
528	466.724	57.9432	-3854.8	-1.63553	9.82137	0.000523738	
529	373.343	26.4042	-3805.61	-1.58181	9.96006	0.000465312	
530	278.535	-5.23224	-3741.48	-1.52242	10.0595	0.00040561	
531	184.194	-36.7278	-3661.38	-1.45874	10.1199	0.000332021	
532	89.1714	-68.0556	-3566.86	-1.38975	10.1405	0.000256262	
533	-4.6301	-98.9521	-3457.04	-1.31709	10.1221	0.000168323	
534	-98.373	-129.421	-3333.55	-1.23955	10.0638	7.78792e-05	
535	-190.158	-159.183	-3195.6	-1.159	9.96719	-2.31897e-05	
536	-281.163	-188.274	-3044.97	-1.07408	9.83125	-0.000126235	
537	-369.512	-216.4	-2880.92	-0.986848	9.65798	-0.000238646	
538	-456.385	-243.634	-2705.37	-0.895807	9.44665	-0.000351614	
539	-539.956	-269.67	-2517.63	-0.803177	9.19947	-0.000472993	
540	-621.39	-294.619	-2319.77	-0.707344	8.91602	-0.000592866	
541	-698.926	-318.165	-2111.11	-0.610649	8.59861	-0.000720407	
542	-773.705	-340.455	-1893.9	-0.511393	8.24729	-0.000844167	
543	-844.037	-361.17	-1667.46	-0.411993	7.86428	-0.000974919	
544	-911.042	-380.484	-1434.21	-0.310704	7.45024	-0.00109985	
545	-973.085	-398.084	-1193.45	-0.209962	7.00718	-0.00123105	
546	-1031.29	-414.159	-947.766	-0.108036	6.53644	-0.00135495	
547	-1084.04	-428.421	-696.431	-0.00729933	6.03978	-0.00148432	
548	-1132.52	-441.05	-442.185	0.093875	5.51924	-0.00160559	
549	-1175.08	-451.802	-184.27	0.193286	4.97633	-0.00173148	
550	-1213.01	-460.832	74.4723	0.29234	4.41372	-0.00184904	
551	-1244.6	-467.958	334.807	0.389141	3.83273	-0.00197042	
552	-1271.28	-473.292	593.848	0.484742	3.23657	-0.00208355	
553	-1291.28	-476.725	852.352	0.5777	2.62646	-0.00219987	
554	-1306.18	-478.319	1107.45	0.668574	2.00595	-0.00230799	
555	-1314.15	-478.04	1359.87	0.756516	1.3763	-0.00241891	
556	-1316.92	-475.906	1606.83	0.841475	0.741199	-0.00252136	
557	-1312.66	-471.946	1849	0.923309	0.102046	-0.00262648	
558	-1303.2	-466.149	2083.75	1.00128	-0.537517	-0.00272241	
559	-1286.72	-458.585	2311.68	1.07602	-1.17588	-0.00282104	
560	-1265.16	-449.239	2530.37	1.14609	-1.80962	-0.00290932	
561	-1236.75	-438.193	2740.32	1.21287	-2.43687	-0.00300044	
562	-1203.47	-425.455	2939.38	1.2743	-3.05454	-0.00307971	
563	-1163.67	-411.093	3127.91	1.3324	-3.66054	-0.00316194	
564	-1119.28	-395.161	3304.09	1.38463	-4.25216	-0.00323077	
565	-1068.82	-377.687	3468.14	1.4335	-4.82713	-0.00330253	
566	-1014.14	-358.789	3618.57	1.47615	-5.38317	-0.00335958	
567	-953.945	-338.444	3755.49	1.51541	-5.91787	-0.00341933	
568	-889.974	-316.837	3877.72	1.54827	-6.42935	-0.00346355	
569	-821.092	-293.894	3985.29	1.57768	-6.91517	-0.00351001	
570	-748.95	-269.862	4077.3	1.60067	-7.37387	-0.00354073	
571	-672.532	-244.621	4153.77	1.62013	-7.80297	-0.00357304	
572	-593.43	-218.475	4214.03	1.63326	-8.20143	-0.00359001	
573	-510.696	-191.268	4258.14	1.64279	-8.5668	-0.00360787	
574	-425.905	-163.345	4285.61	1.64611	-8.8985	-0.00361121	
575	-338.124	-134.53	4296.62	1.64581	-9.19408	-0.00361487	
576	-248.96	-105.2	4290.82	1.63943	-9.45347	-0.00360493	
577	-157.445	-75.1663	4268.54	1.62944	-9.67426	-0.00359505	
578	-65.2572	-44.8309	4229.49	1.61349	-9.8569	-0.00357234	
579	28.6362	-13.9947	4174.28	1.59405	-9.99906	-0.00354989	
580	122.466	16.9141	4102.62	1.56871	-10.1017	-0.00351493	
581	217.336	48.1091	4015.4	1.5401	-10.1627	-0.003481	
582	311.393	79.1329	3912.3	1.50566	-10.1834	-0.00343442	
583	405.796	110.222	3794.51	1.46825	-10.162	-0.00339009	
584	498.637	140.884	3661.69	1.4251	-10.1003	-0.00333264	
585	591.099	171.388	3515.33	1.37939	-9.99678	-0.003279	
586	681.262	201.206	3355.01	1.3281	-9.85363	-0.00321167	
587	770.298	230.643	3182.51	1.27472	-9.66971	-0.00314977	
588	856.325	259.14	2997.35	1.21602	-9.44748	-0.0030739	
589	940.472	287.035	2801.57	1.15578	-9.18636	-0.00300484	
590	1020.94	313.75	2594.64	1.09062	-8.88887	-0.00292208	
591	1098.79	339.65	2378.78	1.02449	-8.55513	-0.00284712	
592	1172.34	364.152	2153.43	0.953981	-8.18752	-0.00275935	
593	1242.6	387.633	1920.97	0.883096	-7.78695	-0.00267992	
594	1307.99	409.525	1680.83	0.808494	-7.35556	-0.00258912	
595	1369.49	430.205	1435.45	0.734135	-6.89503	-0.00250683	
596	1425.62	449.133	1184.32	0.656804	-6.40722	-0.00241489	
597	1477.36	466.674	929.867	0.580352	-5.89449	-0.00233152	
598	1523.31	482.332	671.652	0.501719	-5.35843	-0.00224014	
599	1564.48	496.452	412.055	0.424606	-4.80195	-0.00215755	
