0	0	0	0.0225785	-2.70583e-05	-6.15112e-05	0	
1	-9.57998e-19	-0.000199966	0.169283	-0.000619265	-0.000448235	-1.48567e-06	
2	0.00358471	-0.00919542	0.229951	-0.00663754	-0.000817334	-4.94286e-05	
3	0.0734977	-0.192859	-2.43979	-0.0362894	0.00212392	-0.000733634	
4	0.339324	-1.92934	-11.1931	-0.104482	0.00303423	-0.0048884	
5	-0.621471	-9.65447	-5.63829	-0.147612	-0.0496936	-0.0146062	
6	-6.81073	-25.5343	66.9403	-0.0511026	-0.206462	-0.0170684	
7	-8.22877	-35.9291	181.704	0.086436	-0.331647	0.000362936	
8	31.1068	-24.1769	184.133	0.00709846	-0.236935	0.00455004	
9	109.813	-7.85866	89.7761	-0.117954	-0.178151	-0.0273148	
10	150.765	-16.1963	144.438	0.0458626	-0.421556	-0.0396468	
11	131.846	-30.4252	234.579	0.108461	-0.38626	-0.0267849	
12	136.313	-20.3733	90.8233	-0.145668	0.0714269	-0.0443554	
13	180.742	-6.03853	95.9414	-0.0365474	-0.13544	-0.0491463	
14	200.016	-8.27092	359.345	0.206869	-0.643304	-0.0327275	
15	204.47	-14.4791	227.066	-0.143343	-0.131035	-0.0655523	
16	236.192	-20.0147	33.2411	-0.234927	0.141623	-0.0770359	
17	257.944	-21.6823	342.778	0.0939565	-0.507134	-0.0392675	
18	241.23	-21.1428	321.701	-0.285752	-0.169739	-0.0588655	
19	234.174	-38.105	58.3575	-0.476006	0.311776	-0.0786699	
20	246.415	-49.3643	355.246	0.0687411	-0.388777	-0.037865	
21	243.104	-40.1968	325.038	-0.167135	-0.188141	-0.0273311	
22	238.526	-58.9197	18.4628	-0.493769	0.347653	-0.0341356	
23	223.046	-83.3608	365.683	-0.0851593	-0.347051	-0.0372416	
24	185.002	-74.2631	342.981	-0.253496	-0.164802	-0.0482526	
25	184.553	-79.2962	30.9607	-0.310573	0.300336	0.015703	
26	203.884	-88.923	369.721	0.0965742	-0.398758	0.0225301	
27	172.287	-85.4763	299.004	-0.2708	-0.165045	-0.0955776	
28	138.854	-90.7287	69.8006	-0.215144	0.18235	-0.0306441	
29	164.504	-56.9623	362.129	0.191202	-0.393708	0.091975	
30	176.658	-32.1541	165.162	-0.296063	-0.0917178	-0.00408001	
31	137.191	-62.8168	111.387	-0.127113	-0.0831737	-0.0495107	
32	146.031	-18.5281	401.983	0.184397	-0.493925	0.0312686	
33	186.436	41.6267	74.9173	-0.378339	0.0179116	0.0838769	
34	174.416	1.98013	165.297	-0.133611	-0.251341	0.0147752	
35	158.178	10.8036	384.743	0.00259184	-0.500546	-0.0831338	
36	160.701	60.0476	-12.4696	-0.50671	0.110527	0.0872416	
37	191.004	32.5813	224.925	-0.187075	-0.310543	0.0712635	
38	208.679	28.0763	349.025	-0.246978	-0.372197	-0.176462	
39	161.601	53.8112	-30.9505	-0.588721	0.122004	0.0679517	
40	177.106	33.0367	243.059	-0.256426	-0.282425	0.115463	
41	199.66	14.7125	220.297	-0.462545	-0.100455	-0.173387	
42	139.295	21.8333	-2.27277	-0.537359	0.0654715	0.072991	
43	157.313	19.492	242.057	-0.343727	-0.26456	0.102441	
44	147.65	-21.4405	66.9091	-0.661647	0.135801	-0.130007	
45	60.7522	-43.2709	44.7595	-0.390421	0.00612878	0.0730762	
46	88.3249	-18.4513	176.689	-0.352143	-0.177913	0.0518879	
47	71.8922	-58.1206	-65.5389	-0.683536	0.212319	-0.0706061	
48	-14.0067	-83.8161	84.4884	-0.197365	-0.107531	0.0529432	
49	8.3608	-33.3013	33.9165	-0.38283	-0.0364419	0.05701	
50	-1.08817	-67.5359	-147.26	-0.614237	0.134736	0.041956	
51	-57.0553	-87.7275	110.516	-0.0272056	-0.276384	0.0121537	
52	-61.6044	-31.97	-107.957	-0.359406	0.0235937	0.109075	
53	-63.8879	-55.5633	-138.829	-0.470752	-0.0514792	0.141922	
54	-70.3571	-50.8688	105.426	0.00987441	-0.324909	-0.0502488	
55	-103.755	-1.64371	-206.708	-0.297499	0.0583235	0.155952	
56	-110.895	-22.1466	-95.9508	-0.291429	-0.224809	0.157304	
57	-84.661	-4.99098	13.9522	-0.117604	-0.198388	-0.10324	
58	-119.298	31.6177	-254.768	-0.284243	0.078426	0.164566	
59	-124.268	29.2179	-46.6534	-0.161664	-0.297767	0.106773	
60	-109.665	52.4187	-113.738	-0.302214	0.0253045	-0.0623567	
61	-130.56	64.7653	-269.064	-0.355561	0.0385565	0.155173	
62	-126.567	66.3282	-64.9733	-0.189979	-0.302748	0.0241099	
63	-160.772	82.216	-202.634	-0.403773	0.163215	0.0439419	
64	-167.818	76.9607	-217.326	-0.403843	-0.0531371	0.114829	
65	-143.731	60.3867	-146.413	-0.343505	-0.216739	-0.0885634	
66	-213.032	58.2519	-243.719	-0.371472	0.166555	0.097144	
67	-216.52	72.4142	-168.272	-0.336202	-0.118457	0.0747808	
68	-179.83	47.6772	-263.611	-0.441603	-0.0737339	-0.11992	
69	-230.613	20.7384	-244.988	-0.234391	0.0171156	0.062451	
70	-236.848	60.0839	-175.254	-0.276385	-0.153142	0.0533179	
71	-220.422	43.9581	-353.367	-0.485228	0.0504641	0.0015429	
72	-220.7	1.66906	-223.104	-0.0804084	-0.169729	0.0150762	
73	-231.63	35.745	-223.596	-0.20782	-0.179598	0.0101995	
74	-251.026	33.6256	-322.646	-0.36685	-0.0119425	0.11241	
75	-199.746	10.1666	-186.684	0.0249482	-0.310798	0.0115496	
76	-210.325	18.6337	-314.018	-0.196429	-0.0895216	-0.0194303	
77	-254.112	25.6633	-221.481	-0.127032	-0.133621	0.0764672	
78	-170.821	49.0035	-153.037	0.117989	-0.379904	0.0485757	
79	-159.977	39.1208	-368.909	-0.205474	-0.00264145	0.00854923	
80	-213.315	39.2166	-131.485	0.0380869	-0.158329	-0.0569911	
81	-151.788	83.8681	-167.386	0.115485	-0.270762	0.10272	
82	-115.05	68.632	-344.266	-0.209937	-0.0211704	0.0660698	
83	-167.018	65.0796	-90.3974	0.012085	-0.131114	-0.155093	
84	-161.928	90.6495	-209.978	-0.0120599	-0.0619826	0.112569	
85	-106.46	67.281	-241.919	-0.178959	-0.0969578	0.0333618	
86	-146.247	64.1433	-90.8455	-0.119463	-0.0729932	-0.151704	
87	-185.926	55.4737	-240.897	-0.166519	0.0726411	0.0770555	
88	-133.988	28.548	-145.556	-0.119338	-0.1686	-0.0929077	
89	-147.898	41.0192	-122.27	-0.201555	-0.00924316	-0.0613759	
90	-167.862	21.0385	-209.573	-0.22922	0.0226962	0.0441506	
91	-146.265	-19.6103	-92.7622	-0.0953669	-0.213657	-0.188437	
92	-160.534	-12.8166	-151.463	-0.175585	0.00727403	0.0154208	
93	-125.786	-17.4164	-121.316	-0.140676	-0.159128	-0.0171289	
94	-126.613	-57.4491	-68.0598	-0.0678825	-0.211102	-0.174005	
95	-144.599	-63.4388	-135.191	-0.0269945	-0.066255	0.0282024	
96	-76.0512	-51.0993	-41.8315	0.00965086	-0.343291	-0.105969	
97	-86.7696	-75.296	-61.7438	-0.0501871	-0.181481	-0.083621	
98	-80.7502	-67.2163	-63.6247	0.17129	-0.224083	0.00575558	
99	-2.12781	-49.3429	-4.6211	0.123659	-0.412193	-0.140345	
100	-13.7221	-66.823	-39.3355	-0.0549763	-0.146312	-0.00322205	
101	10.1068	-28.822	44.2115	0.280909	-0.349408	-0.0147185	
102	76.1019	-20.392	6.38202	0.121822	-0.290469	-0.0871006	
103	78.3933	-48.4869	26.2977	-0.06756	-0.124924	-0.0242377	
104	82.2347	4.10175	152.977	0.266427	-0.368064	-0.0449321	
105	113.201	1.17694	27.7266	0.044969	-0.0632822	0.00620649	
106	145.927	-25.4647	109.562	-0.0619455	-0.144423	-0.113867	
107	122.774	20.2831	196.257	0.157329	-0.297867	-0.0809472	
108	120.531	11.0515	46.5343	-0.0568411	0.0860451	0.0616931	
109	171.845	1.09208	152.801	-0.0623374	-0.230899	-0.146439	
110	142.952	19.3059	168.623	-0.00380165	-0.192403	-0.0785857	
111	129.434	3.81288	85.5284	-0.185201	0.141335	0.0251794	
112	158.293	7.76943	193.684	-0.101607	-0.241423	-0.103515	
113	135.101	-3.59098	172.7	-0.0813636	-0.0761175	-0.0548617	
114	123.633	-24.3899	166.023	-0.21027	0.0861623	-0.0780564	
115	104.461	-21.5086	240.32	-0.0871615	-0.223802	-0.0509884	
116	107.301	-34.8714	216.81	-0.0118006	-0.107615	-0.0349822	
117	129.549	-41.2178	198.334	-0.162758	-0.154481	-0.121455	
118	93.3209	-42.271	207.077	-0.0761503	-0.307669	-0.0248798	
119	126.052	-31.2137	232.743	0.0576605	-0.257361	-0.0351271	
120	190.271	-19.6823	177.634	-0.192112	-0.352321	-0.0666079	
121	174.035	-38.0283	155.16	-0.15722	-0.318143	-0.0492695	
122	181.465	-23.1751	266.062	0.0207815	-0.246705	-0.0553413	
123	229.903	-9.24172	224.752	-0.273998	-0.301117	0.0170556	
124	247.321	-30.6652	205.011	-0.212199	-0.27894	-0.0877628	
125	219.996	-34.885	331.956	0.0184673	-0.229878	-0.0486134	
126	242.604	-27.7989	304.342	-0.22344	-0.256011	0.0557012	
127	300.787	-7.14415	251.406	-0.194169	-0.303773	-0.0811141	
128	276.224	-16.8496	306.345	-0.0281206	-0.20656	0.00321834	
129	286.412	-26.5393	303.627	-0.161485	-0.136113	0.00999821	
130	332.013	28.9401	219.916	-0.239617	-0.135463	-0.0430538	
131	293.536	19.358	220.277	-0.227894	-0.00719275	0.0593193	
132	265.819	-19.3356	276.302	-0.22529	0.0579091	-0.0607483	
133	246.38	18.1318	193.328	-0.333691	0.0411379	0.000353747	
134	207.673	12.3889	176.584	-0.381438	0.0116332	0.086187	
135	187.067	-23.2715	245.635	-0.291465	0.00738457	-0.0460419	
136	152.09	-12.965	166.094	-0.382759	0.0173256	0.0357193	
137	145.333	-9.33678	160.652	-0.379776	-0.0797431	0.0372898	
138	147.847	-16.8086	194.784	-0.31414	-0.0114246	0.0209895	
139	108.713	-19.1942	128.447	-0.408228	0.0411518	0.0403685	
140	86.736	-28.0606	139.28	-0.298585	-0.0612106	-0.0311701	
141	77.2294	-23.6443	126.075	-0.293068	-0.0112968	0.0869717	
142	46.7298	-11.582	95.2846	-0.383397	-0.119609	0.0314877	
143	16.5756	-36.5154	103.675	-0.217889	-0.172736	-0.0251844	
144	29.3119	-35.0174	56.1727	-0.283444	-0.130316	0.118205	
145	44.0922	5.13228	78.4209	-0.3425	-0.330521	0.016256	
146	18.4515	-20.8492	71.044	-0.211787	-0.176231	0.0354997	
147	37.4433	-18.5734	3.42545	-0.346673	-0.0853904	0.0870828	
148	53.3669	22.2188	42.5289	-0.37732	-0.270575	-0.0172673	
149	16.47	-10.3276	10.9437	-0.347609	-0.0821285	0.0651539	
150	23.0881	-9.51972	-39.601	-0.463638	-0.130031	0.0339966	
151	29.1731	-3.12711	-4.37649	-0.390912	-0.195962	-0.0136977	
152	12.8464	-27.8302	-26.3739	-0.435397	-0.0350154	0.0792313	
153	12.9941	-10.2582	-13.8899	-0.496571	-0.170322	0.0518612	
154	-1.87313	-34.2941	-23.5567	-0.359475	-0.0152617	0.0407084	
155	-14.3169	-41.2342	-74.5417	-0.452759	0.0652452	0.0720634	
156	-45.601	-26.9929	-34.0965	-0.467153	-0.0744679	0.105914	
157	-83.2249	-61.8841	-93.0029	-0.347087	0.175189	0.0620937	
158	-91.3397	-40.0546	-156.281	-0.423081	0.0371976	0.0284778	
159	-124.044	-43.7218	-127.066	-0.379447	-0.069485	0.108297	
160	-149.454	-61.6863	-182.05	-0.309882	0.205741	0.0369372	
161	-154.216	-20.2923	-160.607	-0.313928	0.0096247	0.0638079	
162	-177.437	-44.7209	-151.203	-0.235044	-0.0437745	0.13447	
163	-210.969	-32.4872	-209.871	-0.219618	0.0278108	0.0504184	
164	-238.838	15.3717	-175.273	-0.228858	-0.130843	0.128031	
165	-220.132	-9.1447	-239.176	-0.232002	-0.0821328	0.0921464	
166	-216.671	8.52509	-232.296	-0.154517	-0.196488	0.0512746	
167	-241.84	37.4127	-174.314	-0.0936015	-0.19189	0.1456	
168	-204.818	52.1507	-285.215	-0.205227	-0.0296263	0.0270223	
169	-192.91	75.7521	-215.273	-0.088958	-0.212572	0.0493419	
170	-227.79	81.6858	-189.132	-0.0505769	-0.115132	0.087797	
171	-211.54	107.232	-289.815	-0.28544	-0.0437042	-0.0161076	
172	-188.347	101.11	-183.553	-0.17094	-0.246059	0.0484737	
173	-197.891	107.718	-219.901	-0.159773	-0.0940287	0.00500945	
174	-204.466	123.3	-251.282	-0.330588	-0.0950237	0.00853025	
175	-177.109	71.9802	-160.91	-0.187234	-0.21051	0.054428	
176	-166.352	93.3836	-266.945	-0.23451	-0.0446758	-0.0351508	
177	-197.498	105.155	-252.549	-0.303082	-0.0316287	0.0339721	
178	-186.235	60.9273	-216.205	-0.21365	-0.0619566	-0.0386105	
179	-188.143	89.524	-286.152	-0.368199	-0.0440597	-0.0629226	
180	-220.26	48.6538	-233.943	-0.343991	-0.0429624	0.0230962	
181	-200.626	2.95248	-252.477	-0.22919	-0.00666298	-0.122318	
182	-196.836	38.3666	-235.377	-0.323386	-0.0853956	-0.021244	
183	-198.111	3.74135	-199.499	-0.223457	-0.0521824	0.0119421	
184	-194.562	-24.5231	-241.74	-0.0965628	-0.0329713	-0.078851	
185	-227.725	-30.4278	-174.164	-0.105112	-0.170453	0.0673193	
186	-217.001	-43.054	-222.113	-0.0208036	-0.105788	-0.0182195	
187	-191.033	-11.7791	-211.063	0.0891013	-0.129169	-0.0155492	
188	-194.111	-8.71219	-88.0914	0.093086	-0.207256	0.0774244	
189	-171.102	-8.79608	-210.126	0.0474682	-0.152102	-0.0550285	
190	-144.029	5.24805	-187.749	0.136388	-0.265532	-0.0306177	
191	-143.005	19.5409	-115.82	0.136127	-0.185148	-0.0299541	
192	-130.724	45.9783	-205.28	0.0291197	-0.1387	-0.00713388	
193	-82.9215	32.4761	-103.756	0.172119	-0.35126	0.0589916	
194	-64.7621	53.8511	-85.6745	0.127869	-0.149463	-0.0594588	
195	-69.9047	81.0131	-97.5913	-0.0526598	-0.129511	-0.0477208	
196	-32.9784	51.0788	-1.58972	0.0631494	-0.379584	-0.0282466	
197	-24.9075	67.9825	-53.9823	-0.00458957	-0.150382	-0.0524616	
198	-25.7351	66.4691	5.60329	-0.067312	-0.12396	-0.0291673	
199	24.4265	47.3503	23.7782	0.0325992	-0.255532	-0.0805046	
200	46.9479	65.9537	-61.5169	-0.143713	-0.0865432	-0.0770161	
201	38.0639	44.4553	60.08	-0.124658	-0.105356	-0.127053	
202	33.2464	33.8646	65.7516	0.00594112	-0.152962	-0.0990013	
203	44.1271	15.1175	25.0387	-0.156165	-0.14254	-0.023616	
204	59.172	-16.7459	83.852	-0.0903539	-0.191292	-0.115089	
205	58.6451	4.56704	56.3469	-0.00999012	-0.161859	-0.0568547	
206	80.4521	-16.4021	88.6414	-0.152956	-0.195786	-0.107716	
207	86.0573	-40.5928	97.0131	-0.0622837	-0.16799	-0.168874	
208	79.6376	-39.3378	113.844	0.00414175	-0.21796	-0.00646021	
209	112.334	-70.2973	174.981	-0.0869633	-0.34852	-0.135527	
210	130.807	-49.4482	101.885	0.0363509	-0.205513	-0.122566	
211	163.519	-33.0453	135.735	0.124935	-0.24896	0.0118742	
212	178.452	-59.8538	178.533	-0.02749	-0.318661	-0.119862	
213	152.359	-50.1527	148.123	-0.018583	-0.134274	-0.036655	
214	199.37	-50.7962	251.575	0.107959	-0.262254	-0.0434858	
215	209.315	-52.0531	233.907	0.0167186	-0.309836	-0.0502539	
216	185.434	-29.9914	201.278	0.0015105	-0.17231	0.0385463	
217	248.33	-28.5299	261.977	0.0672494	-0.266283	-0.160399	
218	243.395	-30.5613	200.184	-0.0877378	-0.148647	-0.0276884	
219	213.703	-19.9949	238.845	-0.0845591	-0.0231797	0.0373004	
220	251.518	-13.7114	296.963	-0.0118334	-0.161028	-0.162747	
221	239.764	-27.8731	236.17	-0.206897	-0.12268	0.0141106	
222	209.095	-27.1383	262.864	-0.163349	-0.0259829	-0.0507461	
223	199.283	-10.7214	253.747	-0.0683235	-0.0431186	-0.0931425	
224	201.933	-32.2896	220.465	-0.335581	-0.05178	0.0827392	
225	194.04	-44.0204	245.283	-0.345374	-0.0170641	-0.102327	
226	144.572	-45.3249	224.619	-0.200292	-0.0225491	-0.0624146	
227	144.196	-79.6629	239.886	-0.358554	-0.144819	0.0227178	
228	168.85	-81.8606	232.394	-0.346784	-0.170978	-0.10453	
229	148.298	-63.7415	171.614	-0.205634	-0.122723	0.0259069	
230	154.927	-83.3171	188.816	-0.324093	-0.156847	0.0125166	
231	179.12	-105.095	214.644	-0.373774	-0.171066	-0.0816186	
232	165.013	-105.166	221.343	-0.245873	-0.198771	0.000264468	
233	132.787	-101.72	238.141	-0.222163	-0.207568	0.0256169	
234	150.076	-99.6606	234.983	-0.241229	-0.193985	0.0430022	
235	195.692	-89.9774	208.046	-0.164863	-0.240354	-0.015708	
236	168.973	-78.6587	175.463	-0.150516	-0.21989	0.00838909	
237	164.005	-68.4257	190.711	-0.210478	-0.18915	0.0745581	
238	203.786	-58.0765	175.796	-0.188268	-0.2123	-0.00903778	
239	179.096	-41.105	118.902	-0.222268	-0.180199	0.0454692	
240	184.349	-10.6209	159.737	-0.259903	-0.144077	0.0794474	
241	211.286	-10.5104	139.501	-0.234607	-0.115132	0.044939	
242	178.335	-25.2146	51.8401	-0.382622	-0.0144735	0.0589423	
243	146.037	-1.98412	139.735	-0.422806	0.0593667	0.0345885	
244	117.323	8.36014	159.204	-0.34526	0.00349929	0.0703457	
245	87.3327	-8.97158	55.968	-0.472333	-0.00914753	0.0206256	
246	57.8974	-17.1506	111.124	-0.419148	0.0470498	0.0264728	
247	29.4836	-8.89164	99.1654	-0.300018	0.0201098	0.0937221	
248	13.8405	9.88853	-21.3177	-0.420634	0.00481759	0.01586	
249	-3.642	-1.43001	-12.6693	-0.423924	-0.0105964	0.0747922	
250	-30.1406	-16.7449	-7.52138	-0.3893	0.00927447	0.0408586	
251	-76.3367	6.41497	-35.009	-0.397088	0.0423465	-0.00595831	
252	-84.6331	14.6645	-57.3862	-0.354434	-0.0913944	0.15185	
253	-90.1419	0.327808	-85.6195	-0.362557	-0.0419813	0.0401027	
254	-151.918	8.32967	-54.064	-0.2981	-0.00971741	0.0133698	
255	-127.097	25.4019	-100.32	-0.322288	-0.270301	0.124423	
256	-109.38	19.6171	-144.759	-0.383168	-0.19187	0.000903349	
257	-175.542	30.2444	-84.6053	-0.2275	-0.121061	0.0590772	
258	-112.586	58.5557	-125.079	-0.242741	-0.283835	0.109642	
259	-68.256	46.1948	-146.107	-0.302121	-0.183283	0.0268162	
260	-130.152	59.1646	-127.998	-0.202589	-0.155656	0.0923858	
261	-100.218	89.1226	-178.271	-0.288702	-0.0992959	0.100544	
262	-87.7261	74.3007	-138.522	-0.337698	-0.0566241	0.0484362	
263	-120.76	104.349	-130.239	-0.261671	-0.251443	0.0172963	
264	-107.516	115.936	-181.428	-0.286471	-0.0937261	0.104117	
265	-109.519	70.7927	-165.447	-0.298072	-0.00970209	0.149163	
266	-96.4867	96.5412	-183.899	-0.300325	-0.157649	-0.0243921	
267	-97.9929	124.764	-211.764	-0.324616	0.0427843	0.0601372	
268	-146.817	104.072	-238.849	-0.332877	0.142813	0.160938	
269	-149.373	87.5108	-236.668	-0.336378	0.11225	-0.0252295	
270	-158.074	80.8141	-182.143	-0.326862	0.119296	0.0351525	
271	-220.941	91.3001	-226.983	-0.297936	0.0646632	0.122898	
272	-242.561	77.7149	-265.54	-0.254958	0.0971986	0.0165056	
273	-237.101	61.676	-213.442	-0.259562	-0.0196959	0.0570297	
274	-270.384	56.4327	-224.546	-0.231182	-0.0641552	0.0735229	
275	-272.612	40.5315	-272.803	-0.182368	-0.00603561	0.0129679	
276	-241.11	62.3131	-269.962	-0.199525	-0.166665	0.0272559	
277	-274.813	48.8905	-255.469	-0.135132	-0.0953758	0.0330126	
278	-292.423	15.8645	-268.294	-0.0956174	-0.0407093	0.0349817	
279	-244.612	49.7793	-258.993	-0.138151	-0.208337	-0.00717688	
280	-249.236	56.3512	-263.372	-0.156046	-0.183705	-0.0340893	
281	-254.829	42.233	-265.416	-0.159968	-0.218721	0.0263781	
282	-207.183	30.6233	-173.705	-0.0526078	-0.257331	0.0121295	
283	-182.434	13.7731	-182.447	-0.0993794	-0.246737	-0.0462597	
284	-169.734	27.9073	-209.549	-0.175745	-0.285096	-0.0465037	
285	-153.75	18.0117	-117.35	0.0427152	-0.188399	-0.0102476	
286	-123.434	19.1657	-184.382	-0.0496402	-0.200478	-0.0110742	
287	-97.0211	12.8771	-214.419	-0.170641	-0.180958	-0.0698152	
288	-116.754	-26.3499	-128.998	0.0348723	-0.0998856	-0.0673791	
289	-107.134	9.16229	-168.126	-0.1477	-0.162579	-0.0621765	
290	-70.7174	5.92127	-125.431	-0.214181	-0.0551037	-0.051546	
291	-67.082	-39.8884	-112.446	0.0452174	-0.0652266	-0.0122842	
292	-74.633	-23.468	-155.086	-0.106227	-0.107253	-0.10461	
293	-93.4345	-41.6375	-52.5227	-0.15571	0.04131	-0.0990618	
294	-79.0249	-46.7208	-84.1737	0.0202041	-0.124337	0.00333852	
295	-55.6003	-45.8988	-127.88	-0.0869988	-0.158272	-0.0859113	
296	-87.5137	-74.7335	-41.7727	-0.0589668	-0.054552	-0.0693229	
297	-75.4718	-48.7863	-70.3198	0.14947	-0.203949	0.00289177	
298	-41.7418	-53.0724	-71.8523	0.0573517	-0.100563	-0.0692191	
299	-55.7435	-64.087	-18.8385	-0.0239944	-0.114324	-0.00431058	
300	-34.49	-38.631	-25.0991	0.187995	-0.293307	-0.0449948	
301	-20.5594	-39.4144	-21.8331	0.146422	-0.152827	-0.11213	
302	-20.8162	-21.282	17.5304	0.0152448	-0.162578	0.0428533	
303	21.096	-16.118	79.0959	0.247758	-0.282167	-0.0941605	
304	29.0558	-2.78436	60.6555	0.177228	-0.317047	-0.130101	
305	47.7406	18.6731	65.2708	-0.00973309	-0.294267	0.0702758	
306	91.6862	-5.80218	125.672	0.209426	-0.176548	-0.11088	
307	95.4475	22.9082	77.1587	0.101757	-0.310107	-0.113505	
308	116.752	33.2641	98.1455	-0.141116	-0.324702	-0.0129307	
309	123.74	11.9047	151.972	-0.0131422	-0.108214	-0.142555	
310	137.594	34.4968	102.753	-0.0542413	-0.205655	-0.0479864	
311	190.692	-3.69279	128.029	-0.246496	-0.268526	-0.0896158	
312	162.372	-15.9809	176.953	-0.222773	-0.154152	-0.149749	
313	150.099	-5.31983	190.034	-0.184541	-0.12026	0.00154951	
314	216.281	-69.0547	201.687	-0.312188	-0.167268	-0.0669748	
315	207.944	-85.6001	228.276	-0.257733	-0.174711	-0.129353	
316	163.437	-91.3936	264.585	-0.0500494	-0.045226	-0.107623	
317	165.631	-110.458	211.412	-0.169975	-0.172004	-0.0212195	
318	191.896	-111.036	204.742	-0.205125	-0.225164	-0.0389911	
319	199.419	-128.23	241.1	-0.0504538	0.0174892	-0.194534	
320	180.684	-112.426	205.467	-0.143492	-0.169118	0.0242413	
321	191.766	-123.371	230.131	-0.100646	-0.186837	0.0111143	
322	180.215	-128.738	220.919	-0.00869487	0.000427298	-0.137063	
323	152.637	-92.3919	192.368	-0.0766729	-0.301953	0.127882	
324	185.351	-113.121	239.225	-0.0243021	-0.23332	-0.0382258	
325	193.917	-80.3539	218.945	-0.065388	-0.0853615	-0.099266	
326	184.503	-44.3584	223.54	-0.072771	-0.325497	0.161091	
327	192.386	-74.164	272.633	-0.000850108	-0.211141	-0.0456224	
328	197.801	-32.5581	265.341	-0.119915	-0.194068	-0.0284637	
329	236.808	-11.5399	253.362	-0.128105	-0.282287	0.0338801	
330	238.081	-15.3525	259.335	-0.0849398	-0.145972	-0.0484565	
331	220.588	6.20932	261.04	-0.151967	-0.173038	0.0966839	
332	231.821	13.6825	199.377	-0.183573	-0.0993482	-0.0664459	
333	190.211	58.3945	214.496	-0.233692	-0.0921867	-0.0349806	
334	186.598	38.5851	275.621	-0.278623	-0.159648	0.0817305	
335	211.359	13.7244	193.212	-0.345144	-0.00828661	-0.129306	
336	157.386	61.3496	189.794	-0.374766	-0.0726809	0.0518235	
337	134.154	19.9989	203.097	-0.368249	-0.0905373	0.0199069	
338	136.513	20.3011	133.762	-0.448317	-0.0794722	-0.12978	
339	123.197	51.3837	143.501	-0.445045	-0.151286	0.0841689	
340	129.622	-19.0894	109.563	-0.448649	0.0192958	-0.0364891	
341	106.353	-0.94388	135.755	-0.43729	-0.125596	-0.0362955	
342	78.6036	25.1756	152.142	-0.354523	-0.169332	0.100256	
343	68.2641	-29.443	57.3807	-0.438652	0.0193443	-0.0115796	
344	54.9356	-18.3761	129.632	-0.36308	-0.276173	0.0202601	
345	51.3581	-2.64629	81.5205	-0.286633	-0.213236	0.0291515	
346	53.2422	-10.534	-18.9204	-0.438067	-0.0582153	0.052247	
347	58.1	-8.57641	93.6912	-0.256349	-0.279861	0.0886764	
348	38.3621	-2.60167	39.2335	-0.165568	-0.124816	0.0317908	
349	38.8215	26.3552	-6.16787	-0.349585	-0.113345	0.0671978	
350	62.5231	37.2669	29.1605	-0.224227	-0.167094	0.081022	
351	34.8515	43.2579	-10.0486	-0.161076	-0.0277975	0.14073	
352	28.7872	60.1008	22.571	-0.325806	-0.119088	0.0942491	
353	26.7317	72.1143	-36.5615	-0.337439	-0.0329936	0.0394146	
354	-10.7424	90.2726	-36.1455	-0.233783	0.0112267	0.180204	
355	-15.0517	92.36	-19.1153	-0.312115	0.0225668	0.0530146	
356	-40.1619	100.896	-127.647	-0.40459	0.0972899	0.0557231	
357	-69.3005	110.31	-69.7124	-0.269113	-0.0881644	0.18484	
358	-74.41	97.4391	-123.02	-0.404637	0.0847684	0.00249114	
359	-100.093	104.071	-189.817	-0.525795	0.105941	0.0696671	
360	-116.024	103.34	-115.215	-0.384788	-0.0851958	0.0828622	
361	-142.059	79.8746	-181.015	-0.55467	0.205207	0.00877893	
362	-157.494	70.2268	-122.797	-0.474549	0.0336596	0.165234	
363	-174.41	58.3743	-163.254	-0.328666	-0.0907559	0.0268651	
364	-222.258	30.291	-251.424	-0.517728	0.122789	0.00587766	
365	-208.329	25.9198	-116.997	-0.267965	-0.122583	0.100493	
366	-211.507	46.7236	-253.191	-0.230961	-0.0794404	0.00746468	
367	-234.172	26.0594	-263.89	-0.418095	-0.0760866	0.0977841	
368	-188.074	16.4156	-146.27	-0.130653	-0.183323	0.010092	
369	-205.253	49.0533	-315.31	-0.184944	-0.024128	1.88967e-05	
370	-216.148	29.9914	-257.348	-0.326727	-0.24649	0.112785	
371	-180.104	19.5492	-242.811	-0.17736	-0.119651	-0.0515592	
372	-222.499	30.1659	-306.199	-0.206345	-0.00188674	0.085107	
373	-199.625	2.66199	-183.547	-0.178578	-0.324333	0.0893131	
374	-146.592	20.9939	-258.521	-0.156797	-0.116314	-0.0944428	
375	-194.799	32.2938	-246.133	-0.164286	-0.131125	0.114979	
376	-189.099	-3.64738	-194.699	-0.128334	-0.185377	0.0767085	
377	-136.947	10.4281	-254.199	-0.19805	0.00907591	-0.0612995	
378	-157.844	27.6557	-203.541	-0.172625	-0.168664	0.0253793	
379	-188.111	10.1376	-280.93	-0.168789	0.0515448	0.0680833	
380	-160.417	-3.88804	-241.113	-0.169661	0.149385	-0.00152423	
381	-184.681	-3.03076	-166.972	-0.154038	-0.0326169	-0.133651	
382	-264.068	-6.41245	-272.792	-0.202419	0.105394	0.0476055	
383	-243.939	-33.2036	-196.96	-0.056156	-0.0525219	0.0660528	
384	-238.664	-23.2746	-221.81	-0.0804648	-0.0586153	-0.117336	
385	-261.483	-17.9899	-259.714	-0.152489	-0.124724	0.0719627	
386	-209.926	-59.9129	-180.472	-0.0071265	-0.258053	-0.00180052	
387	-231.427	-38.2028	-253.09	-0.157288	0.0643146	-0.096792	
388	-239.253	-19.0122	-184.571	-0.127872	-0.222495	0.0493904	
389	-192.281	-67.0247	-181.332	0.0552551	-0.29108	-0.0595337	
390	-218.904	-64.5548	-212.659	-0.0893321	0.000844739	-0.0413664	
391	-193.502	-41.4098	-75.9311	0.0074156	-0.372215	-0.0393056	
392	-158.992	-52.7594	-159.275	0.0843108	-0.25946	-0.102531	
393	-162.468	-53.5254	-92.1741	0.0277221	-0.258615	-0.0174123	
394	-96.4821	-47.8769	2.8213	0.157321	-0.54871	-0.0533823	
395	-40.5235	-37.8275	-148.52	0.0800639	-0.266768	-0.0148564	
396	-15.3725	-17.856	-27.3562	0.0416563	-0.351555	-0.060765	
397	11.1077	-7.40401	-5.92278	0.0790993	-0.280178	-0.0814999	
398	44.1016	-14.8735	-97.6789	-0.00517041	-0.134545	0.0111716	
399	61.7122	-22.3082	21.8395	0.0455314	-0.31257	-0.152321	
400	45.8191	-13.6928	16.6486	-0.0252235	-0.0105182	-0.0301639	
401	90.9777	-21.0049	56.8253	-0.0640136	-0.165611	-0.00800836	
402	88.201	-28.8339	85.2619	0.0321558	-0.314653	-0.221574	
403	48.6118	-5.08171	43.073	-0.0564975	0.0405694	0.0180531	
404	131.583	-23.7365	126.69	-0.0624448	-0.155727	-0.0451711	
405	128.208	-58.9975	86.4762	-0.0609062	-0.116528	-0.124926	
406	82.1172	-27.6746	91.294	-0.0825799	0.0108134	0.0618727	
407	121.828	-29.8433	121.215	-0.0421261	-0.103729	-0.145757	
408	73.4059	-69.5904	59.4086	-0.123301	0.0535071	-0.104561	
409	56.6742	-49.8854	139.783	-0.0196166	-0.0765255	-0.000505065	
410	94.1313	-55.8482	133.574	0.0424918	-0.15586	-0.116015	
411	61.5014	-75.5145	141.891	-0.0822084	-0.154724	-0.0484557	
412	70.3438	-27.4765	183.624	0.0133728	-0.208741	-0.0751338	
413	99.5676	-37.2221	134.928	0.021528	-0.10241	-0.0153632	
414	107.727	-78.8424	244.996	-0.00807011	-0.35756	-0.0668477	
415	109.849	-23.2708	170.889	0.0670913	-0.275458	-0.127117	
416	122.342	-1.57913	108.058	-0.00376402	-0.117562	0.103156	
417	165.935	-40.9094	276.756	-0.0421007	-0.440511	-0.108057	
418	159.869	-16.759	167.733	-0.0617196	-0.277602	-0.130676	
419	187.259	-0.306846	186.191	-0.0730559	-0.256072	0.0746232	
420	235.47	-13.1368	299.713	-0.0932476	-0.308183	-0.175657	
421	209.809	9.81323	200.21	-0.16877	-0.0886488	-0.0413648	
422	253.467	-0.488701	299.68	-0.119371	-0.318634	0.0114564	
423	262.562	-16.2312	299.598	-0.212677	-0.212776	-0.165446	
424	211.181	9.03371	219.864	-0.247911	-0.0461729	0.0701328	
425	271.885	-9.87547	295.916	-0.0961335	-0.204144	-0.00974147	
426	274.164	-5.60666	232.834	-0.277103	-0.10752	-0.0953869	
427	220.09	26.341	231.764	-0.284057	-0.163721	0.0343604	
428	245.689	-21.4159	244.929	-0.129762	-0.0199926	-0.0542077	
429	240.696	-18.8686	187.118	-0.354813	-0.0045294	-0.0329317	
430	211.502	21.7876	234.609	-0.305755	-0.237062	-0.0230586	
431	207.951	-12.488	215.004	-0.155611	0.0982152	-0.00239287	
432	191.673	-7.79095	221.54	-0.34964	-0.0124277	-0.00499515	
433	166.29	4.56582	232.041	-0.293723	-0.252119	-0.0392815	
434	162.044	-13.7908	185.741	-0.114371	-0.0436947	0.120249	
435	154.225	2.44668	233.511	-0.185018	-0.197565	0.023562	
436	129.02	23.6985	196.249	-0.219476	-0.176039	-0.0218918	
437	149.51	56.792	169.261	-0.117138	-0.165273	0.102746	
438	146.052	42.2727	180.73	-0.129924	-0.240689	0.0150356	
439	115.22	31.6382	93.5776	-0.262264	-0.0861719	0.0375952	
440	157.489	102.608	136.045	-0.228323	-0.26355	-0.0415721	
441	145.194	88.9815	163.031	-0.201164	-0.185108	-0.0160123	
442	101.296	66.8264	94.0326	-0.320541	-0.0880097	0.13881	
443	134.008	97.6174	110.902	-0.350677	-0.239137	-0.0716825	
444	130.505	79.2508	105.344	-0.39703	-0.0683315	0.00324695	
445	101.985	108.612	100.058	-0.418976	-0.138422	0.103987	
446	76.3291	89.3483	83.3896	-0.40895	-0.0704101	-0.0381346	
447	58.8745	24.5817	56.9111	-0.52825	0.000123756	0.0525923	
448	69.5362	69.1267	71.646	-0.494999	-0.205634	-0.0549098	
449	35.1926	52.6183	17.2387	-0.434162	0.070317	-0.00121233	
450	37.9988	3.67722	-8.26834	-0.53454	-0.0450457	0.144184	
451	45.3806	16.1957	-17.7766	-0.508801	-0.136323	-0.0736549	
452	-32.8148	-10.4159	-31.4064	-0.478343	0.22907	0.0472419	
453	-43.2724	-26.0923	-17.7664	-0.486943	-0.0566915	0.112203	
454	-44.1818	-28.7515	-115.177	-0.395065	-0.0992878	-0.0148468	
455	-92.3492	-30.2769	-104.424	-0.338756	0.0547014	0.121028	
456	-90.8864	-36.1012	-66.5941	-0.337697	-0.0700471	0.0800289	
457	-103.337	-61.7752	-174.999	-0.356323	-0.00763961	0.0266237	
458	-118.653	-26.8315	-119.079	-0.308627	-0.164382	0.0685685	
459	-116.956	-13.2287	-113.628	-0.212205	0.0189555	0.0926495	
460	-130.681	-28.138	-173.472	-0.202245	0.0601836	0.159585	
461	-134.938	-1.57482	-110.703	-0.199686	-0.332163	0.0965696	
462	-144.122	-3.4913	-191.017	-0.189273	0.0127817	0.113473	
463	-147.546	19.1395	-195.884	-0.169594	0.00877947	0.107673	
464	-161.237	39.198	-157.857	-0.199798	-0.198824	0.0947789	
465	-159.843	30.2492	-226.102	-0.249717	0.0325795	0.17764	
466	-138.02	58.5148	-159.03	-0.164444	-0.170546	0.0208383	
467	-182.966	56.2244	-216.587	-0.265286	-0.0316106	0.0689717	
468	-177.209	72.5816	-261.519	-0.387492	0.0796927	0.140818	
469	-143.97	77.3951	-172.242	-0.245649	-0.135041	-0.0425122	
470	-211.866	24.9347	-278.454	-0.364465	0.0750533	0.0954248	
471	-210.091	39.6396	-250.448	-0.447	-0.0289227	0.0558849	
472	-187.397	35.0565	-157.165	-0.250201	-0.025654	-0.0620064	
473	-250.344	9.5206	-232.025	-0.323894	0.0281018	0.102948	
474	-235.803	3.92499	-229.911	-0.344164	-0.170802	-0.00662345	
475	-201.959	-32.7313	-262.916	-0.231926	0.0871865	-0.00731504	
476	-256.929	-11.8603	-258.206	-0.315594	-0.0923485	0.0559221	
477	-280.151	-26.2219	-236.28	-0.278269	-0.192582	-0.0624823	
478	-231.653	-64.4389	-296.11	-0.193838	0.0884121	0.0319558	
479	-228.01	-44.0226	-218.178	-0.214691	-0.241454	0.00516154	
480	-254.164	-78.5215	-239.57	-0.126258	-0.162331	-0.0350097	
481	-208.025	-58.6922	-279.478	-0.036424	-0.0978297	0.0564126	
482	-199.389	-38.5322	-170.44	-0.081287	-0.297484	-0.0397538	
483	-237.312	-73.7467	-216.257	-0.0640895	-0.0540935	-0.0060649	
484	-186.919	-23.1944	-196.056	0.10629	-0.281254	0.0685293	
485	-150.677	-44.6676	-135.457	0.094227	-0.294906	-0.0303741	
486	-160.225	-44.2715	-213.993	-0.00408043	-0.114283	-0.0174948	
487	-125.493	32.9904	-175.388	0.130956	-0.330839	0.0377548	
488	-93.57	-13.6789	-163.609	0.0721206	-0.0339336	-0.0496773	
489	-96.9691	8.6275	-170	-0.081665	-0.0433726	-0.072928	
490	-110.103	49.6553	-107.077	0.0700476	-0.169891	0.093236	
491	-95.7923	1.59464	-137.906	0.071463	0.072893	0.0145607	
492	-90.7259	40.8511	-107.436	-0.0857577	-0.132011	-0.164574	
493	-125.159	45.5374	-60.6433	-0.0809045	-0.0492324	-0.00245424	
494	-117.518	11.996	-87.6327	-0.0440363	-0.0120258	-0.0229618	
495	-90.422	23.5306	-78.8428	-0.0289083	-0.205883	-0.15497	
496	-85.1828	19.0141	-52.9166	-0.0536983	-0.0482718	-0.0202314	
497	-77.5462	19.7149	-35.345	-0.0854019	-0.199685	-0.0544704	
498	-78.3266	-11.2335	-89.5021	-0.0859567	-0.104212	-0.133476	
499	-63.6364	-12.662	-65.3852	-0.0781608	-0.0239338	-0.0329556	
500	-55.863	0.776446	-12.3826	-0.0841634	-0.266388	-0.04615	
501	-71.9693	-46.4673	-53.5104	-0.100546	-0.0325737	-0.134224	
502	-59.766	-38.5296	59.0349	-0.0158066	-0.297627	-0.101585	
503	-20.2248	-41.7563	41.5276	-0.0286623	-0.482863	-0.0573208	
504	23.6497	-66.7597	-32.9906	-0.079204	-0.142045	-0.129556	
505	36.1703	-46.8025	141.424	0.0661542	-0.440252	-0.0793409	
506	65.2161	-70.5085	62.7394	0.0178794	-0.365146	-0.0169935	
507	135.18	-76.5225	25.664	-0.0458517	-0.134147	-0.162035	
508	121.074	-57.377	214.386	0.070282	-0.396214	-0.0698559	
509	113.448	-60.9049	116.213	-0.0198922	-0.25743	0.0505264	
510	192.656	-74.1592	117.579	-0.00137946	-0.174004	-0.14362	
511	184.336	-77.6306	227.761	0.12055	-0.208535	-0.102552	
512	153.026	-19.3507	156.698	0.0380738	-0.156563	0.0392349	
513	201.475	-41.6355	168.228	-0.00189918	-0.18464	-0.0825485	
514	210.971	-72.3567	193.137	-0.0629477	-0.143591	-0.146069	
515	197.298	4.12883	213.333	-0.0959572	-0.237217	-0.0204239	
516	217.161	-40.9784	202.251	-0.0814522	-0.0745972	0.0713209	
517	221.363	-63.3738	159.445	-0.183516	-0.011054	-0.113851	
518	186.817	-11.496	239.283	-0.154522	-0.168571	-0.126271	
519	168.921	-70.2328	196.691	-0.153446	0.126789	0.114991	
520	189.229	-51.915	188.729	-0.198543	-0.0914751	-0.092594	
521	151.979	-21.1514	311.119	-0.0612307	-0.280659	-0.137448	
522	115.077	-51.2886	226.345	-0.0855852	0.0738456	0.125979	
523	169.306	-22.2215	216.024	-0.130433	-0.258437	-0.0635417	
524	182.115	-21.1356	299.849	-0.042747	-0.345804	-0.0880962	
525	156.814	3.10348	217.549	-0.087039	-0.130691	0.0102648	
526	182.066	16.2599	173.735	-0.109865	-0.290501	-0.0696862	
527	205.696	-0.37267	218.518	-0.101307	-0.171659	0.0758941	
528	201.562	47.1528	255.525	-0.0928371	-0.258143	-0.0509892	
529	183.096	40.209	206.661	-0.083922	-0.300955	-0.121962	
530	203.419	60.3885	203.11	-0.166004	-0.159188	0.119399	
531	241.849	89.1182	293.697	-0.17031	-0.378767	-0.0304453	
532	234.804	47.8641	237.987	-0.200577	-0.303552	-0.0597944	
533	254.133	110.209	219.156	-0.286446	-0.226143	0.0455388	
534	275.419	113.7	235.046	-0.319235	-0.207425	-0.0559933	
535	256.397	49.4247	184.96	-0.377422	-0.0447784	0.0443418	
536	261.867	89.9236	252.202	-0.303417	-0.211536	0.0401087	
537	247.462	88.6521	188.636	-0.301808	-0.0750926	-0.0457928	
538	215.375	77.1798	143.099	-0.424505	0.048427	0.0405285	
539	211.353	74.3984	234.785	-0.373871	-0.123032	0.0290909	
540	188.935	44.7917	143.798	-0.381555	0.065246	0.0228644	
541	161.15	58.8354	171.681	-0.372853	0.0791012	0.0164878	
542	130.632	53.2283	196.303	-0.333286	0.0324575	0.0147087	
543	92.6125	55.4029	72.0184	-0.381495	0.0547956	0.0654391	
544	79.7535	56.7136	105.782	-0.291335	-0.035798	0.0167781	
545	43.9098	34.2265	31.6884	-0.354653	0.0861535	0.0638062	
546	-3.5604	49.6808	-1.63797	-0.426067	-0.0572234	0.0851108	
547	-12.5146	36.6637	63.7124	-0.302477	-0.150954	0.0132156	
548	-18.2358	38.4645	-34.5721	-0.370545	-0.0553311	0.116796	
549	-24.6026	52.751	7.73469	-0.357923	-0.217375	0.0921506	
550	-34.0327	24.5748	14.1676	-0.342784	-0.0902187	-0.0138839	
551	-37.3439	28.8447	-34.3893	-0.417672	-0.131043	0.0739275	
552	-16.8941	30.7914	42.8281	-0.28857	-0.259734	0.0809585	
553	-31.4541	43.2593	-33.6367	-0.349434	-0.0337222	0.0389753	
554	-47.5936	40.0117	-38.8145	-0.352201	-0.205543	0.0794008	
555	-16.8325	16.1051	-18.9355	-0.172226	-0.183058	0.0495123	
556	-37.3039	64.613	-93.5719	-0.323417	-0.011601	0.00729233	
557	-77.4807	46.7858	-56.694	-0.387829	-0.208084	0.0749623	
558	-43.6459	20.4979	-136.605	-0.293238	-0.0654671	0.0902563	
559	-35.534	51.9142	-144.385	-0.370161	-0.0161033	-0.0144505	
560	-79.6488	12.0754	-84.4014	-0.455987	-0.0598419	-0.00525736	
561	-94.7755	29.9542	-199.915	-0.438956	0.0793275	0.0502998	
562	-109.48	22.4448	-159.285	-0.363419	-0.0318559	0.029277	
563	-120.492	-45.8429	-144.035	-0.473596	-0.00262021	0.0603222	
564	-116.257	-10.5641	-210.961	-0.477031	0.0335728	0.0326254	
565	-161.625	-28.3024	-174.744	-0.299746	-0.00550764	0.0497742	
566	-190.053	-52.7068	-209.225	-0.420023	0.0437507	0.0970281	
567	-181.081	-41.1828	-175.106	-0.343935	-0.0293117	-0.051367	
568	-232.466	-81.9756	-213.811	-0.16674	0.0756122	0.0648095	
569	-238.999	-55.4524	-297.236	-0.292404	-0.0224237	0.150187	
570	-209.67	-55.5299	-193.949	-0.143925	-0.170769	-0.0910411	
571	-266.791	-65.2621	-255.24	-0.0768897	0.0366078	0.106191	
572	-258.794	-26.7477	-297.985	-0.204693	-0.103826	0.150166	
573	-222.847	-57.0416	-207.722	-0.0192624	-0.135028	-0.0830882	
574	-270.752	-33.4124	-265.132	-0.0243363	-0.0295784	0.154489	
575	-255.102	-11.5299	-286.593	-0.18794	-0.191779	0.0772873	
576	-240.911	-27.6803	-268.248	-0.106107	-0.0847957	-0.0581199	
577	-269.155	12.9243	-235.95	-0.0746725	-0.126047	0.107347	
578	-231.452	-11.0549	-244.731	-0.194312	-0.164755	-0.0756786	
579	-217.006	-8.74132	-289.272	-0.211533	-0.0556404	0.0462043	
580	-222.462	-7.63423	-171.722	-0.0980165	-0.234513	0.133434	
581	-210.971	-53.0617	-208.874	-0.194129	-0.0846411	-0.18942	
582	-221.549	9.38633	-273.81	-0.2743	-0.0061455	0.0589076	
583	-198.808	-20.6023	-136.912	-0.123519	-0.152352	0.15394	
584	-183.322	-77.5644	-211.031	-0.213697	-0.0384439	-0.180102	
585	-202.16	-25.5485	-274.33	-0.27493	-0.130788	-0.0239733	
586	-189.622	-79.2405	-172.953	-0.180502	-0.0715519	0.11892	
587	-163.48	-99.4209	-182.726	-0.241898	-0.0359582	-0.0604315	
588	-159.04	-66.0629	-210.614	-0.128582	-0.139957	-0.0840217	
589	-167.953	-104.219	-188.757	-0.0423713	0.1306	0.0436421	
590	-149.069	-105.13	-114.901	-0.112741	-0.0963013	0.00366861	
591	-156.633	-107.53	-128.118	-0.00962521	-0.289807	-0.0877816	
592	-184.332	-97.1905	-153.397	0.0222456	0.00556988	0.0446609	
593	-116.988	-84.7121	-54.6788	0.0306228	-0.233553	-0.0190498	
594	-96.8714	-95.3466	-133.063	0.112792	-0.271717	-0.095254	
595	-123.631	-61.0448	-140.594	0.121052	-0.0817633	0.0907255	
596	-47.4427	-67.7951	-15.0108	0.1512	-0.306411	-0.0577866	
597	-36.7426	-42.7446	-119.321	0.109572	-0.284989	-0.0787085	
598	-48.4244	-3.82492	-80.7475	0.0694891	-0.137336	0.102823	
599	18.0794	-43.2849	31.4629	0.111347	-0.194313	-0.109979	
